731218
1 4
2 3
3 1
4 1
5 0
6 0
7 4
8 6
9 6
10 0
11 7
12 5
13 0
14 0
15 2
16 8
17 7
18 0
19 8
20 0
1 4
2 4
3 4
4 5
5 4
6 6
7 3
8 3
9 7
10 4
11 2
12 5
13 5
14 2
15 3
16 8
17 2
18 3
19 2
20 3
21 4
22 3
23 5
24 4
25 3
26 7
27 6
28 6
29 2
30 4
31 4
32 4
33 1
34 1
35 2
36 3
37 3
38 4
39 4
40 5
41 3
42 1
43 4
44 2
45 3
46 1
47 1
48 3
49 1
50 3
51 7
52 2
53 1
54 5
55 5
56 2
57 3
58 5
59 1
60 1
61 6
62 7
63 5
64 6
65 3
66 2
67 1
68 3
69 1
70 2
71 4
72 1
73 2
74 2
75 4
76 8
77 6
78 7
79 7
80 1
81 2
82 1
83 1
84 1
85 2
86 4
87 7
88 1
89 7
90 2
91 2
92 3
93 6
94 2
95 3
96 8
97 2
98 2
99 4
100 4
101 4
102 1
103 1
104 2
105 6
106 6
107 1
108 3
109 6
110 4
111 5
112 2
113 3
114 5
115 1
116 4
117 3
118 4
119 3
120 1
121 8
122 3
123 3
124 5
125 3
126 8
127 4
128 4
129 3
130 5
131 5
132 4
133 2
134 1
135 6
136 1
137 5
138 2
139 1
140 1
141 5
142 3
143 4
144 4
145 7
146 2
147 2
148 1
149 5
150 6
151 5
152 6
153 3
154 1
155 5
156 4
157 1
158 4
159 1
160 3
161 7
162 2
163 1
164 6
165 3
166 1
167 6
168 2
169 5
170 1
171 4
172 3
173 3
174 8
175 4
176 4
177 1
178 3
179 1
180 5
181 4
182 4
183 1
184 4
185 2
186 4
187 7
188 2
189 6
190 8
191 3
192 5
193 5
194 6
195 1
196 3
197 3
198 1
199 1
200 2
201 2
202 8
203 3
204 6
205 1
206 3
207 5
208 1
209 8
210 5
211 2
212 3
213 1
214 1
215 2
216 6
217 2
218 7
219 3
220 3
221 5
222 1
223 5
224 5
225 1
226 2
227 2
228 2
229 3
230 2
231 4
232 2
233 2
234 7
235 6
236 5
237 4
238 8
239 4
240 7
241 2
242 4
243 5
244 4
245 4
246 1
247 3
248 8
249 3
250 5
251 3
252 3
253 7
254 2
255 6
256 2
257 5
258 7
259 7
260 4
261 3
262 2
263 1
264 4
265 2
266 6
267 1
268 6
269 6
270 1
271 3
272 6
273 6
274 2
275 4
276 2
277 2
278 1
279 5
280 1
281 7
282 4
283 2
284 6
285 6
286 3
287 1
288 6
289 2
290 4
291 1
292 3
293 3
294 3
295 5
296 4
297 3
298 4
299 4
300 3
301 3
302 8
303 5
304 2
305 1
306 2
307 2
308 5
309 6
310 8
311 2
312 3
313 3
314 3
315 6
316 3
317 1
318 4
319 7
320 3
321 4
322 8
323 7
324 2
325 3
326 4
327 2
328 4
329 3
330 4
331 2
332 3
333 6
334 4
335 3
336 7
337 6
338 3
339 2
340 1
341 2
342 6
343 3
344 7
345 2
346 3
347 1
348 4
349 2
350 1
351 2
352 3
353 1
354 2
355 2
356 5
357 8
358 8
359 8
360 1
361 5
362 5
363 6
364 2
365 2
366 8
367 2
368 3
369 7
370 2
371 1
372 2
373 1
374 3
375 8
376 4
377 6
378 3
379 2
380 4
381 4
382 3
383 6
384 3
385 4
386 2
387 2
388 1
389 7
390 6
391 1
392 6
393 5
394 3
395 5
396 1
397 2
398 3
399 4
400 6
401 6
402 2
403 1
404 6
405 2
406 1
407 1
408 2
409 6
410 6
411 3
412 2
413 1
414 3
415 2
416 7
417 4
418 4
419 1
420 1
421 2
422 1
423 6
424 2
425 3
426 2
427 6
428 3
429 4
430 3
431 1
432 2
433 2
434 3
435 3
436 2
437 7
438 3
439 4
440 1
441 3
442 2
443 8
444 4
445 6
446 1
447 2
448 1
449 2
450 2
451 8
452 2
453 3
454 5
455 5
456 2
457 4
458 1
459 1
460 1
461 4
462 3
463 6
464 4
465 1
466 4
467 2
468 2
469 1
470 1
471 3
472 1
473 4
474 8
475 5
476 4
477 3
478 2
479 8
480 1
481 6
482 4
483 3
484 2
485 2
486 4
487 5
488 2
489 4
490 8
491 5
492 1
493 1
494 3
495 4
496 3
497 4
498 3
499 4
500 1
501 6
502 2
503 5
504 6
505 4
506 2
507 6
508 4
509 4
510 5
511 1
512 1
513 2
514 5
515 4
516 4
517 4
518 2
519 5
520 5
521 8
522 3
523 4
524 3
525 3
526 4
527 6
528 7
529 2
530 3
531 4
532 1
533 1
534 1
535 4
536 3
537 2
538 3
539 4
540 1
541 4
542 4
543 3
544 4
545 2
546 3
547 7
548 1
549 7
550 7
551 5
552 6
553 3
554 1
555 4
556 2
557 1
558 3
559 1
560 4
561 2
562 2
563 3
564 2
565 1
566 1
567 4
568 8
569 5
570 5
571 3
572 7
573 3
574 6
575 8
576 6
577 1
578 4
579 6
580 3
581 4
582 2
583 3
584 4
585 6
586 4
587 5
588 5
589 1
590 4
591 3
592 2
593 2
594 1
595 2
596 5
597 8
598 6
599 6
600 2
601 1
602 4
603 4
604 3
605 6
606 5
607 1
608 7
609 3
610 8
611 4
612 6
613 5
614 4
615 5
616 1
617 5
618 1
619 7
620 6
621 5
622 7
623 4
624 1
625 4
626 3
627 7
628 2
629 4
630 1
631 1
632 2
633 3
634 3
635 2
636 3
637 4
638 5
639 5
640 1
641 3
642 3
643 5
644 5
645 3
646 5
647 3
648 3
649 2
650 5
651 5
652 4
653 8
654 5
655 4
656 3
657 5
658 4
659 3
660 3
661 8
662 3
663 2
664 5
665 1
666 3
667 7
668 3
669 1
670 3
671 2
672 6
673 3
674 6
675 1
676 8
677 8
678 4
679 7
680 8
681 5
682 4
683 7
684 3
685 7
686 4
687 2
688 4
689 3
690 5
691 3
692 3
693 7
694 3
695 3
696 7
697 1
698 3
699 1
700 1
701 1
702 2
703 4
704 5
705 5
706 3
707 2
708 3
709 2
710 1
711 7
712 8
713 2
714 2
715 2
716 2
717 5
718 6
719 3
720 2
721 2
722 4
723 5
724 1
725 1
726 5
727 2
728 3
729 3
730 3
731 6
732 5
733 1
734 3
735 1
736 5
737 4
738 5
739 3
740 2
741 1
742 7
743 4
744 4
745 2
746 1
747 3
748 4
749 1
750 8
751 1
752 7
753 4
754 3
755 5
756 3
757 6
758 2
759 2
760 6
761 5
762 7
763 3
764 3
765 8
766 4
767 7
768 1
769 3
770 5
771 3
772 3
773 3
774 7
775 3
776 2
777 1
778 3
779 3
780 8
781 2
782 7
783 7
784 4
785 6
786 3
787 2
788 6
789 1
790 4
791 4
792 8
793 4
794 1
795 5
796 8
797 7
798 7
799 3
800 4
801 7
802 3
803 3
804 5
805 6
806 6
807 2
808 2
809 6
810 3
811 5
812 5
813 3
814 1
815 8
816 3
817 2
818 6
819 2
820 3
821 5
822 3
823 3
824 7
825 4
826 2
827 2
828 4
829 3
830 3
831 4
832 5
833 1
834 4
835 6
836 4
837 3
838 4
839 3
840 3
841 5
842 3
843 4
844 2
845 1
846 1
847 3
848 2
849 5
850 2
851 3
852 1
853 8
854 4
855 6
856 3
857 1
858 2
859 7
860 3
861 3
862 3
863 5
864 3
865 8
866 7
867 7
868 2
869 5
870 6
871 2
872 1
873 6
874 3
875 8
876 2
877 2
878 5
879 4
880 5
881 3
882 1
883 1
884 2
885 2
886 4
887 5
888 6
889 3
890 4
891 4
892 6
893 1
894 2
895 2
896 2
897 2
898 3
899 1
900 6
901 1
902 3
903 5
904 2
905 4
906 1
907 3
908 3
909 1
910 1
911 2
912 4
913 7
914 2
915 4
916 1
917 8
918 3
919 1
920 6
921 6
922 1
923 2
924 2
925 7
926 1
927 6
928 8
929 3
930 2
931 3
932 8
933 2
934 3
935 3
936 5
937 1
938 3
939 7
940 2
941 3
942 3
943 7
944 2
945 4
946 3
947 5
948 2
949 3
950 4
951 1
952 2
953 4
954 4
955 2
956 2
957 2
958 2
959 1
960 5
961 2
962 1
963 8
964 3
965 4
966 4
967 2
968 1
969 5
970 2
971 2
972 4
973 6
974 2
975 3
976 4
977 2
978 6
979 6
980 7
981 2
982 2
983 2
984 4
985 3
986 4
987 2
988 1
989 4
990 7
991 2
992 2
993 1
994 3
995 8
996 3
997 5
998 5
999 1
1000 4