112459
1 0
2 0
3 0
4 3
5 1
6 0
7 4
8 0
9 0
10 2
11 0
12 0
13 0
14 0
15 0
16 0
17 1
18 0
19 0
20 0
1 2
2 1
3 3
4 1
5 1
6 2
7 4
8 1
9 1
10 1
11 2
12 1
13 1
14 3
15 1
16 2
17 1
18 3
19 1
20 2
21 2
22 2
23 2
24 1
25 1
26 1
27 3
28 1
29 1
30 2
31 4
32 1
33 1
34 1
35 4
36 3
37 4
38 4
39 1
40 1
41 1
42 1
43 4
44 1
45 1
46 1
47 2
48 3
49 1
50 4
51 4
52 3
53 1
54 2
55 1
56 2
57 2
58 1
59 4
60 1
61 1
62 1
63 4
64 2
65 3
66 1
67 2
68 2
69 4
70 1
71 1
72 2
73 1
74 3
75 1
76 1
77 3
78 2
79 2
80 4
81 1
82 1
83 2
84 2
85 4
86 4
87 2
88 3
89 1
90 1
91 1
92 1
93 1
94 1
95 1
96 1
97 4
98 4
99 4
100 3
101 1
102 2
103 3
104 4
105 1
106 2
107 2
108 2
109 1
110 1
111 1
112 2
113 1
114 1
115 1
116 2
117 2
118 2
119 4
120 1
121 1
122 3
123 4
124 4
125 1
126 1
127 3
128 4
129 2
130 1
131 1
132 2
133 3
134 3
135 3
136 2
137 4
138 1
139 4
140 2
141 2
142 2
143 3
144 1
145 3
146 2
147 1
148 1
149 1
150 1
151 1
152 1
153 1
154 1
155 1
156 1
157 3
158 1
159 2
160 1
161 1
162 1
163 3
164 1
165 2
166 3
167 2
168 2
169 1
170 1
171 2
172 3
173 2
174 3
175 2
176 2
177 2
178 1
179 1
180 1
181 1
182 1
183 4
184 3
185 1
186 1
187 3
188 1
189 2
190 1
191 1
192 1
193 3
194 3
195 3
196 1
197 4
198 3
199 1
200 2
201 1
202 1
203 3
204 2
205 3
206 3
207 3
208 1
209 4
210 1
211 1
212 4
213 1
214 3
215 1
216 2
217 1
218 1
219 1
220 1
221 1
222 3
223 3
224 1
225 2
226 1
227 4
228 4
229 1
230 1
231 2
232 1
233 4
234 1
235 1
236 1
237 1
238 2
239 2
240 1
241 3
242 1
243 3
244 4
245 1
246 2
247 1
248 1
249 1
250 1