266514
1 0
2 3
3 4
4 3
5 3
6 3
7 0
8 0
9 0
10 0
11 3
12 0
13 3
14 3
15 3
16 0
17 3
18 0
19 3
20 2
21 0
22 1
23 3
24 3
25 4
26 0
27 3
28 0
29 0
30 0
1 2
2 1
3 2
4 2
5 2
6 3
7 3
8 3
9 3
10 3
11 4
12 2
13 3
14 2
15 4
16 2
17 2
18 1
19 3
20 2
21 2
22 1
23 4
24 3
25 3
26 1
27 2
28 2
29 3
30 2
31 2
32 3
33 3
34 4
35 2
36 1
37 1
38 3
39 4
40 3
41 2
42 3
43 2
44 3
45 1
46 1
47 3
48 3
49 1
50 1
51 2
52 3
53 3
54 3
55 3
56 4
57 3
58 2
59 1
60 2
61 3
62 2
63 1
64 1
65 2
66 1
67 1
68 1
69 2
70 1
71 4
72 1
73 3
74 1
75 3
76 2
77 1
78 1
79 4
80 2
81 2
82 2
83 2
84 3
85 1
86 3
87 2
88 4
89 4
90 1
91 2
92 2
93 2
94 1
95 3
96 4
97 3
98 2
99 2
100 3
101 1
102 2
103 1
104 4
105 2
106 4
107 4
108 1
109 2
110 1
111 2
112 3
113 4
114 4
115 1
116 1
117 1
118 2
119 2
120 4
121 3
122 2
123 2
124 3
125 3
126 2
127 2
128 3
129 3
130 4
131 1
132 1
133 1
134 1
135 1
136 2
137 3
138 1
139 3
140 2
141 1
142 2
143 2
144 3
145 1
146 4
147 3
148 2
149 3
150 2
151 3
152 2
153 1
154 2
155 4
156 1
157 2
158 3
159 1
160 2
161 3
162 2
163 1
164 3
165 2
166 2
167 1
168 3
169 1
170 4
171 1
172 2
173 1
174 3
175 3
176 2
177 3
178 4
179 1
180 2
181 3
182 2
183 3
184 3
185 1
186 4
187 3
188 4
189 1
190 2
191 1
192 3
193 4
194 3
195 2
196 4
197 3
198 2
199 2
200 3
201 1
202 2
203 4
204 3
205 1
206 4
207 4
208 2
209 1
210 2
211 2
212 3
213 2
214 2
215 1
216 3
217 3
218 2
219 1
220 3
221 4
222 4
223 3
224 2
225 2
226 1
227 2
228 4
229 2
230 4
231 4
232 1
233 4
234 4
235 1
236 1
237 1
238 2
239 1
240 1
241 2
242 1
243 2
244 3
245 4
246 1
247 4
248 4
249 2
250 3