401471
1 0
2 0
3 0
4 0
5 0
6 11
7 2
8 12
9 5
10 0
11 1
12 0
13 0
14 0
15 0
16 0
17 4
18 8
19 0
20 6
21 7
22 0
23 0
24 0
25 10
26 0
27 9
28 0
29 3
30 0
1 2
2 3
3 6
4 7
5 4
6 10
7 7
8 8
9 3
10 7
11 4
12 1
13 4
14 2
15 1
16 2
17 2
18 1
19 2
20 4
21 9
22 4
23 3
24 3
25 9
26 4
27 4
28 3
29 2
30 2
31 2
32 3
33 4
34 3
35 2
36 6
37 2
38 2
39 3
40 4
41 3
42 3
43 6
44 5
45 6
46 2
47 8
48 2
49 5
50 3
51 3
52 1
53 8
54 7
55 7
56 8
57 8
58 4
59 5
60 7
61 6
62 4
63 11
64 7
65 2
66 5
67 2
68 1
69 7
70 7
71 3
72 3
73 11
74 1
75 3
76 3
77 5
78 7
79 2
80 8
81 4
82 5
83 5
84 1
85 4
86 4
87 9
88 4
89 8
90 3
91 8
92 6
93 3
94 6
95 2
96 4
97 4
98 1
99 2
100 10
101 5
102 11
103 9
104 5
105 1
106 7
107 3
108 3
109 12
110 12
111 9
112 3
113 3
114 4
115 2
116 1
117 4
118 5
119 2
120 3
121 6
122 12
123 9
124 5
125 4
126 7
127 5
128 4
129 8
130 2
131 1
132 2
133 2
134 6
135 1
136 5
137 3
138 3
139 4
140 2
141 2
142 8
143 2
144 2
145 2
146 3
147 3
148 3
149 2
150 10
151 11
152 1
153 1
154 2
155 6
156 4
157 1
158 7
159 3
160 6
161 3
162 2
163 3
164 8
165 6
166 2
167 8
168 2
169 4
170 2
171 4
172 4
173 8
174 2
175 6
176 3
177 4
178 2
179 7
180 2
181 5
182 9
183 3
184 12
185 8
186 2
187 5
188 4
189 7
190 2
191 4
192 1
193 6
194 4
195 12
196 6
197 2
198 3
199 3
200 2
201 6
202 10
203 2
204 1
205 3
206 6
207 10
208 3
209 11
210 3
211 3
212 2
213 9
214 7
215 2
216 2
217 1
218 2
219 10
220 10
221 1
222 6
223 5
224 10
225 7
226 7
227 5
228 5
229 4
230 1
231 2
232 4
233 2
234 2
235 2
236 1
237 10
238 2
239 5
240 2
241 9
242 5
243 3
244 3
245 7
246 2
247 5
248 6
249 5
250 6
251 11
252 2
253 4
254 9
255 11
256 2
257 7
258 1
259 8
260 1
261 3
262 3
263 1
264 3
265 2
266 8
267 8
268 6
269 4
270 11
271 4
272 4
273 11
274 6
275 3
276 7
277 2
278 3
279 8
280 3
281 2
282 5
283 3
284 5
285 6
286 4
287 1
288 9
289 11
290 7
291 1
292 6
293 4
294 5
295 4
296 2
297 2
298 3
299 5
300 2
301 4
302 3
303 4
304 6
305 1
306 3
307 3
308 4
309 10
310 3
311 2
312 5
313 3
314 5
315 4
316 2
317 4
318 11
319 1
320 3
321 5
322 12
323 3
324 2
325 1
326 2
327 3
328 7
329 6
330 2
331 7
332 3
333 2
334 5
335 9
336 10
337 5
338 2
339 11
340 2
341 2
342 3
343 11
344 1
345 3
346 2
347 7
348 1
349 2
350 4
351 8
352 9
353 8
354 4
355 5
356 3
357 7
358 10
359 3
360 3
361 6
362 1
363 6
364 1
365 7
366 5
367 4
368 3
369 4
370 6
371 5
372 8
373 4
374 4
375 5
376 7
377 2
378 2
379 6
380 7
381 5
382 4
383 10
384 9
385 4
386 11
387 10
388 9
389 2
390 4
391 4
392 6
393 3
394 3
395 9
396 7
397 3
398 7
399 6
400 9
401 4
402 5
403 1
404 2
405 7
406 3
407 5
408 12
409 4
410 3
411 2
412 5
413 2
414 11
415 3
416 12
417 3
418 2
419 5
420 4
421 1
422 5
423 2
424 6
425 1
426 3
427 5
428 11
429 7
430 2
431 2
432 8
433 2
434 4
435 7
436 6
437 5
438 4
439 1
440 1
441 2
442 3
443 5
444 1
445 6
446 9
447 2
448 2
449 2
450 2
451 3
452 2
453 2
454 2
455 3
456 4
457 4
458 8
459 4
460 2
461 4
462 4
463 4
464 3
465 6
466 7
467 2
468 8
469 8
470 3
471 4
472 2
473 5
474 3
475 5
476 1
477 4
478 2
479 5
480 9
481 1
482 2
483 3
484 11
485 11
486 4
487 10
488 1
489 5
490 2
491 5
492 7
493 4
494 12
495 2
496 3
497 11
498 2
499 3
500 10