875421
1 2
2 8
3 10
4 7
5 0
6 5
7 12
8 11
9 10
10 10
11 0
12 0
13 0
14 0
15 5
16 11
17 5
18 0
19 0
20 3
21 0
22 9
23 0
24 4
25 11
26 0
27 3
28 0
29 6
30 9
31 6
32 7
33 9
34 6
35 0
36 7
37 0
38 11
39 7
40 0
41 8
42 9
43 8
44 4
45 0
46 0
47 11
48 8
49 8
50 1
1 2
2 6
3 3
4 1
5 2
6 2
7 2
8 3
9 10
10 12
11 4
12 5
13 2
14 4
15 4
16 2
17 1
18 12
19 8
20 2
21 1
22 4
23 4
24 1
25 2
26 1
27 10
28 2
29 5
30 3
31 2
32 5
33 6
34 4
35 4
36 3
37 4
38 2
39 11
40 2
41 2
42 11
43 2
44 3
45 2
46 10
47 7
48 3
49 2
50 3
51 3
52 3
53 4
54 2
55 7
56 3
57 3
58 2
59 6
60 3
61 5
62 9
63 3
64 3
65 1
66 4
67 3
68 6
69 4
70 2
71 3
72 7
73 6
74 7
75 4
76 2
77 6
78 5
79 10
80 2
81 5
82 2
83 3
84 5
85 1
86 4
87 7
88 4
89 1
90 5
91 4
92 3
93 4
94 6
95 2
96 6
97 3
98 4
99 5
100 2
101 3
102 3
103 2
104 4
105 1
106 8
107 4
108 2
109 5
110 7
111 8
112 7
113 2
114 3
115 3
116 7
117 7
118 5
119 4
120 3
121 4
122 2
123 4
124 8
125 7
126 6
127 8
128 5
129 3
130 2
131 12
132 2
133 2
134 5
135 2
136 4
137 4
138 4
139 8
140 4
141 4
142 2
143 12
144 2
145 6
146 2
147 6
148 3
149 5
150 7
151 7
152 3
153 9
154 3
155 2
156 2
157 2
158 4
159 10
160 4
161 1
162 3
163 6
164 8
165 8
166 2
167 11
168 7
169 1
170 2
171 2
172 1
173 4
174 3
175 4
176 12
177 2
178 4
179 2
180 1
181 2
182 2
183 9
184 2
185 5
186 2
187 2
188 3
189 1
190 6
191 2
192 2
193 2
194 2
195 4
196 1
197 5
198 3
199 2
200 2
201 4
202 2
203 5
204 4
205 2
206 8
207 4
208 4
209 1
210 1
211 5
212 4
213 4
214 4
215 4
216 3
217 1
218 2
219 2
220 1
221 4
222 11
223 3
224 2
225 8
226 6
227 3
228 2
229 7
230 12
231 8
232 2
233 4
234 3
235 5
236 7
237 2
238 2
239 8
240 3
241 5
242 3
243 4
244 4
245 2
246 2
247 3
248 2
249 1
250 12
251 1
252 1
253 4
254 9
255 4
256 8
257 5
258 2
259 7
260 2
261 2
262 5
263 4
264 1
265 9
266 3
267 2
268 6
269 10
270 10
271 4
272 3
273 5
274 2
275 8
276 4
277 3
278 2
279 6
280 5
281 4
282 2
283 3
284 3
285 5
286 7
287 8
288 2
289 2
290 2
291 1
292 5
293 9
294 5
295 5
296 3
297 6
298 2
299 4
300 2
301 1
302 8
303 6
304 2
305 5
306 3
307 3
308 2
309 6
310 5
311 2
312 1
313 1
314 3
315 3
316 10
317 2
318 4
319 1
320 4
321 1
322 2
323 10
324 3
325 3
326 3
327 1
328 12
329 5
330 9
331 3
332 3
333 8
334 5
335 7
336 2
337 8
338 4
339 4
340 7
341 11
342 3
343 4
344 2
345 2
346 2
347 3
348 3
349 11
350 2
351 2
352 2
353 8
354 11
355 2
356 2
357 1
358 1
359 3
360 4
361 1
362 3
363 9
364 3
365 7
366 11
367 3
368 6
369 5
370 12
371 2
372 2
373 2
374 2
375 5
376 2
377 9
378 1
379 4
380 7
381 8
382 3
383 1
384 3
385 3
386 2
387 4
388 2
389 4
390 1
391 3
392 1
393 2
394 8
395 2
396 9
397 3
398 3
399 9
400 4
401 8
402 8
403 1
404 2
405 2
406 3
407 3
408 2
409 3
410 8
411 4
412 4
413 6
414 5
415 10
416 1
417 3
418 9
419 2
420 2
421 5
422 3
423 5
424 7
425 4
426 2
427 5
428 4
429 3
430 10
431 10
432 6
433 5
434 3
435 5
436 4
437 4
438 8
439 8
440 8
441 2
442 2
443 4
444 7
445 2
446 11
447 6
448 1
449 5
450 7
451 1
452 3
453 1
454 1
455 2
456 8
457 2
458 1
459 5
460 5
461 6
462 6
463 3
464 2
465 9
466 3
467 3
468 6
469 4
470 7
471 6
472 3
473 3
474 10
475 4
476 4
477 4
478 3
479 4
480 8
481 2
482 6
483 5
484 9
485 7
486 1
487 5
488 4
489 6
490 3
491 6
492 9
493 11
494 4
495 2
496 3
497 8
498 3
499 2
500 1