1583818
1 6
2 0
3 1
4 0
5 12
6 0
7 4
8 0
9 11
10 0
11 4
12 4
13 12
14 0
15 12
16 7
17 12
18 2
19 0
20 0
21 4
22 4
23 0
24 3
25 12
26 4
27 7
28 1
29 0
30 9
31 7
32 7
33 0
34 0
35 0
36 10
37 0
38 0
39 0
40 6
41 12
42 8
43 11
44 5
45 0
46 0
47 10
48 7
49 2
50 0
1 3
2 3
3 9
4 1
5 2
6 7
7 8
8 3
9 1
10 3
11 4
12 1
13 1
14 3
15 10
16 1
17 3
18 1
19 4
20 6
21 2
22 1
23 10
24 12
25 3
26 12
27 8
28 1
29 3
30 3
31 7
32 10
33 4
34 2
35 1
36 4
37 4
38 8
39 3
40 1
41 2
42 6
43 1
44 7
45 4
46 3
47 1
48 2
49 3
50 4
51 1
52 5
53 1
54 8
55 6
56 6
57 12
58 2
59 6
60 7
61 3
62 6
63 2
64 1
65 1
66 4
67 1
68 3
69 8
70 10
71 7
72 5
73 1
74 10
75 4
76 1
77 7
78 2
79 2
80 2
81 7
82 2
83 3
84 1
85 9
86 1
87 5
88 7
89 2
90 1
91 2
92 1
93 1
94 7
95 9
96 1
97 5
98 6
99 4
100 4
101 2
102 4
103 6
104 8
105 1
106 4
107 1
108 7
109 5
110 4
111 2
112 1
113 1
114 3
115 6
116 3
117 2
118 2
119 1
120 7
121 3
122 2
123 1
124 12
125 4
126 3
127 2
128 3
129 2
130 2
131 4
132 2
133 1
134 5
135 1
136 11
137 3
138 12
139 1
140 8
141 2
142 9
143 2
144 3
145 1
146 3
147 1
148 4
149 1
150 6
151 1
152 1
153 6
154 1
155 10
156 1
157 10
158 4
159 1
160 2
161 2
162 6
163 3
164 4
165 5
166 1
167 2
168 1
169 3
170 2
171 10
172 7
173 5
174 1
175 1
176 3
177 1
178 3
179 1
180 1
181 2
182 8
183 3
184 12
185 3
186 3
187 4
188 9
189 5
190 3
191 1
192 7
193 2
194 4
195 10
196 10
197 1
198 7
199 8
200 7
201 1
202 1
203 4
204 2
205 3
206 1
207 3
208 9
209 2
210 5
211 2
212 8
213 4
214 1
215 1
216 3
217 1
218 2
219 6
220 10
221 7
222 1
223 4
224 9
225 2
226 2
227 7
228 8
229 1
230 2
231 1
232 1
233 1
234 2
235 1
236 9
237 2
238 2
239 1
240 1
241 1
242 3
243 10
244 7
245 7
246 2
247 3
248 1
249 1
250 5
251 1
252 2
253 4
254 7
255 1
256 1
257 11
258 4
259 1
260 1
261 1
262 2
263 2
264 3
265 7
266 6
267 12
268 6
269 1
270 11
271 3
272 3
273 3
274 6
275 1
276 4
277 9
278 7
279 1
280 5
281 3
282 2
283 6
284 7
285 3
286 2
287 5
288 1
289 8
290 7
291 2
292 3
293 2
294 2
295 4
296 1
297 10
298 1
299 1
300 3
301 4
302 12
303 2
304 2
305 4
306 7
307 4
308 3
309 5
310 7
311 6
312 1
313 7
314 10
315 3
316 3
317 10
318 10
319 2
320 3
321 1
322 3
323 1
324 1
325 11
326 7
327 1
328 5
329 3
330 10
331 1
332 7
333 2
334 1
335 3
336 1
337 5
338 5
339 3
340 12
341 1
342 1
343 1
344 8
345 6
346 3
347 2
348 1
349 4
350 1
351 5
352 6
353 9
354 1
355 3
356 7
357 1
358 4
359 1
360 8
361 1
362 1
363 9
364 3
365 1
366 5
367 1
368 2
369 9
370 4
371 3
372 4
373 1
374 1
375 8
376 1
377 7
378 6
379 1
380 11
381 1
382 4
383 8
384 3
385 7
386 2
387 1
388 3
389 1
390 1
391 8
392 1
393 11
394 1
395 1
396 2
397 1
398 8
399 3
400 2
401 3
402 1
403 5
404 9
405 1
406 1
407 4
408 2
409 1
410 1
411 2
412 1
413 5
414 2
415 1
416 2
417 1
418 3
419 1
420 4
421 3
422 4
423 3
424 3
425 1
426 5
427 7
428 2
429 4
430 3
431 1
432 2
433 1
434 11
435 2
436 2
437 3
438 1
439 7
440 3
441 1
442 9
443 7
444 1
445 1
446 2
447 1
448 5
449 2
450 1
451 2
452 3
453 2
454 1
455 11
456 7
457 1
458 10
459 2
460 9
461 5
462 11
463 2
464 1
465 2
466 5
467 2
468 7
469 6
470 1
471 3
472 1
473 5
474 11
475 1
476 7
477 6
478 4
479 3
480 1
481 1
482 1
483 10
484 5
485 3
486 3
487 5
488 3
489 2
490 1
491 1
492 4
493 10
494 4
495 2
496 8
497 1
498 4
499 4
500 9
501 4
502 1
503 10
504 5
505 1
506 5
507 9
508 12
509 1
510 2
511 8
512 1
513 9
514 4
515 4
516 12
517 1
518 2
519 8
520 6
521 1
522 10
523 1
524 5
525 7
526 9
527 1
528 3
529 11
530 9
531 7
532 1
533 2
534 2
535 7
536 1
537 10
538 5
539 9
540 2
541 3
542 11
543 4
544 3
545 1
546 1
547 1
548 1
549 1
550 1
551 6
552 7
553 2
554 1
555 4
556 1
557 1
558 1
559 1
560 1
561 2
562 1
563 2
564 3
565 2
566 2
567 6
568 1
569 6
570 2
571 2
572 3
573 2
574 1
575 12
576 7
577 1
578 7
579 3
580 1
581 4
582 1
583 8
584 2
585 3
586 1
587 2
588 12
589 9
590 1
591 1
592 7
593 5
594 1
595 9
596 9
597 7
598 2
599 4
600 3
601 7
602 8
603 2
604 3
605 5
606 2
607 7
608 7
609 2
610 1
611 1
612 4
613 6
614 3
615 1
616 2
617 1
618 2
619 5
620 4
621 4
622 2
623 1
624 3
625 1
626 10
627 10
628 3
629 1
630 2
631 2
632 1
633 1
634 1
635 4
636 4
637 3
638 9
639 7
640 4
641 1
642 2
643 2
644 2
645 11
646 3
647 1
648 4
649 5
650 2
651 3
652 4
653 4
654 1
655 3
656 2
657 4
658 3
659 1
660 2
661 1
662 1
663 7
664 4
665 11
666 6
667 8
668 5
669 7
670 12
671 1
672 3
673 5
674 8
675 6
676 5
677 2
678 4
679 1
680 2
681 7
682 2
683 1
684 2
685 3
686 1
687 2
688 2
689 3
690 4
691 1
692 1
693 12
694 5
695 3
696 6
697 1
698 1
699 1
700 1
701 1
702 3
703 1
704 6
705 3
706 3
707 4
708 4
709 6
710 10
711 4
712 2
713 4
714 2
715 1
716 3
717 1
718 9
719 1
720 5
721 1
722 12
723 2
724 1
725 4
726 10
727 6
728 1
729 1
730 4
731 11
732 1
733 2
734 1
735 3
736 2
737 2
738 5
739 2
740 3
741 4
742 5
743 2
744 2
745 2
746 6
747 1
748 3
749 2
750 2
751 2
752 4
753 1
754 7
755 2
756 1
757 2
758 5
759 8
760 6
761 1
762 3
763 2
764 3
765 1
766 5
767 2
768 1
769 6
770 4
771 6
772 6
773 5
774 6
775 9
776 1
777 10
778 2
779 1
780 4
781 1
782 9
783 5
784 3
785 2
786 6
787 3
788 2
789 12
790 4
791 3
792 4
793 11
794 4
795 3
796 1
797 2
798 1
799 4
800 12
801 3
802 4
803 12
804 2
805 12
806 7
807 12
808 5
809 5
810 1
811 2
812 4
813 3
814 1
815 1
816 2
817 10
818 1
819 8
820 2
821 2
822 9
823 3
824 3
825 10
826 2
827 1
828 7
829 4
830 4
831 1
832 1
833 1
834 8
835 10
836 3
837 2
838 6
839 1
840 1
841 1
842 3
843 9
844 3
845 4
846 2
847 2
848 8
849 7
850 1
851 1
852 10
853 1
854 9
855 10
856 7
857 9
858 11
859 2
860 3
861 2
862 1
863 7
864 1
865 9
866 2
867 1
868 5
869 7
870 1
871 5
872 9
873 1
874 1
875 6
876 1
877 1
878 10
879 8
880 2
881 4
882 1
883 1
884 3
885 3
886 11
887 10
888 4
889 11
890 5
891 1
892 2
893 4
894 1
895 3
896 1
897 3
898 1
899 1
900 7
901 1
902 1
903 3
904 2
905 1
906 7
907 3
908 10
909 5
910 1
911 4
912 1
913 7
914 1
915 5
916 7
917 9
918 9
919 6
920 3
921 6
922 1
923 1
924 6
925 1
926 7
927 2
928 3
929 1
930 2
931 1
932 1
933 2
934 2
935 4
936 12
937 3
938 7
939 2
940 3
941 1
942 1
943 4
944 10
945 3
946 5
947 4
948 1
949 1
950 11
951 2
952 5
953 5
954 3
955 4
956 4
957 1
958 10
959 1
960 7
961 3
962 2
963 11
964 1
965 2
966 9
967 5
968 7
969 2
970 4
971 3
972 1
973 1
974 1
975 4
976 2
977 8
978 4
979 11
980 12
981 5
982 10
983 1
984 9
985 4
986 4
987 1
988 1
989 4
990 2
991 1
992 4
993 2
994 4
995 1
996 4
997 7
998 2
999 7
1000 2