229222
1 5
2 0
3 0
4 0
5 0
6 0
7 0
8 4
9 0
10 11
11 0
12 0
13 10
14 8
15 0
16 0
17 12
18 7
19 0
20 0
21 0
22 0
23 0
24 2
25 1
26 0
27 3
28 0
29 9
30 6
1 3
2 2
3 12
4 10
5 3
6 2
7 2
8 2
9 2
10 2
11 2
12 2
13 1
14 9
15 6
16 2
17 2
18 12
19 8
20 5
21 2
22 6
23 2
24 2
25 10
26 8
27 11
28 5
29 2
30 1
31 2
32 2
33 2
34 5
35 2
36 2
37 7
38 3
39 3
40 2
41 7
42 2
43 7
44 2
45 2
46 10
47 3
48 8
49 11
50 6
51 9
52 5
53 2
54 8
55 4
56 2
57 10
58 10
59 7
60 2
61 3
62 4
63 1
64 4
65 4
66 3
67 2
68 7
69 2
70 3
71 7
72 2
73 2
74 9
75 11
76 3
77 6
78 2
79 2
80 2
81 6
82 2
83 10
84 2
85 5
86 11
87 4
88 3
89 3
90 3
91 2
92 2
93 2
94 4
95 2
96 4
97 2
98 3
99 2
100 5
101 3
102 4
103 8
104 5
105 5
106 5
107 3
108 2
109 8
110 2
111 11
112 2
113 3
114 5
115 4
116 2
117 4
118 1
119 2
120 4
121 5
122 1
123 2
124 4
125 2
126 1
127 2
128 6
129 2
130 4
131 3
132 4
133 7
134 1
135 1
136 1
137 4
138 8
139 1
140 4
141 9
142 3
143 2
144 4
145 2
146 3
147 2
148 2
149 9
150 2
151 3
152 9
153 4
154 10
155 11
156 2
157 4
158 3
159 1
160 2
161 3
162 4
163 3
164 4
165 2
166 11
167 6
168 6
169 5
170 2
171 3
172 2
173 4
174 2
175 7
176 5
177 10
178 2
179 3
180 8
181 2
182 10
183 6
184 2
185 2
186 1
187 10
188 9
189 2
190 2
191 6
192 2
193 1
194 2
195 2
196 6
197 12
198 2
199 1
200 4
201 6
202 1
203 3
204 8
205 1
206 3
207 10
208 5
209 2
210 3
211 5
212 5
213 12
214 4
215 2
216 8
217 5
218 7
219 1
220 3
221 2
222 11
223 11
224 2
225 6
226 2
227 7
228 6
229 11
230 2
231 2
232 3
233 1
234 6
235 12
236 7
237 7
238 7
239 6
240 3
241 1
242 2
243 7
244 3
245 2
246 2
247 3
248 2
249 2
250 5