395191
1 0
2 0
3 0
4 0
5 0
6 0
7 0
8 0
9 3
10 0
11 0
12 0
13 0
14 0
15 0
16 1
17 5
18 7
19 1
20 2
21 8
22 4
23 6
24 0
25 3
26 0
27 0
28 4
29 0
30 8
1 1
2 1
3 2
4 4
5 2
6 2
7 2
8 2
9 6
10 1
11 5
12 1
13 2
14 2
15 2
16 1
17 1
18 2
19 8
20 6
21 1
22 8
23 1
24 2
25 7
26 2
27 8
28 2
29 2
30 1
31 2
32 7
33 2
34 2
35 1
36 3
37 2
38 1
39 2
40 7
41 4
42 7
43 4
44 1
45 2
46 5
47 2
48 3
49 2
50 5
51 7
52 2
53 6
54 2
55 8
56 7
57 4
58 1
59 5
60 3
61 2
62 2
63 6
64 2
65 3
66 2
67 2
68 2
69 4
70 5
71 7
72 5
73 2
74 2
75 5
76 2
77 5
78 4
79 3
80 7
81 5
82 3
83 1
84 1
85 2
86 3
87 5
88 7
89 3
90 4
91 2
92 5
93 4
94 4
95 2
96 1
97 3
98 5
99 4
100 4
101 2
102 1
103 8
104 2
105 4
106 5
107 2
108 2
109 4
110 2
111 2
112 8
113 7
114 4
115 1
116 4
117 2
118 1
119 4
120 2
121 4
122 4
123 8
124 1
125 2
126 5
127 2
128 8
129 4
130 1
131 7
132 5
133 2
134 2
135 6
136 5
137 3
138 4
139 5
140 4
141 1
142 2
143 2
144 8
145 2
146 2
147 2
148 2
149 1
150 3
151 1
152 5
153 5
154 6
155 2
156 3
157 2
158 6
159 1
160 7
161 4
162 2
163 3
164 4
165 1
166 1
167 7
168 8
169 3
170 2
171 3
172 2
173 2
174 3
175 3
176 1
177 2
178 2
179 2
180 2
181 4
182 2
183 2
184 3
185 8
186 1
187 2
188 2
189 5
190 3
191 2
192 3
193 5
194 1
195 8
196 2
197 4
198 4
199 1
200 1
201 2
202 4
203 2
204 2
205 3
206 2
207 2
208 4
209 3
210 3
211 2
212 2
213 2
214 5
215 6
216 3
217 4
218 2
219 3
220 2
221 6
222 8
223 7
224 1
225 5
226 3
227 7
228 2
229 5
230 3
231 3
232 2
233 3
234 2
235 5
236 5
237 1
238 2
239 3
240 2
241 4
242 1
243 4
244 2
245 1
246 4
247 5
248 1
249 5
250 3
251 8
252 1
253 5
254 5
255 2
256 3
257 7
258 2
259 4
260 5
261 1
262 2
263 1
264 1
265 7
266 3
267 2
268 2
269 2
270 2
271 8
272 1
273 5
274 7
275 2
276 2
277 6
278 2
279 3
280 2
281 2
282 2
283 4
284 1
285 1
286 3
287 6
288 4
289 7
290 4
291 2
292 3
293 2
294 4
295 4
296 5
297 1
298 3
299 8
300 2
301 2
302 2
303 2
304 6
305 3
306 4
307 6
308 7
309 5
310 5
311 4
312 1
313 4
314 3
315 7
316 6
317 4
318 2
319 4
320 1
321 5
322 1
323 7
324 2
325 1
326 5
327 2
328 5
329 3
330 1
331 3
332 5
333 1
334 1
335 2
336 3
337 4
338 2
339 3
340 6
341 7
342 2
343 3
344 3
345 5
346 4
347 2
348 2
349 6
350 2
351 5
352 6
353 6
354 2
355 4
356 6
357 3
358 2
359 2
360 2
361 7
362 5
363 4
364 2
365 4
366 4
367 2
368 2
369 4
370 6
371 7
372 2
373 8
374 2
375 2
376 2
377 6
378 4
379 2
380 8
381 2
382 2
383 6
384 7
385 3
386 5
387 3
388 2
389 2
390 2
391 5
392 2
393 6
394 4
395 3
396 2
397 2
398 3
399 6
400 2
401 3
402 2
403 4
404 2
405 2
406 1
407 8
408 3
409 2
410 5
411 7
412 8
413 2
414 1
415 1
416 3
417 3
418 3
419 1
420 2
421 3
422 1
423 3
424 8
425 1
426 6
427 3
428 4
429 2
430 5
431 3
432 8
433 2
434 2
435 2
436 6
437 4
438 2
439 6
440 4
441 3
442 2
443 2
444 2
445 5
446 2
447 4
448 5
449 4
450 4
451 2
452 3
453 6
454 3
455 2
456 3
457 7
458 2
459 4
460 7
461 1
462 4
463 2
464 8
465 3
466 8
467 1
468 8
469 2
470 5
471 4
472 4
473 5
474 1
475 2
476 1
477 4
478 3
479 3
480 3
481 2
482 1
483 3
484 3
485 2
486 2
487 4
488 2
489 7
490 2
491 5
492 7
493 3
494 4
495 6
496 3
497 8
498 7
499 2
500 8