288331
1 0
2 0
3 0
4 0
5 5
6 0
7 0
8 0
9 2
10 0
11 8
12 0
13 0
14 0
15 0
16 7
17 3
18 4
19 0
20 0
21 0
22 0
23 1
24 6
25 0
26 0
27 0
28 0
29 0
30 0
1 1
2 5
3 5
4 1
5 1
6 1
7 3
8 1
9 2
10 4
11 1
12 1
13 1
14 4
15 5
16 2
17 8
18 1
19 1
20 1
21 2
22 1
23 7
24 1
25 1
26 1
27 1
28 2
29 2
30 7
31 1
32 6
33 1
34 3
35 6
36 6
37 5
38 1
39 2
40 5
41 2
42 1
43 7
44 4
45 1
46 5
47 2
48 2
49 4
50 2
51 6
52 1
53 5
54 5
55 1
56 1
57 1
58 7
59 1
60 1
61 5
62 1
63 3
64 1
65 6
66 8
67 2
68 1
69 6
70 5
71 2
72 2
73 1
74 5
75 5
76 2
77 7
78 8
79 3
80 8
81 3
82 1
83 1
84 1
85 1
86 3
87 7
88 5
89 6
90 5
91 4
92 1
93 1
94 3
95 3
96 1
97 2
98 7
99 2
100 1
101 1
102 6
103 1
104 1
105 1
106 1
107 6
108 1
109 3
110 5
111 3
112 6
113 2
114 1
115 4
116 6
117 1
118 1
119 5
120 1
121 2
122 5
123 2
124 1
125 1
126 7
127 3
128 6
129 4
130 1
131 4
132 8
133 2
134 7
135 4
136 1
137 1
138 1
139 4
140 4
141 6
142 4
143 1
144 1
145 2
146 4
147 1
148 5
149 1
150 3
151 8
152 2
153 6
154 2
155 3
156 1
157 6
158 2
159 8
160 1
161 1
162 2
163 1
164 3
165 3
166 1
167 8
168 2
169 2
170 4
171 4
172 1
173 1
174 2
175 1
176 4
177 3
178 2
179 2
180 1
181 6
182 1
183 3
184 1
185 2
186 1
187 1
188 6
189 8
190 2
191 5
192 2
193 1
194 3
195 6
196 3
197 5
198 8
199 3
200 3
201 1
202 8
203 7
204 2
205 6
206 1
207 3
208 1
209 7
210 2
211 5
212 4
213 1
214 2
215 5
216 1
217 1
218 8
219 1
220 7
221 2
222 6
223 5
224 8
225 2
226 1
227 5
228 1
229 8
230 1
231 1
232 1
233 4
234 4
235 6
236 1
237 3
238 8
239 3
240 1
241 4
242 1
243 6
244 3
245 1
246 6
247 3
248 1
249 3
250 1
251 4
252 1
253 1
254 2
255 1
256 6
257 5
258 2
259 1
260 1
261 1
262 4
263 1
264 2
265 6
266 1
267 2
268 1
269 2
270 2
271 5
272 1
273 6
274 1
275 2
276 1
277 4
278 3
279 7
280 4
281 1
282 1
283 1
284 1
285 1
286 3
287 1
288 1
289 3
290 1
291 1
292 4
293 1
294 2
295 1
296 1
297 2
298 2
299 3
300 2
301 6
302 4
303 1
304 1
305 1
306 1
307 1
308 6
309 6
310 2
311 5
312 8
313 4
314 3
315 1
316 5
317 1
318 1
319 8
320 2
321 5
322 3
323 2
324 5
325 1
326 1
327 5
328 6
329 1
330 6
331 1
332 5
333 1
334 3
335 4
336 7
337 1
338 1
339 1
340 1
341 3
342 1
343 1
344 1
345 2
346 3
347 1
348 1
349 8
350 3
351 1
352 1
353 2
354 1
355 4
356 3
357 5
358 1
359 1
360 1
361 1
362 8
363 2
364 7
365 1
366 3
367 4
368 3
369 6
370 3
371 1
372 7
373 5
374 3
375 1
376 2
377 1
378 8
379 3
380 2
381 1
382 1
383 3
384 2
385 2
386 3
387 8
388 4
389 7
390 3
391 3
392 1
393 5
394 1
395 4
396 3
397 6
398 2
399 1
400 1
401 1
402 1
403 7
404 5
405 1
406 2
407 5
408 8
409 1
410 2
411 3
412 1
413 1
414 3
415 2
416 5
417 1
418 1
419 4
420 1
421 3
422 6
423 2
424 7
425 1
426 7
427 5
428 8
429 5
430 3
431 4
432 1
433 2
434 1
435 2
436 1
437 1
438 2
439 7
440 6
441 1
442 4
443 5
444 5
445 6
446 5
447 2
448 2
449 1
450 1
451 4
452 1
453 1
454 1
455 1
456 7
457 1
458 1
459 2
460 1
461 7
462 1
463 4
464 2
465 2
466 6
467 3
468 2
469 1
470 1
471 4
472 2
473 1
474 7
475 2
476 5
477 7
478 1
479 2
480 3
481 1
482 4
483 2
484 2
485 1
486 6
487 1
488 4
489 4
490 2
491 4
492 1
493 1
494 1
495 1
496 6
497 1
498 3
499 1
500 1