88461
1 0
2 0
3 1
4 0
5 0
6 0
7 0
8 0
9 0
10 0
11 0
12 0
13 0
14 0
15 0
16 0
17 0
18 0
19 4
20 3
21 0
22 0
23 0
24 0
25 0
26 0
27 0
28 2
29 0
30 0
1 2
2 2
3 3
4 1
5 2
6 3
7 4
8 1
9 1
10 4
11 2
12 1
13 2
14 1
15 1
16 2
17 4
18 1
19 1
20 1
21 1
22 1
23 3
24 2
25 3
26 1
27 2
28 1
29 3
30 1
31 4
32 2
33 1
34 1
35 4
36 1
37 3
38 3
39 3
40 1
41 2
42 2
43 2
44 3
45 2
46 2
47 4
48 1
49 1
50 2
51 1
52 2
53 1
54 1
55 1
56 1
57 3
58 3
59 1
60 4
61 2
62 4
63 2
64 1
65 3
66 3
67 4
68 2
69 3
70 2
71 2
72 4
73 2
74 1
75 1
76 1
77 1
78 2
79 2
80 4
81 3
82 3
83 2
84 1
85 1
86 2
87 2
88 4
89 2
90 1
91 1
92 3
93 2
94 1
95 1
96 1
97 1
98 2
99 1
100 1
101 1
102 3
103 1
104 1
105 3
106 3
107 1
108 4
109 3
110 2
111 4
112 1
113 1
114 2
115 1
116 1
117 1
118 4
119 1
120 1
121 1
122 1
123 1
124 3
125 2
126 1
127 3
128 1
129 1
130 2
131 1
132 3
133 1
134 3
135 1
136 2
137 1
138 1
139 2
140 1
141 3
142 2
143 1
144 1
145 1
146 4
147 1
148 2
149 1
150 3
151 3
152 3
153 2
154 2
155 1
156 1
157 1
158 1
159 1
160 2
161 1
162 4
163 1
164 3
165 1
166 3
167 3
168 3
169 1
170 2
171 1
172 1
173 4
174 4
175 1
176 1
177 2
178 1
179 1
180 1
181 1
182 2
183 3
184 2
185 4
186 1
187 2
188 1
189 3
190 1
191 2
192 4
193 4
194 1
195 2
196 1
197 2
198 4
199 3
200 1
201 2
202 2
203 2
204 1
205 1
206 4
207 1
208 2
209 2
210 4
211 4
212 3
213 2
214 3
215 3
216 3
217 3
218 1
219 4
220 1
221 2
222 1
223 4
224 3
225 1
226 1
227 1
228 2
229 2
230 4
231 2
232 1
233 1
234 4
235 2
236 1
237 2
238 3
239 1
240 1
241 4
242 1
243 1
244 4
245 1
246 4
247 2
248 3
249 3
250 1