45097
1 0
2 0
3 0
4 0
5 0
6 2
7 0
8 0
9 0
10 0
11 0
12 0
13 0
14 1
15 4
16 0
17 0
18 3
19 0
20 0
1 3
2 4
3 1
4 4
5 2
6 3
7 4
8 4
9 4
10 1
11 1
12 2
13 2
14 1
15 2
16 2
17 4
18 4
19 1
20 1
21 1
22 1
23 4
24 3
25 2
26 1
27 2
28 3
29 2
30 3
31 3
32 1
33 3
34 2
35 4
36 1
37 1
38 1
39 1
40 4
41 1
42 2
43 1
44 2
45 1
46 2
47 1
48 2
49 1
50 1
51 1
52 2
53 1
54 2
55 1
56 3
57 2
58 4
59 3
60 3
61 2
62 1
63 4
64 1
65 4
66 2
67 2
68 1
69 3
70 2
71 3
72 1
73 2
74 1
75 4
76 3
77 1
78 1
79 3
80 1
81 1
82 2
83 2
84 1
85 3
86 1
87 2
88 2
89 2
90 3
91 1
92 3
93 1
94 3
95 2
96 3
97 2
98 1
99 1
100 1