1789442
1 0
2 4
3 0
4 0
5 4
6 2
7 4
8 3
9 0
10 7
11 0
12 1
13 0
14 4
15 0
16 0
17 0
18 7
19 0
20 6
21 8
22 2
23 6
24 4
25 0
26 2
27 7
28 0
29 2
30 0
31 7
32 2
33 8
34 5
35 4
36 5
37 0
38 4
39 0
40 2
41 7
42 7
43 4
44 2
45 7
46 3
47 3
48 0
49 0
50 6
1 1
2 1
3 2
4 8
5 1
6 2
7 5
8 1
9 2
10 2
11 5
12 1
13 1
14 1
15 8
16 1
17 1
18 1
19 5
20 2
21 2
22 1
23 1
24 4
25 1
26 1
27 2
28 5
29 8
30 1
31 3
32 1
33 3
34 1
35 5
36 2
37 2
38 1
39 4
40 3
41 2
42 8
43 3
44 4
45 6
46 2
47 4
48 2
49 2
50 6
51 2
52 1
53 4
54 5
55 2
56 1
57 1
58 1
59 1
60 4
61 1
62 1
63 5
64 4
65 2
66 7
67 4
68 4
69 1
70 3
71 2
72 1
73 2
74 2
75 1
76 3
77 2
78 1
79 7
80 3
81 1
82 7
83 6
84 8
85 1
86 5
87 3
88 1
89 3
90 1
91 6
92 4
93 1
94 4
95 2
96 1
97 3
98 1
99 1
100 1
101 4
102 1
103 1
104 3
105 1
106 8
107 2
108 6
109 2
110 2
111 2
112 1
113 7
114 7
115 1
116 4
117 1
118 1
119 2
120 3
121 8
122 2
123 8
124 1
125 1
126 3
127 6
128 3
129 5
130 3
131 3
132 1
133 1
134 2
135 1
136 1
137 2
138 1
139 6
140 2
141 2
142 2
143 3
144 1
145 4
146 2
147 4
148 3
149 7
150 4
151 2
152 6
153 3
154 5
155 1
156 8
157 5
158 1
159 2
160 4
161 4
162 2
163 1
164 4
165 6
166 5
167 6
168 1
169 1
170 3
171 3
172 4
173 2
174 3
175 1
176 1
177 1
178 1
179 7
180 1
181 7
182 3
183 5
184 2
185 1
186 1
187 1
188 1
189 3
190 8
191 1
192 6
193 1
194 7
195 1
196 2
197 1
198 7
199 3
200 4
201 1
202 1
203 3
204 1
205 4
206 2
207 2
208 1
209 8
210 2
211 1
212 1
213 3
214 7
215 2
216 4
217 1
218 1
219 2
220 4
221 2
222 1
223 5
224 8
225 3
226 1
227 3
228 2
229 5
230 1
231 2
232 1
233 3
234 6
235 4
236 1
237 3
238 1
239 6
240 4
241 8
242 1
243 5
244 1
245 7
246 1
247 4
248 4
249 1
250 3
251 6
252 1
253 1
254 1
255 7
256 1
257 2
258 4
259 3
260 5
261 8
262 1
263 2
264 1
265 7
266 4
267 2
268 1
269 1
270 5
271 6
272 4
273 8
274 1
275 2
276 3
277 2
278 5
279 1
280 3
281 6
282 1
283 4
284 6
285 3
286 1
287 2
288 5
289 1
290 2
291 8
292 2
293 5
294 4
295 5
296 3
297 8
298 7
299 2
300 2
301 7
302 5
303 1
304 2
305 6
306 4
307 1
308 4
309 3
310 8
311 3
312 4
313 2
314 2
315 6
316 7
317 2
318 2
319 6
320 1
321 1
322 2
323 2
324 3
325 2
326 2
327 5
328 7
329 5
330 1
331 1
332 2
333 2
334 1
335 4
336 1
337 1
338 3
339 1
340 8
341 7
342 4
343 1
344 4
345 7
346 4
347 2
348 8
349 1
350 1
351 1
352 1
353 2
354 5
355 1
356 5
357 3
358 1
359 7
360 3
361 1
362 1
363 2
364 5
365 4
366 2
367 4
368 3
369 2
370 6
371 2
372 3
373 1
374 2
375 3
376 1
377 2
378 7
379 4
380 3
381 3
382 5
383 5
384 3
385 4
386 4
387 2
388 7
389 2
390 2
391 2
392 1
393 5
394 2
395 5
396 1
397 1
398 3
399 7
400 3
401 4
402 3
403 3
404 2
405 7
406 2
407 1
408 1
409 1
410 2
411 3
412 3
413 4
414 6
415 4
416 5
417 2
418 1
419 4
420 8
421 1
422 2
423 4
424 4
425 1
426 2
427 1
428 2
429 3
430 8
431 1
432 4
433 1
434 6
435 2
436 3
437 5
438 2
439 2
440 4
441 3
442 1
443 2
444 2
445 1
446 1
447 1
448 3
449 5
450 2
451 4
452 1
453 3
454 2
455 4
456 1
457 1
458 5
459 1
460 1
461 2
462 1
463 4
464 3
465 1
466 4
467 3
468 2
469 1
470 6
471 3
472 2
473 1
474 2
475 3
476 4
477 3
478 1
479 2
480 3
481 2
482 6
483 3
484 1
485 1
486 3
487 4
488 2
489 2
490 7
491 2
492 2
493 1
494 1
495 1
496 1
497 2
498 1
499 4
500 7
501 2
502 1
503 6
504 1
505 1
506 1
507 4
508 2
509 8
510 2
511 7
512 3
513 5
514 2
515 2
516 8
517 3
518 1
519 2
520 4
521 7
522 3
523 1
524 3
525 1
526 1
527 6
528 1
529 1
530 4
531 1
532 4
533 4
534 2
535 6
536 3
537 2
538 1
539 5
540 1
541 1
542 2
543 4
544 1
545 4
546 3
547 2
548 2
549 1
550 1
551 2
552 2
553 2
554 2
555 1
556 1
557 4
558 1
559 6
560 5
561 2
562 2
563 7
564 8
565 1
566 3
567 4
568 2
569 3
570 1
571 4
572 2
573 1
574 8
575 2
576 5
577 4
578 6
579 2
580 2
581 2
582 2
583 1
584 5
585 2
586 7
587 4
588 5
589 4
590 4
591 1
592 1
593 8
594 3
595 3
596 2
597 4
598 1
599 5
600 7
601 2
602 1
603 2
604 4
605 1
606 1
607 2
608 1
609 5
610 1
611 2
612 2
613 2
614 1
615 1
616 1
617 2
618 6
619 3
620 1
621 4
622 1
623 1
624 2
625 2
626 4
627 1
628 1
629 1
630 4
631 3
632 1
633 7
634 1
635 2
636 4
637 6
638 1
639 1
640 2
641 7
642 1
643 5
644 1
645 4
646 5
647 2
648 1
649 1
650 1
651 3
652 7
653 2
654 1
655 6
656 1
657 6
658 1
659 4
660 2
661 1
662 3
663 1
664 1
665 1
666 1
667 7
668 1
669 2
670 1
671 2
672 2
673 1
674 4
675 1
676 3
677 3
678 1
679 8
680 3
681 2
682 4
683 2
684 3
685 6
686 6
687 2
688 8
689 6
690 1
691 2
692 4
693 3
694 4
695 1
696 4
697 2
698 1
699 1
700 1
701 1
702 6
703 6
704 4
705 1
706 1
707 2
708 1
709 7
710 5
711 1
712 3
713 3
714 1
715 2
716 6
717 3
718 2
719 7
720 5
721 3
722 5
723 1
724 6
725 1
726 1
727 2
728 2
729 2
730 1
731 1
732 8
733 1
734 1
735 5
736 3
737 3
738 6
739 1
740 7
741 2
742 3
743 6
744 2
745 4
746 2
747 1
748 1
749 3
750 3
751 2
752 1
753 2
754 6
755 2
756 8
757 4
758 4
759 3
760 2
761 1
762 3
763 6
764 3
765 2
766 2
767 4
768 2
769 3
770 3
771 2
772 5
773 2
774 1
775 7
776 2
777 3
778 4
779 1
780 6
781 8
782 5
783 1
784 5
785 3
786 5
787 2
788 6
789 1
790 1
791 2
792 6
793 5
794 3
795 1
796 1
797 1
798 3
799 2
800 1
801 3
802 2
803 1
804 3
805 1
806 2
807 3
808 1
809 2
810 1
811 1
812 5
813 1
814 3
815 1
816 5
817 1
818 1
819 5
820 2
821 2
822 1
823 2
824 2
825 5
826 1
827 2
828 1
829 2
830 2
831 1
832 1
833 2
834 2
835 2
836 1
837 2
838 3
839 1
840 8
841 7
842 4
843 6
844 2
845 1
846 1
847 2
848 1
849 1
850 7
851 2
852 1
853 7
854 8
855 3
856 3
857 4
858 2
859 2
860 1
861 4
862 6
863 1
864 7
865 5
866 1
867 4
868 1
869 4
870 2
871 3
872 2
873 8
874 2
875 2
876 1
877 5
878 1
879 2
880 1
881 3
882 2
883 6
884 1
885 2
886 1
887 1
888 2
889 1
890 5
891 1
892 4
893 1
894 4
895 1
896 3
897 4
898 3
899 2
900 2
901 1
902 3
903 8
904 6
905 1
906 8
907 4
908 2
909 2
910 1
911 3
912 3
913 1
914 1
915 4
916 2
917 1
918 6
919 1
920 1
921 5
922 2
923 1
924 2
925 1
926 2
927 2
928 4
929 4
930 7
931 2
932 4
933 1
934 6
935 1
936 2
937 3
938 1
939 3
940 2
941 1
942 3
943 4
944 1
945 7
946 4
947 5
948 2
949 2
950 2
951 1
952 1
953 2
954 7
955 1
956 1
957 2
958 2
959 7
960 3
961 1
962 1
963 6
964 4
965 6
966 4
967 2
968 1
969 2
970 4
971 6
972 1
973 2
974 8
975 1
976 2
977 5
978 1
979 5
980 3
981 1
982 2
983 7
984 1
985 1
986 7
987 3
988 3
989 1
990 7
991 2
992 2
993 2
994 1
995 5
996 7
997 8
998 1
999 2
1000 3