348154
1 0
2 3
3 6
4 6
5 0
6 3
7 7
8 4
9 1
10 3
11 2
12 5
13 0
14 1
15 1
16 0
17 7
18 0
19 0
20 6
21 6
22 0
23 8
24 3
25 3
26 5
27 0
28 6
29 0
30 0
1 4
2 5
3 1
4 3
5 3
6 4
7 8
8 5
9 4
10 7
11 7
12 3
13 6
14 3
15 4
16 1
17 4
18 1
19 5
20 3
21 3
22 4
23 3
24 2
25 7
26 4
27 2
28 8
29 5
30 2
31 2
32 1
33 2
34 1
35 8
36 2
37 2
38 2
39 8
40 6
41 3
42 4
43 1
44 2
45 4
46 8
47 6
48 4
49 5
50 6
51 5
52 5
53 2
54 4
55 2
56 1
57 1
58 7
59 3
60 5
61 1
62 8
63 3
64 4
65 5
66 7
67 3
68 2
69 3
70 7
71 6
72 1
73 4
74 7
75 2
76 4
77 5
78 3
79 5
80 5
81 4
82 1
83 2
84 3
85 5
86 7
87 6
88 4
89 1
90 6
91 4
92 4
93 1
94 1
95 2
96 1
97 1
98 6
99 2
100 4
101 7
102 4
103 2
104 5
105 6
106 1
107 8
108 3
109 5
110 4
111 5
112 2
113 2
114 2
115 2
116 2
117 4
118 4
119 4
120 5
121 4
122 7
123 4
124 6
125 4
126 7
127 3
128 1
129 3
130 5
131 3
132 4
133 2
134 6
135 2
136 4
137 3
138 1
139 5
140 5
141 2
142 4
143 2
144 7
145 7
146 5
147 3
148 7
149 8
150 5
151 1
152 5
153 6
154 1
155 2
156 2
157 3
158 3
159 5
160 3
161 6
162 4
163 2
164 1
165 4
166 3
167 3
168 4
169 1
170 2
171 6
172 2
173 4
174 2
175 3
176 8
177 1
178 5
179 4
180 4
181 1
182 8
183 5
184 6
185 8
186 3
187 1
188 1
189 4
190 4
191 2
192 3
193 2
194 8
195 2
196 5
197 6
198 4
199 4
200 8
201 4
202 5
203 2
204 4
205 3
206 4
207 3
208 2
209 4
210 5
211 2
212 7
213 1
214 4
215 1
216 2
217 1
218 4
219 1
220 4
221 5
222 4
223 3
224 3
225 4
226 3
227 4
228 5
229 2
230 1
231 3
232 3
233 2
234 6
235 4
236 4
237 2
238 1
239 2
240 3
241 3
242 6
243 1
244 5
245 3
246 6
247 4
248 8
249 4
250 8