512626
1 0
2 6
3 0
4 0
5 0
6 0
7 0
8 1
9 0
10 0
11 0
12 0
13 0
14 0
15 0
16 0
17 0
18 0
19 2
20 5
21 0
22 7
23 0
24 0
25 0
26 0
27 0
28 0
29 0
30 0
31 0
32 3
33 0
34 0
35 4
36 0
37 0
38 0
39 0
40 0
41 0
42 8
43 0
44 0
45 0
46 0
47 0
48 0
49 0
50 0
1 6
2 1
3 3
4 7
5 3
6 4
7 4
8 5
9 1
10 7
11 3
12 4
13 2
14 7
15 4
16 8
17 4
18 2
19 5
20 2
21 3
22 1
23 1
24 7
25 1
26 4
27 3
28 2
29 3
30 6
31 3
32 1
33 2
34 2
35 4
36 2
37 4
38 1
39 5
40 7
41 2
42 5
43 4
44 4
45 3
46 5
47 4
48 8
49 1
50 1
51 7
52 3
53 8
54 5
55 6
56 3
57 4
58 4
59 2
60 2
61 1
62 2
63 2
64 2
65 3
66 4
67 5
68 4
69 6
70 3
71 6
72 4
73 1
74 4
75 6
76 7
77 4
78 1
79 3
80 6
81 5
82 4
83 3
84 1
85 6
86 4
87 4
88 4
89 4
90 7
91 1
92 3
93 5
94 8
95 5
96 4
97 4
98 2
99 7
100 5
101 2
102 2
103 2
104 6
105 7
106 3
107 3
108 1
109 2
110 1
111 2
112 6
113 6
114 3
115 4
116 2
117 4
118 4
119 5
120 4
121 7
122 2
123 1
124 5
125 4
126 3
127 4
128 3
129 2
130 4
131 1
132 5
133 6
134 4
135 5
136 5
137 3
138 2
139 4
140 1
141 4
142 3
143 2
144 8
145 2
146 6
147 2
148 3
149 1
150 7
151 7
152 6
153 6
154 2
155 5
156 2
157 6
158 3
159 4
160 8
161 2
162 5
163 3
164 4
165 5
166 4
167 2
168 2
169 2
170 1
171 8
172 4
173 1
174 2
175 6
176 2
177 5
178 1
179 1
180 2
181 4
182 8
183 4
184 5
185 5
186 4
187 6
188 6
189 4
190 3
191 5
192 2
193 3
194 4
195 8
196 6
197 2
198 1
199 2
200 5
201 4
202 2
203 4
204 4
205 7
206 3
207 3
208 4
209 5
210 7
211 8
212 4
213 7
214 5
215 2
216 3
217 2
218 4
219 4
220 3
221 8
222 2
223 1
224 2
225 5
226 3
227 2
228 7
229 6
230 4
231 3
232 2
233 2
234 4
235 1
236 4
237 1
238 4
239 2
240 5
241 2
242 2
243 2
244 4
245 5
246 2
247 2
248 3
249 1
250 3
251 8
252 2
253 3
254 1
255 5
256 1
257 2
258 7
259 6
260 5
261 3
262 4
263 5
264 1
265 4
266 6
267 7
268 1
269 2
270 5
271 3
272 3
273 5
274 3
275 3
276 2
277 4
278 4
279 2
280 7
281 3
282 3
283 2
284 6
285 6
286 6
287 5
288 3
289 2
290 5
291 3
292 4
293 2
294 7
295 6
296 7
297 4
298 5
299 1
300 5
301 5
302 7
303 1
304 3
305 3
306 3
307 4
308 8
309 2
310 4
311 5
312 3
313 2
314 4
315 1
316 3
317 2
318 3
319 4
320 7
321 6
322 7
323 2
324 2
325 4
326 3
327 1
328 5
329 8
330 6
331 1
332 4
333 5
334 2
335 2
336 3
337 8
338 5
339 2
340 3
341 5
342 6
343 6
344 3
345 1
346 2
347 3
348 2
349 4
350 4
351 3
352 1
353 1
354 5
355 3
356 5
357 7
358 2
359 4
360 1
361 5
362 3
363 2
364 6
365 5
366 8
367 3
368 6
369 4
370 6
371 2
372 2
373 5
374 7
375 7
376 1
377 7
378 7
379 5
380 2
381 8
382 2
383 2
384 1
385 8
386 3
387 4
388 5
389 7
390 6
391 1
392 1
393 5
394 6
395 4
396 2
397 3
398 7
399 5
400 1
401 7
402 5
403 2
404 7
405 4
406 6
407 7
408 3
409 2
410 2
411 2
412 6
413 3
414 4
415 4
416 7
417 2
418 3
419 2
420 4
421 3
422 7
423 3
424 2
425 3
426 6
427 1
428 2
429 2
430 5
431 3
432 2
433 7
434 2
435 6
436 1
437 1
438 3
439 5
440 4
441 1
442 7
443 2
444 2
445 6
446 7
447 2
448 5
449 2
450 6
451 3
452 2
453 4
454 6
455 1
456 4
457 4
458 6
459 2
460 1
461 4
462 4
463 4
464 3
465 2
466 7
467 7
468 2
469 7
470 2
471 3
472 3
473 1
474 1
475 4
476 5
477 8
478 3
479 1
480 3
481 6
482 6
483 2
484 3
485 7
486 2
487 5
488 6
489 7
490 5
491 3
492 2
493 5
494 4
495 3
496 1
497 2
498 8
499 4
500 7
501 6
502 1
503 6
504 2
505 1
506 5
507 3
508 2
509 6
510 6
511 4
512 4
513 1
514 2
515 5
516 7
517 1
518 5
519 4
520 1
521 6
522 1
523 8
524 3
525 3
526 2
527 6
528 3
529 7
530 3
531 4
532 2
533 8
534 3
535 7
536 2
537 1
538 4
539 2
540 4
541 6
542 4
543 4
544 2
545 2
546 2
547 4
548 2
549 2
550 5
551 3
552 2
553 3
554 7
555 5
556 2
557 3
558 4
559 2
560 2
561 4
562 3
563 1
564 6
565 2
566 7
567 4
568 3
569 3
570 1
571 2
572 4
573 2
574 7
575 5
576 5
577 2
578 2
579 2
580 2
581 6
582 3
583 1
584 7
585 7
586 4
587 2
588 4
589 5
590 4
591 5
592 6
593 4
594 8
595 4
596 2
597 4
598 2
599 6
600 8
601 5
602 1
603 6
604 1
605 1
606 5
607 7
608 3
609 4
610 6
611 3
612 4
613 5
614 5
615 5
616 1
617 4
618 8
619 5
620 3
621 1
622 1
623 5
624 5
625 5
626 5
627 4
628 4
629 2
630 4
631 5
632 4
633 4
634 6
635 8
636 2
637 8
638 5
639 2
640 2
641 3
642 3
643 4
644 5
645 2
646 3
647 2
648 6
649 6
650 5
651 2
652 4
653 2
654 4
655 3
656 6
657 3
658 3
659 5
660 8
661 3
662 7
663 6
664 1
665 3
666 5
667 1
668 3
669 4
670 5
671 3
672 3
673 3
674 6
675 3
676 4
677 6
678 4
679 7
680 8
681 2
682 5
683 4
684 3
685 7
686 5
687 5
688 6
689 1
690 4
691 2
692 6
693 2
694 3
695 5
696 8
697 4
698 3
699 5
700 4
701 4
702 1
703 1
704 3
705 5
706 6
707 2
708 3
709 7
710 1
711 5
712 5
713 6
714 5
715 2
716 5
717 8
718 7
719 1
720 3
721 1
722 1
723 2
724 2
725 2
726 2
727 7
728 3
729 5
730 2
731 2
732 1
733 8
734 1
735 1
736 3
737 1
738 6
739 4
740 8
741 5
742 1
743 4
744 4
745 2
746 3
747 7
748 8
749 2
750 7
751 5
752 4
753 3
754 3
755 2
756 3
757 6
758 7
759 3
760 5
761 2
762 1
763 4
764 8
765 4
766 4
767 3
768 4
769 6
770 5
771 5
772 7
773 7
774 3
775 5
776 2
777 7
778 1
779 1
780 3
781 5
782 3
783 2
784 5
785 3
786 8
787 3
788 5
789 1
790 4
791 4
792 4
793 4
794 4
795 2
796 3
797 2
798 4
799 8
800 8
801 4
802 6
803 3
804 3
805 8
806 4
807 8
808 4
809 5
810 3
811 4
812 3
813 4
814 5
815 4
816 1
817 4
818 7
819 6
820 3
821 3
822 5
823 2
824 4
825 1
826 7
827 6
828 7
829 3
830 6
831 1
832 6
833 2
834 6
835 1
836 5
837 4
838 3
839 8
840 3
841 4
842 3
843 5
844 3
845 6
846 2
847 4
848 3
849 4
850 2
851 3
852 3
853 3
854 3
855 6
856 2
857 1
858 4
859 1
860 5
861 7
862 1
863 6
864 7
865 5
866 4
867 6
868 4
869 1
870 4
871 4
872 2
873 4
874 2
875 3
876 7
877 8
878 4
879 6
880 3
881 6
882 3
883 8
884 7
885 6
886 6
887 5
888 1
889 4
890 2
891 8
892 1
893 6
894 2
895 5
896 5
897 2
898 1
899 4
900 7
901 1
902 3
903 4
904 7
905 1
906 2
907 5
908 3
909 1
910 8
911 2
912 8
913 4
914 8
915 2
916 3
917 1
918 3
919 2
920 4
921 2
922 4
923 5
924 5
925 2
926 3
927 2
928 1
929 4
930 3
931 4
932 4
933 4
934 1
935 6
936 4
937 2
938 7
939 7
940 4
941 6
942 2
943 2
944 3
945 1
946 5
947 6
948 2
949 3
950 4
951 7
952 2
953 4
954 3
955 4
956 5
957 3
958 4
959 3
960 3
961 3
962 2
963 4
964 2
965 3
966 2
967 2
968 2
969 7
970 2
971 2
972 1
973 2
974 3
975 3
976 6
977 3
978 1
979 4
980 8
981 4
982 2
983 2
984 3
985 6
986 7
987 5
988 3
989 5
990 8
991 8
992 8
993 3
994 2
995 5
996 4
997 2
998 1
999 2
1000 6