409894
1 0
2 0
3 0
4 0
5 0
6 0
7 0
8 0
9 3
10 0
11 0
12 9
13 0
14 0
15 0
16 0
17 0
18 0
19 0
20 0
21 12
22 0
23 0
24 0
25 0
26 0
27 0
28 0
29 7
30 6
31 0
32 0
33 0
34 0
35 10
36 8
37 2
38 0
39 0
40 0
41 0
42 1
43 5
44 0
45 4
46 0
47 0
48 11
49 0
50 0
1 4
2 3
3 3
4 2
5 8
6 1
7 1
8 3
9 1
10 1
11 1
12 9
13 1
14 1
15 3
16 6
17 3
18 1
19 1
20 1
21 4
22 11
23 4
24 12
25 8
26 3
27 3
28 2
29 7
30 1
31 1
32 2
33 2
34 1
35 1
36 2
37 1
38 1
39 8
40 8
41 4
42 9
43 1
44 4
45 1
46 9
47 11
48 1
49 8
50 1
51 1
52 2
53 1
54 11
55 1
56 2
57 1
58 6
59 6
60 1
61 1
62 1
63 4
64 9
65 1
66 2
67 7
68 2
69 1
70 11
71 3
72 1
73 11
74 5
75 1
76 5
77 1
78 3
79 10
80 12
81 6
82 6
83 9
84 7
85 1
86 1
87 10
88 1
89 3
90 8
91 2
92 1
93 1
94 1
95 2
96 1
97 1
98 1
99 12
100 2
101 7
102 11
103 1
104 10
105 2
106 2
107 11
108 5
109 10
110 1
111 12
112 5
113 1
114 2
115 1
116 1
117 3
118 1
119 11
120 7
121 1
122 8
123 4
124 1
125 2
126 2
127 1
128 11
129 1
130 10
131 2
132 1
133 1
134 3
135 1
136 1
137 2
138 4
139 1
140 9
141 9
142 7
143 1
144 3
145 1
146 1
147 10
148 4
149 7
150 6
151 3
152 2
153 8
154 5
155 3
156 6
157 8
158 2
159 1
160 2
161 4
162 3
163 1
164 12
165 4
166 6
167 3
168 1
169 9
170 4
171 7
172 4
173 1
174 2
175 2
176 1
177 7
178 1
179 1
180 6
181 9
182 3
183 4
184 2
185 1
186 2
187 1
188 1
189 4
190 7
191 3
192 5
193 3
194 7
195 1
196 8
197 5
198 9
199 4
200 4
201 5
202 1
203 3
204 4
205 1
206 1
207 5
208 6
209 7
210 1
211 4
212 2
213 7
214 1
215 8
216 1
217 3
218 1
219 1
220 1
221 1
222 4
223 4
224 6
225 4
226 5
227 1
228 6
229 1
230 8
231 2
232 7
233 8
234 3
235 2
236 3
237 1
238 1
239 1
240 8
241 4
242 12
243 5
244 1
245 1
246 1
247 1
248 1
249 12
250 1
251 2
252 2
253 2
254 2
255 1
256 10
257 5
258 8
259 7
260 6
261 1
262 4
263 10
264 1
265 1
266 1
267 5
268 6
269 6
270 1
271 1
272 5
273 4
274 4
275 11
276 1
277 4
278 4
279 1
280 1
281 1
282 7
283 1
284 4
285 1
286 2
287 3
288 1
289 4
290 12
291 2
292 2
293 9
294 5
295 5
296 6
297 1
298 11
299 1
300 8
301 6
302 1
303 2
304 9
305 1
306 7
307 1
308 5
309 1
310 3
311 9
312 7
313 3
314 1
315 3
316 9
317 1
318 5
319 3
320 11
321 10
322 2
323 3
324 12
325 3
326 12
327 5
328 10
329 3
330 10
331 1
332 3
333 5
334 7
335 1
336 1
337 1
338 2
339 2
340 7
341 2
342 2
343 2
344 1
345 5
346 2
347 1
348 2
349 2
350 3
351 7
352 1
353 4
354 1
355 10
356 1
357 10
358 1
359 2
360 6
361 2
362 1
363 8
364 6
365 1
366 3
367 1
368 1
369 5
370 2
371 5
372 12
373 4
374 7
375 1
376 2
377 5
378 1
379 2
380 6
381 2
382 1
383 1
384 1
385 10
386 1
387 12
388 2
389 11
390 1
391 1
392 11
393 5
394 4
395 1
396 3
397 1
398 1
399 1
400 9
401 1
402 3
403 1
404 1
405 7
406 1
407 6
408 1
409 12
410 2
411 2
412 5
413 2
414 9
415 1
416 1
417 1
418 1
419 1
420 7
421 4
422 3
423 4
424 5
425 9
426 4
427 3
428 11
429 4
430 6
431 1
432 2
433 8
434 2
435 10
436 3
437 2
438 1
439 1
440 8
441 1
442 1
443 8
444 4
445 6
446 12
447 8
448 4
449 2
450 5
451 1
452 8
453 6
454 8
455 4
456 3
457 1
458 6
459 2
460 11
461 11
462 3
463 1
464 12
465 7
466 6
467 9
468 1
469 1
470 2
471 4
472 4
473 11
474 1
475 1
476 8
477 10
478 8
479 4
480 1
481 1
482 3
483 1
484 1
485 1
486 1
487 1
488 1
489 3
490 1
491 2
492 1
493 1
494 3
495 3
496 2
497 10
498 2
499 1
500 5