535028
1 2
2 1
3 0
4 5
5 0
6 6
7 0
8 0
9 0
10 0
11 0
12 7
13 0
14 0
15 0
16 0
17 8
18 0
19 0
20 0
21 0
22 0
23 0
24 0
25 4
26 0
27 0
28 3
29 0
30 0
1 1
2 7
3 2
4 1
5 3
6 3
7 6
8 5
9 4
10 6
11 5
12 8
13 1
14 5
15 7
16 4
17 3
18 2
19 7
20 4
21 4
22 3
23 5
24 2
25 8
26 2
27 1
28 1
29 3
30 1
31 4
32 4
33 1
34 1
35 2
36 6
37 3
38 4
39 1
40 6
41 4
42 1
43 1
44 2
45 2
46 5
47 1
48 2
49 3
50 1
51 3
52 8
53 6
54 3
55 1
56 3
57 7
58 2
59 3
60 2
61 6
62 6
63 6
64 3
65 3
66 1
67 8
68 1
69 6
70 1
71 8
72 2
73 1
74 5
75 7
76 1
77 1
78 8
79 1
80 7
81 2
82 3
83 4
84 6
85 2
86 1
87 1
88 1
89 3
90 1
91 6
92 3
93 5
94 8
95 5
96 1
97 3
98 2
99 7
100 1
101 5
102 1
103 1
104 5
105 1
106 1
107 6
108 3
109 1
110 3
111 3
112 3
113 5
114 1
115 6
116 7
117 3
118 1
119 1
120 1
121 6
122 3
123 2
124 1
125 2
126 1
127 1
128 2
129 5
130 2
131 1
132 8
133 2
134 7
135 3
136 5
137 2
138 1
139 1
140 2
141 1
142 1
143 1
144 7
145 1
146 4
147 1
148 1
149 3
150 7
151 6
152 2
153 4
154 5
155 1
156 2
157 3
158 1
159 4
160 3
161 7
162 1
163 1
164 3
165 7
166 1
167 5
168 5
169 3
170 6
171 1
172 2
173 1
174 2
175 3
176 5
177 2
178 4
179 5
180 4
181 2
182 1
183 6
184 2
185 4
186 7
187 2
188 2
189 5
190 3
191 2
192 3
193 1
194 6
195 4
196 6
197 1
198 1
199 1
200 8
201 5
202 5
203 8
204 3
205 3
206 2
207 1
208 1
209 7
210 7
211 2
212 7
213 3
214 1
215 2
216 8
217 2
218 2
219 3
220 1
221 5
222 5
223 3
224 1
225 8
226 3
227 5
228 8
229 1
230 5
231 6
232 5
233 3
234 1
235 2
236 4
237 6
238 1
239 5
240 1
241 6
242 8
243 6
244 2
245 1
246 3
247 3
248 4
249 6
250 2
251 1
252 1
253 1
254 3
255 1
256 7
257 6
258 1
259 7
260 1
261 1
262 5
263 3
264 8
265 1
266 7
267 2
268 5
269 6
270 2
271 5
272 5
273 2
274 6
275 3
276 3
277 2
278 1
279 2
280 3
281 1
282 3
283 2
284 1
285 3
286 5
287 2
288 1
289 1
290 2
291 1
292 3
293 3
294 5
295 3
296 8
297 2
298 1
299 3
300 1
301 2
302 8
303 8
304 1
305 1
306 4
307 6
308 1
309 1
310 1
311 1
312 6
313 2
314 5
315 6
316 5
317 3
318 6
319 5
320 6
321 2
322 4
323 1
324 7
325 5
326 2
327 3
328 3
329 1
330 1
331 1
332 3
333 6
334 7
335 6
336 1
337 2
338 1
339 1
340 1
341 3
342 4
343 4
344 2
345 1
346 4
347 4
348 7
349 1
350 1
351 4
352 8
353 2
354 2
355 3
356 2
357 3
358 4
359 1
360 1
361 2
362 1
363 8
364 1
365 3
366 1
367 1
368 8
369 2
370 1
371 7
372 5
373 1
374 2
375 1
376 1
377 4
378 2
379 4
380 1
381 3
382 2
383 3
384 1
385 4
386 1
387 1
388 2
389 2
390 4
391 1
392 7
393 1
394 1
395 3
396 2
397 1
398 2
399 2
400 1
401 1
402 2
403 6
404 4
405 3
406 6
407 2
408 1
409 8
410 3
411 2
412 1
413 4
414 1
415 5
416 2
417 1
418 2
419 5
420 4
421 8
422 1
423 4
424 4
425 1
426 3
427 3
428 3
429 1
430 3
431 7
432 3
433 6
434 2
435 1
436 7
437 4
438 1
439 5
440 1
441 1
442 1
443 5
444 3
445 1
446 6
447 7
448 3
449 1
450 2
451 5
452 1
453 3
454 3
455 2
456 2
457 2
458 2
459 3
460 4
461 3
462 8
463 6
464 3
465 6
466 7
467 6
468 7
469 5
470 7
471 2
472 3
473 4
474 4
475 3
476 8
477 2
478 2
479 4
480 2
481 3
482 2
483 1
484 3
485 2
486 4
487 2
488 8
489 1
490 4
491 1
492 2
493 1
494 7
495 3
496 1
497 4
498 2
499 4
500 2
501 3
502 4
503 4
504 6
505 6
506 2
507 4
508 2
509 3
510 6
511 5
512 1
513 2
514 1
515 1
516 1
517 1
518 4
519 4
520 1
521 1
522 2
523 2
524 5
525 3
526 7
527 1
528 6
529 5
530 6
531 8
532 3
533 2
534 6
535 1
536 1
537 6
538 4
539 6
540 2
541 4
542 2
543 2
544 1
545 1
546 4
547 1
548 2
549 2
550 2
551 1
552 7
553 5
554 3
555 1
556 3
557 2
558 4
559 1
560 1
561 7
562 1
563 3
564 3
565 3
566 2
567 3
568 1
569 6
570 1
571 1
572 1
573 2
574 7
575 1
576 6
577 3
578 1
579 3
580 1
581 4
582 2
583 6
584 7
585 3
586 3
587 7
588 1
589 4
590 2
591 1
592 1
593 3
594 7
595 1
596 6
597 2
598 7
599 7
600 3
601 4
602 1
603 1
604 1
605 6
606 5
607 1
608 2
609 6
610 6
611 6
612 1
613 2
614 1
615 1
616 2
617 5
618 2
619 5
620 2
621 1
622 8
623 3
624 2
625 1
626 2
627 1
628 1
629 1
630 8
631 3
632 6
633 5
634 7
635 1
636 3
637 2
638 3
639 4
640 1
641 8
642 5
643 4
644 1
645 7
646 1
647 5
648 7
649 3
650 4
651 6
652 5
653 1
654 1
655 6
656 5
657 3
658 2
659 7
660 2
661 2
662 1
663 1
664 1
665 5
666 1
667 6
668 1
669 2
670 2
671 3
672 1
673 2
674 1
675 4
676 2
677 2
678 1
679 7
680 2
681 4
682 4
683 8
684 3
685 2
686 7
687 1
688 5
689 8
690 8
691 4
692 4
693 1
694 6
695 1
696 1
697 1
698 2
699 3
700 1
701 1
702 1
703 6
704 2
705 1
706 2
707 5
708 2
709 5
710 5
711 6
712 4
713 1
714 1
715 1
716 1
717 5
718 1
719 8
720 2
721 5
722 5
723 3
724 5
725 3
726 1
727 5
728 3
729 3
730 1
731 8
732 4
733 4
734 1
735 7
736 3
737 1
738 2
739 6
740 2
741 3
742 4
743 1
744 1
745 8
746 1
747 1
748 5
749 7
750 1
751 1
752 1
753 8
754 5
755 7
756 5
757 1
758 2
759 7
760 1
761 4
762 8
763 2
764 1
765 1
766 2
767 7
768 7
769 3
770 4
771 7
772 5
773 7
774 4
775 4
776 1
777 1
778 6
779 1
780 1
781 4
782 3
783 6
784 2
785 1
786 2
787 3
788 2
789 7
790 3
791 2
792 1
793 2
794 4
795 1
796 2
797 4
798 6
799 1
800 1
801 2
802 4
803 3
804 8
805 1
806 4
807 3
808 1
809 8
810 4
811 1
812 2
813 3
814 1
815 3
816 2
817 6
818 5
819 2
820 6
821 1
822 1
823 2
824 5
825 2
826 1
827 2
828 3
829 6
830 4
831 2
832 2
833 5
834 8
835 5
836 8
837 6
838 2
839 2
840 8
841 3
842 1
843 2
844 8
845 3
846 4
847 1
848 1
849 2
850 2
851 1
852 8
853 3
854 2
855 2
856 5
857 3
858 1
859 2
860 1
861 2
862 1
863 4
864 4
865 1
866 2
867 1
868 1
869 6
870 5
871 3
872 1
873 4
874 3
875 1
876 4
877 3
878 2
879 1
880 6
881 1
882 1
883 1
884 1
885 8
886 2
887 5
888 8
889 1
890 1
891 1
892 5
893 1
894 1
895 2
896 5
897 1
898 8
899 1
900 4
901 7
902 5
903 2
904 3
905 1
906 1
907 5
908 5
909 1
910 6
911 2
912 5
913 4
914 1
915 1
916 7
917 1
918 8
919 8
920 1
921 1
922 3
923 5
924 3
925 1
926 1
927 3
928 4
929 6
930 2
931 2
932 2
933 1
934 1
935 2
936 1
937 1
938 2
939 8
940 1
941 2
942 5
943 3
944 3
945 6
946 3
947 5
948 4
949 1
950 1
951 4
952 1
953 2
954 1
955 1
956 1
957 5
958 5
959 2
960 2
961 4
962 2
963 6
964 3
965 2
966 1
967 5
968 2
969 1
970 1
971 1
972 3
973 3
974 6
975 4
976 1
977 5
978 3
979 1
980 2
981 1
982 3
983 6
984 2
985 3
986 4
987 1
988 2
989 2
990 4
991 6
992 3
993 7
994 1
995 1
996 3
997 1
998 3
999 4
1000 7