154812
1 2
2 8
3 0
4 0
5 1
6 0
7 0
8 0
9 0
10 7
11 6
12 0
13 0
14 0
15 0
16 0
17 0
18 0
19 0
20 0
21 0
22 0
23 4
24 0
25 0
26 0
27 0
28 5
29 3
30 0
1 5
2 6
3 4
4 4
5 3
6 8
7 6
8 2
9 7
10 3
11 4
12 1
13 1
14 3
15 5
16 8
17 2
18 5
19 1
20 1
21 1
22 3
23 1
24 4
25 2
26 3
27 1
28 4
29 1
30 2
31 7
32 3
33 3
34 1
35 5
36 6
37 5
38 1
39 2
40 7
41 2
42 2
43 3
44 3
45 1
46 7
47 6
48 2
49 6
50 1
51 3
52 4
53 1
54 3
55 4
56 2
57 8
58 5
59 3
60 7
61 7
62 4
63 3
64 5
65 8
66 1
67 2
68 5
69 4
70 3
71 2
72 1
73 1
74 3
75 1
76 2
77 7
78 3
79 5
80 6
81 4
82 1
83 5
84 3
85 2
86 3
87 2
88 3
89 4
90 3
91 1
92 5
93 1
94 1
95 6
96 4
97 3
98 2
99 3
100 1
101 3
102 5
103 1
104 5
105 7
106 4
107 1
108 4
109 6
110 8
111 7
112 3
113 4
114 6
115 7
116 1
117 3
118 2
119 5
120 5
121 1
122 1
123 5
124 3
125 5
126 2
127 6
128 2
129 8
130 2
131 8
132 3
133 1
134 4
135 8
136 8
137 1
138 2
139 2
140 5
141 2
142 1
143 3
144 6
145 2
146 2
147 2
148 4
149 2
150 2
151 5
152 1
153 1
154 2
155 4
156 8
157 1
158 2
159 1
160 1
161 2
162 8
163 2
164 4
165 3
166 4
167 2
168 2
169 2
170 2
171 1
172 6
173 3
174 1
175 4
176 2
177 4
178 2
179 1
180 3
181 1
182 3
183 1
184 1
185 6
186 3
187 1
188 3
189 2
190 8
191 6
192 4
193 4
194 1
195 5
196 5
197 2
198 3
199 6
200 5
201 5
202 1
203 3
204 1
205 6
206 4
207 4
208 4
209 3
210 8
211 2
212 3
213 1
214 3
215 1
216 2
217 1
218 2
219 3
220 7
221 4
222 2
223 1
224 4
225 2
226 2
227 3
228 1
229 2
230 7
231 3
232 2
233 3
234 3
235 2
236 2
237 2
238 1
239 6
240 2
241 7
242 8
243 4
244 6
245 1
246 2
247 2
248 4
249 4
250 1