1206507
1 0
2 1
3 3
4 0
5 0
6 0
7 0
8 3
9 0
10 0
11 0
12 0
13 1
14 6
15 0
16 0
17 8
18 4
19 0
20 0
21 0
22 4
23 0
24 6
25 0
26 0
27 2
28 4
29 0
30 0
31 2
32 0
33 0
34 8
35 0
36 6
37 7
38 2
39 0
40 0
41 0
42 5
43 1
44 7
45 6
46 0
47 8
48 0
49 0
50 3
1 1
2 4
3 3
4 4
5 5
6 2
7 2
8 1
9 5
10 1
11 4
12 2
13 2
14 3
15 5
16 1
17 2
18 2
19 3
20 3
21 4
22 2
23 1
24 2
25 4
26 2
27 2
28 2
29 1
30 3
31 1
32 3
33 2
34 2
35 4
36 2
37 6
38 7
39 3
40 7
41 3
42 4
43 2
44 2
45 2
46 2
47 5
48 3
49 2
50 1
51 7
52 3
53 6
54 4
55 6
56 3
57 4
58 4
59 2
60 3
61 3
62 2
63 1
64 2
65 2
66 2
67 2
68 8
69 3
70 2
71 7
72 2
73 3
74 2
75 2
76 2
77 2
78 6
79 7
80 6
81 4
82 5
83 2
84 1
85 2
86 3
87 6
88 5
89 4
90 2
91 6
92 2
93 8
94 2
95 1
96 2
97 3
98 2
99 1
100 2
101 2
102 2
103 3
104 5
105 2
106 2
107 2
108 2
109 6
110 1
111 2
112 7
113 3
114 6
115 1
116 2
117 2
118 3
119 2
120 2
121 1
122 8
123 7
124 4
125 2
126 2
127 3
128 6
129 5
130 1
131 5
132 8
133 1
134 3
135 1
136 1
137 3
138 2
139 2
140 8
141 5
142 7
143 3
144 6
145 3
146 6
147 4
148 7
149 2
150 2
151 5
152 7
153 5
154 5
155 8
156 2
157 3
158 6
159 2
160 2
161 3
162 7
163 2
164 4
165 2
166 2
167 2
168 4
169 6
170 2
171 4
172 1
173 6
174 2
175 2
176 5
177 2
178 5
179 6
180 6
181 5
182 3
183 5
184 4
185 2
186 3
187 2
188 8
189 4
190 2
191 8
192 2
193 2
194 2
195 1
196 2
197 2
198 5
199 2
200 2
201 4
202 6
203 6
204 4
205 2
206 5
207 8
208 1
209 3
210 7
211 8
212 2
213 2
214 2
215 4
216 6
217 3
218 3
219 2
220 2
221 2
222 3
223 2
224 5
225 6
226 4
227 4
228 1
229 3
230 4
231 2
232 2
233 6
234 1
235 5
236 1
237 1
238 5
239 4
240 6
241 2
242 2
243 2
244 2
245 2
246 6
247 6
248 1
249 6
250 3
251 8
252 5
253 3
254 6
255 2
256 2
257 2
258 3
259 4
260 2
261 8
262 6
263 1
264 2
265 2
266 3
267 7
268 2
269 3
270 4
271 2
272 8
273 6
274 1
275 2
276 3
277 5
278 2
279 3
280 2
281 3
282 2
283 3
284 6
285 3
286 5
287 6
288 6
289 6
290 8
291 2
292 2
293 1
294 8
295 3
296 4
297 8
298 7
299 6
300 6
301 7
302 6
303 6
304 2
305 7
306 2
307 2
308 2
309 1
310 4
311 3
312 2
313 2
314 1
315 1
316 1
317 7
318 6
319 2
320 2
321 4
322 3
323 4
324 5
325 6
326 1
327 7
328 4
329 2
330 4
331 2
332 2
333 8
334 3
335 5
336 2
337 5
338 1
339 2
340 1
341 3
342 3
343 3
344 6
345 6
346 6
347 2
348 3
349 1
350 3
351 1
352 8
353 3
354 5
355 4
356 1
357 2
358 2
359 5
360 3
361 5
362 2
363 3
364 6
365 8
366 7
367 2
368 3
369 4
370 1
371 7
372 6
373 5
374 2
375 8
376 1
377 2
378 4
379 5
380 6
381 2
382 4
383 5
384 2
385 6
386 1
387 1
388 2
389 6
390 7
391 1
392 6
393 6
394 5
395 6
396 2
397 5
398 4
399 6
400 2
401 5
402 4
403 5
404 2
405 4
406 5
407 1
408 7
409 7
410 1
411 2
412 3
413 5
414 5
415 4
416 1
417 2
418 2
419 2
420 6
421 4
422 3
423 5
424 2
425 5
426 2
427 5
428 2
429 6
430 7
431 6
432 4
433 4
434 3
435 3
436 5
437 5
438 4
439 2
440 4
441 6
442 6
443 7
444 4
445 1
446 8
447 8
448 1
449 3
450 1
451 1
452 2
453 4
454 7
455 6
456 3
457 1
458 5
459 6
460 8
461 2
462 4
463 4
464 2
465 6
466 8
467 3
468 2
469 3
470 5
471 1
472 4
473 6
474 4
475 5
476 3
477 4
478 5
479 7
480 3
481 3
482 7
483 7
484 3
485 8
486 7
487 3
488 6
489 2
490 5
491 2
492 1
493 1
494 3
495 2
496 2
497 8
498 4
499 2
500 7
501 8
502 7
503 2
504 2
505 3
506 2
507 4
508 2
509 4
510 6
511 5
512 2
513 2
514 7
515 1
516 3
517 2
518 1
519 3
520 2
521 1
522 1
523 3
524 2
525 8
526 4
527 3
528 2
529 2
530 2
531 2
532 6
533 7
534 1
535 2
536 5
537 2
538 7
539 7
540 2
541 5
542 1
543 4
544 3
545 2
546 3
547 2
548 7
549 8
550 5
551 2
552 5
553 8
554 4
555 2
556 2
557 7
558 8
559 4
560 3
561 8
562 2
563 4
564 3
565 3
566 3
567 2
568 3
569 4
570 8
571 5
572 1
573 8
574 4
575 3
576 2
577 2
578 8
579 2
580 2
581 3
582 8
583 2
584 6
585 3
586 4
587 6
588 6
589 6
590 4
591 7
592 6
593 6
594 3
595 2
596 2
597 5
598 1
599 2
600 5
601 7
602 6
603 2
604 3
605 7
606 8
607 6
608 5
609 6
610 2
611 3
612 3
613 2
614 8
615 2
616 2
617 3
618 8
619 6
620 2
621 6
622 5
623 7
624 2
625 5
626 3
627 2
628 8
629 7
630 6
631 3
632 2
633 4
634 6
635 4
636 5
637 5
638 3
639 1
640 4
641 2
642 8
643 6
644 2
645 3
646 1
647 2
648 5
649 2
650 4
651 5
652 2
653 5
654 3
655 2
656 2
657 2
658 4
659 4
660 2
661 2
662 3
663 4
664 6
665 5
666 2
667 6
668 2
669 3
670 6
671 8
672 2
673 4
674 3
675 5
676 4
677 2
678 2
679 4
680 2
681 5
682 4
683 3
684 4
685 2
686 3
687 8
688 2
689 2
690 2
691 1
692 2
693 1
694 6
695 2
696 3
697 7
698 2
699 2
700 2
701 2
702 5
703 4
704 2
705 3
706 5
707 6
708 2
709 7
710 2
711 2
712 7
713 4
714 3
715 8
716 6
717 2
718 5
719 2
720 2
721 8
722 3
723 3
724 2
725 5
726 2
727 2
728 6
729 2
730 2
731 7
732 7
733 6
734 6
735 3
736 6
737 1
738 2
739 2
740 5
741 6
742 8
743 3
744 1
745 2
746 6
747 2
748 2
749 3
750 6
751 2
752 6
753 2
754 1
755 1
756 8
757 5
758 7
759 5
760 2
761 4
762 2
763 7
764 2
765 6
766 2
767 1
768 2
769 2
770 1
771 2
772 2
773 1
774 4
775 2
776 2
777 1
778 5
779 2
780 7
781 6
782 6
783 2
784 2
785 1
786 2
787 3
788 7
789 6
790 4
791 2
792 1
793 5
794 5
795 2
796 6
797 6
798 2
799 5
800 2
801 2
802 4
803 6
804 4
805 4
806 2
807 7
808 3
809 2
810 1
811 6
812 8
813 4
814 6
815 1
816 4
817 3
818 6
819 4
820 2
821 3
822 7
823 3
824 7
825 5
826 5
827 7
828 1
829 4
830 5
831 5
832 5
833 5
834 3
835 2
836 5
837 3
838 2
839 6
840 4
841 2
842 2
843 2
844 3
845 5
846 6
847 8
848 3
849 3
850 1
851 5
852 4
853 6
854 2
855 2
856 2
857 8
858 2
859 6
860 2
861 2
862 4
863 5
864 2
865 6
866 4
867 2
868 2
869 2
870 2
871 1
872 2
873 2
874 7
875 4
876 5
877 3
878 6
879 1
880 2
881 3
882 2
883 3
884 5
885 3
886 6
887 2
888 5
889 4
890 2
891 1
892 1
893 2
894 7
895 1
896 2
897 2
898 6
899 3
900 2
901 1
902 6
903 5
904 3
905 7
906 3
907 2
908 1
909 7
910 8
911 4
912 3
913 5
914 4
915 1
916 5
917 8
918 3
919 3
920 4
921 3
922 7
923 2
924 8
925 6
926 2
927 2
928 4
929 6
930 4
931 3
932 2
933 7
934 6
935 6
936 6
937 3
938 6
939 3
940 8
941 6
942 1
943 7
944 2
945 8
946 4
947 7
948 4
949 2
950 6
951 2
952 1
953 3
954 5
955 7
956 1
957 3
958 5
959 2
960 4
961 2
962 3
963 6
964 8
965 4
966 2
967 2
968 4
969 1
970 7
971 2
972 2
973 2
974 8
975 4
976 3
977 6
978 2
979 6
980 7
981 2
982 7
983 6
984 2
985 3
986 3
987 5
988 8
989 1
990 6
991 2
992 2
993 2
994 3
995 2
996 3
997 2
998 4
999 8
1000 2