116535
1 8
2 6
3 4
4 7
5 2
6 0
7 5
8 0
9 0
10 0
11 0
12 3
13 0
14 7
15 8
16 5
17 0
18 5
19 7
20 1
1 6
2 7
3 7
4 2
5 2
6 1
7 3
8 6
9 1
10 2
11 1
12 2
13 5
14 1
15 1
16 5
17 2
18 4
19 2
20 4
21 4
22 1
23 4
24 1
25 6
26 4
27 2
28 1
29 4
30 2
31 3
32 7
33 2
34 4
35 2
36 7
37 2
38 3
39 2
40 1
41 6
42 7
43 2
44 8
45 2
46 5
47 1
48 3
49 3
50 2
51 3
52 3
53 1
54 7
55 7
56 3
57 1
58 2
59 3
60 5
61 2
62 1
63 1
64 1
65 5
66 5
67 1
68 1
69 6
70 5
71 6
72 2
73 3
74 1
75 1
76 2
77 1
78 2
79 2
80 3
81 4
82 2
83 3
84 2
85 5
86 2
87 1
88 1
89 8
90 4
91 8
92 4
93 4
94 1
95 1
96 4
97 2
98 5
99 3
100 3