532711
1 0
2 0
3 0
4 0
5 0
6 0
7 0
8 5
9 0
10 0
11 7
12 2
13 0
14 0
15 0
16 0
17 0
18 0
19 1
20 0
21 8
22 0
23 0
24 0
25 0
26 0
27 0
28 0
29 0
30 0
31 0
32 0
33 0
34 0
35 0
36 0
37 0
38 4
39 0
40 0
41 0
42 3
43 0
44 0
45 0
46 0
47 0
48 0
49 0
50 6
1 6
2 1
3 1
4 1
5 3
6 1
7 4
8 1
9 7
10 1
11 1
12 7
13 5
14 3
15 6
16 4
17 3
18 8
19 2
20 1
21 4
22 6
23 3
24 5
25 2
26 2
27 1
28 6
29 1
30 1
31 4
32 2
33 7
34 3
35 4
36 8
37 7
38 1
39 5
40 3
41 5
42 1
43 4
44 8
45 1
46 1
47 6
48 3
49 3
50 1
51 3
52 3
53 5
54 1
55 1
56 2
57 1
58 3
59 6
60 6
61 4
62 6
63 4
64 1
65 4
66 3
67 2
68 2
69 4
70 7
71 6
72 1
73 2
74 6
75 2
76 1
77 1
78 1
79 8
80 7
81 8
82 3
83 7
84 1
85 7
86 8
87 3
88 1
89 1
90 2
91 5
92 1
93 4
94 4
95 1
96 1
97 5
98 1
99 3
100 7
101 2
102 1
103 1
104 1
105 3
106 3
107 1
108 1
109 1
110 1
111 3
112 1
113 6
114 1
115 5
116 2
117 2
118 3
119 1
120 4
121 3
122 4
123 5
124 5
125 1
126 3
127 7
128 2
129 1
130 2
131 3
132 3
133 2
134 1
135 5
136 4
137 1
138 3
139 1
140 3
141 2
142 1
143 3
144 1
145 1
146 1
147 2
148 4
149 1
150 5
151 3
152 7
153 8
154 6
155 1
156 3
157 2
158 2
159 2
160 1
161 5
162 5
163 1
164 7
165 1
166 5
167 1
168 4
169 4
170 3
171 3
172 3
173 1
174 1
175 1
176 6
177 2
178 2
179 1
180 1
181 8
182 1
183 2
184 2
185 3
186 3
187 5
188 5
189 1
190 1
191 7
192 1
193 1
194 5
195 3
196 4
197 3
198 6
199 8
200 1
201 6
202 2
203 4
204 2
205 1
206 2
207 6
208 1
209 2
210 1
211 1
212 1
213 2
214 3
215 1
216 1
217 4
218 5
219 7
220 7
221 1
222 1
223 4
224 2
225 2
226 1
227 5
228 3
229 4
230 5
231 1
232 1
233 3
234 3
235 3
236 2
237 2
238 2
239 1
240 6
241 3
242 1
243 3
244 4
245 6
246 1
247 1
248 6
249 8
250 2
251 4
252 3
253 3
254 2
255 1
256 1
257 3
258 5
259 8
260 1
261 3
262 4
263 3
264 1
265 3
266 4
267 8
268 4
269 3
270 6
271 2
272 1
273 8
274 7
275 7
276 1
277 1
278 7
279 1
280 5
281 5
282 2
283 4
284 4
285 7
286 1
287 3
288 6
289 1
290 1
291 2
292 4
293 3
294 4
295 1
296 2
297 1
298 1
299 6
300 2
301 3
302 7
303 4
304 5
305 8
306 5
307 5
308 1
309 1
310 7
311 1
312 1
313 4
314 5
315 7
316 5
317 7
318 2
319 2
320 1
321 1
322 1
323 4
324 4
325 3
326 1
327 4
328 3
329 4
330 1
331 3
332 3
333 3
334 6
335 1
336 8
337 3
338 3
339 7
340 5
341 4
342 8
343 3
344 1
345 4
346 1
347 1
348 3
349 1
350 1
351 4
352 2
353 3
354 1
355 6
356 6
357 7
358 8
359 1
360 6
361 2
362 6
363 2
364 3
365 8
366 3
367 1
368 3
369 4
370 7
371 1
372 4
373 2
374 4
375 8
376 4
377 3
378 6
379 1
380 8
381 1
382 2
383 4
384 6
385 6
386 1
387 1
388 6
389 1
390 5
391 1
392 3
393 4
394 2
395 3
396 3
397 3
398 4
399 2
400 3
401 1
402 1
403 4
404 1
405 8
406 2
407 6
408 3
409 5
410 6
411 1
412 1
413 1
414 4
415 4
416 6
417 5
418 2
419 4
420 5
421 6
422 1
423 3
424 1
425 1
426 7
427 1
428 3
429 3
430 1
431 2
432 5
433 2
434 2
435 2
436 6
437 2
438 3
439 7
440 6
441 1
442 1
443 1
444 4
445 3
446 3
447 1
448 1
449 6
450 3
451 2
452 1
453 1
454 1
455 5
456 1
457 4
458 2
459 2
460 2
461 1
462 2
463 1
464 2
465 1
466 6
467 2
468 8
469 1
470 3
471 4
472 7
473 2
474 6
475 1
476 1
477 2
478 3
479 3
480 5
481 1
482 3
483 7
484 1
485 1
486 5
487 2
488 3
489 5
490 1
491 3
492 8
493 1
494 2
495 3
496 1
497 1
498 5
499 3
500 1
501 1
502 1
503 2
504 7
505 5
506 1
507 5
508 1
509 1
510 2
511 6
512 1
513 1
514 1
515 1
516 1
517 1
518 3
519 2
520 5
521 6
522 6
523 5
524 1
525 1
526 1
527 3
528 4
529 5
530 2
531 3
532 1
533 5
534 5
535 7
536 1
537 1
538 4
539 1
540 2
541 8
542 6
543 1
544 8
545 8
546 2
547 3
548 6
549 4
550 1
551 4
552 6
553 5
554 1
555 1
556 1
557 3
558 1
559 4
560 1
561 3
562 1
563 1
564 2
565 1
566 3
567 1
568 1
569 6
570 1
571 6
572 7
573 2
574 5
575 1
576 3
577 3
578 2
579 2
580 3
581 1
582 3
583 8
584 2
585 5
586 3
587 1
588 4
589 1
590 1
591 7
592 1
593 1
594 5
595 2
596 4
597 4
598 4
599 1
600 3
601 1
602 3
603 1
604 5
605 7
606 1
607 7
608 4
609 1
610 1
611 1
612 5
613 2
614 5
615 7
616 4
617 6
618 3
619 8
620 2
621 3
622 1
623 5
624 4
625 2
626 8
627 7
628 1
629 1
630 6
631 1
632 2
633 3
634 4
635 1
636 1
637 5
638 4
639 1
640 2
641 4
642 8
643 2
644 1
645 1
646 1
647 1
648 1
649 3
650 1
651 3
652 6
653 5
654 7
655 8
656 6
657 2
658 5
659 3
660 3
661 3
662 3
663 7
664 3
665 1
666 2
667 4
668 1
669 3
670 2
671 2
672 3
673 1
674 4
675 4
676 1
677 3
678 8
679 4
680 1
681 1
682 1
683 1
684 5
685 4
686 6
687 5
688 5
689 7
690 1
691 1
692 5
693 7
694 3
695 1
696 4
697 2
698 1
699 2
700 1
701 4
702 3
703 6
704 6
705 5
706 2
707 1
708 4
709 4
710 3
711 2
712 1
713 4
714 3
715 7
716 4
717 2
718 1
719 1
720 3
721 1
722 1
723 1
724 3
725 4
726 3
727 5
728 1
729 3
730 1
731 5
732 7
733 4
734 2
735 4
736 3
737 5
738 1
739 1
740 4
741 2
742 7
743 7
744 3
745 1
746 1
747 1
748 4
749 1
750 2
751 2
752 4
753 7
754 2
755 1
756 1
757 2
758 4
759 1
760 2
761 6
762 3
763 5
764 1
765 5
766 3
767 2
768 2
769 5
770 1
771 2
772 2
773 5
774 6
775 5
776 5
777 4
778 7
779 1
780 1
781 8
782 1
783 1
784 2
785 2
786 1
787 4
788 1
789 1
790 2
791 3
792 8
793 1
794 1
795 2
796 6
797 2
798 3
799 5
800 2
801 3
802 6
803 7
804 6
805 6
806 1
807 4
808 1
809 7
810 6
811 4
812 1
813 1
814 2
815 1
816 2
817 1
818 5
819 1
820 4
821 3
822 2
823 4
824 3
825 4
826 2
827 3
828 2
829 5
830 6
831 1
832 3
833 5
834 3
835 1
836 5
837 2
838 4
839 7
840 8
841 2
842 1
843 1
844 2
845 1
846 1
847 6
848 7
849 2
850 2
851 1
852 5
853 1
854 3
855 3
856 1
857 7
858 7
859 2
860 5
861 2
862 2
863 5
864 2
865 3
866 8
867 3
868 3
869 1
870 5
871 7
872 4
873 2
874 8
875 4
876 6
877 3
878 5
879 3
880 3
881 1
882 1
883 1
884 5
885 3
886 1
887 1
888 8
889 3
890 5
891 1
892 7
893 2
894 2
895 5
896 3
897 6
898 5
899 6
900 8
901 4
902 2
903 4
904 7
905 1
906 1
907 4
908 1
909 3
910 5
911 8
912 2
913 5
914 8
915 2
916 8
917 3
918 2
919 4
920 4
921 1
922 1
923 1
924 8
925 2
926 1
927 4
928 1
929 1
930 4
931 1
932 2
933 2
934 5
935 1
936 2
937 4
938 6
939 1
940 2
941 8
942 1
943 1
944 3
945 1
946 1
947 4
948 6
949 1
950 1
951 5
952 4
953 5
954 5
955 1
956 3
957 2
958 1
959 4
960 8
961 1
962 6
963 1
964 4
965 2
966 5
967 2
968 3
969 3
970 1
971 2
972 8
973 1
974 6
975 2
976 3
977 1
978 1
979 2
980 4
981 7
982 1
983 4
984 4
985 2
986 8
987 4
988 1
989 4
990 1
991 2
992 1
993 3
994 2
995 4
996 7
997 1
998 8
999 7
1000 1