548961
1 3
2 5
3 0
4 0
5 1
6 0
7 8
8 0
9 0
10 0
11 0
12 0
13 2
14 0
15 4
16 6
17 7
18 0
19 0
20 0
1 7
2 1
3 1
4 1
5 1
6 2
7 4
8 4
9 1
10 2
11 2
12 1
13 5
14 2
15 1
16 2
17 1
18 1
19 1
20 1
21 2
22 4
23 1
24 4
25 1
26 1
27 6
28 1
29 3
30 5
31 2
32 7
33 2
34 6
35 1
36 1
37 8
38 1
39 2
40 1
41 4
42 1
43 1
44 4
45 1
46 5
47 2
48 7
49 1
50 1
51 1
52 1
53 4
54 2
55 8
56 2
57 6
58 3
59 1
60 1
61 2
62 4
63 3
64 3
65 4
66 3
67 7
68 1
69 1
70 1
71 6
72 5
73 1
74 4
75 1
76 3
77 2
78 2
79 1
80 3
81 6
82 6
83 5
84 3
85 2
86 1
87 1
88 4
89 2
90 2
91 1
92 7
93 1
94 2
95 1
96 4
97 1
98 1
99 2
100 1
101 5
102 3
103 1
104 5
105 3
106 7
107 5
108 1
109 1
110 5
111 6
112 1
113 1
114 3
115 1
116 4
117 1
118 5
119 3
120 3
121 7
122 4
123 1
124 5
125 1
126 2
127 7
128 1
129 3
130 8
131 1
132 1
133 6
134 1
135 5
136 4
137 1
138 5
139 4
140 8
141 5
142 2
143 6
144 1
145 3
146 3
147 2
148 5
149 3
150 1
151 4
152 5
153 8
154 2
155 1
156 2
157 1
158 6
159 6
160 2
161 5
162 2
163 1
164 5
165 3
166 1
167 5
168 4
169 4
170 2
171 7
172 2
173 2
174 2
175 1
176 5
177 1
178 1
179 1
180 1
181 3
182 2
183 1
184 2
185 5
186 1
187 4
188 1
189 2
190 1
191 7
192 4
193 1
194 5
195 7
196 4
197 8
198 6
199 6
200 5
201 2
202 1
203 1
204 1
205 7
206 3
207 7
208 2
209 7
210 1
211 2
212 2
213 1
214 2
215 3
216 1
217 1
218 1
219 1
220 5
221 1
222 2
223 1
224 2
225 7
226 1
227 3
228 7
229 1
230 2
231 7
232 3
233 7
234 1
235 4
236 4
237 1
238 8
239 1
240 2
241 2
242 2
243 2
244 1
245 2
246 2
247 6
248 4
249 7
250 8
251 4
252 6
253 6
254 7
255 2
256 2
257 6
258 1
259 1
260 1
261 4
262 1
263 1
264 2
265 3
266 4
267 1
268 8
269 1
270 1
271 7
272 3
273 1
274 5
275 2
276 1
277 8
278 1
279 2
280 3
281 2
282 1
283 1
284 4
285 5
286 1
287 3
288 1
289 1
290 1
291 1
292 6
293 1
294 2
295 1
296 6
297 4
298 5
299 1
300 4
301 1
302 8
303 7
304 1
305 1
306 2
307 1
308 1
309 5
310 1
311 2
312 1
313 1
314 2
315 1
316 2
317 7
318 8
319 2
320 3
321 2
322 4
323 6
324 1
325 1
326 5
327 8
328 3
329 5
330 5
331 1
332 3
333 1
334 2
335 1
336 7
337 3
338 8
339 2
340 1
341 6
342 2
343 6
344 4
345 2
346 1
347 1
348 3
349 2
350 8
351 2
352 3
353 1
354 1
355 2
356 6
357 2
358 1
359 5
360 5
361 6
362 5
363 1
364 1
365 1
366 3
367 2
368 4
369 6
370 1
371 2
372 1
373 2
374 1
375 7
376 3
377 1
378 5
379 7
380 1
381 5
382 3
383 2
384 4
385 1
386 1
387 8
388 1
389 2
390 4
391 2
392 5
393 5
394 6
395 1
396 4
397 1
398 1
399 2
400 6
401 6
402 8
403 1
404 2
405 2
406 2
407 3
408 1
409 2
410 4
411 7
412 1
413 1
414 2
415 3
416 1
417 2
418 2
419 1
420 3
421 7
422 1
423 1
424 1
425 1
426 2
427 8
428 1
429 3
430 1
431 2
432 1
433 2
434 1
435 1
436 2
437 5
438 4
439 1
440 7
441 1
442 5
443 2
444 1
445 1
446 1
447 5
448 2
449 1
450 3
451 6
452 1
453 4
454 1
455 2
456 4
457 5
458 2
459 2
460 2
461 1
462 1
463 1
464 1
465 6
466 8
467 1
468 1
469 1
470 2
471 1
472 1
473 2
474 1
475 1
476 1
477 6
478 1
479 3
480 5
481 8
482 4
483 1
484 4
485 6
486 1
487 2
488 1
489 1
490 1
491 4
492 1
493 3
494 3
495 3
496 2
497 7
498 1
499 1
500 1
501 2
502 1
503 1
504 1
505 6
506 2
507 1
508 2
509 5
510 3
511 7
512 1
513 2
514 1
515 4
516 1
517 6
518 8
519 1
520 1
521 3
522 1
523 1
524 8
525 2
526 1
527 1
528 6
529 3
530 4
531 6
532 1
533 3
534 1
535 8
536 1
537 1
538 3
539 1
540 1
541 4
542 3
543 5
544 2
545 1
546 2
547 2
548 1
549 1
550 2
551 8
552 5
553 1
554 6
555 2
556 5
557 1
558 4
559 3
560 4
561 3
562 1
563 1
564 6
565 1
566 1
567 1
568 1
569 7
570 1
571 5
572 3
573 5
574 3
575 2
576 2
577 6
578 1
579 5
580 6
581 3
582 6
583 1
584 1
585 6
586 1
587 5
588 1
589 1
590 2
591 1
592 2
593 1
594 1
595 3
596 1
597 3
598 2
599 6
600 4
601 2
602 2
603 3
604 1
605 3
606 1
607 3
608 6
609 4
610 6
611 5
612 1
613 3
614 5
615 4
616 1
617 1
618 1
619 1
620 1
621 1
622 5
623 1
624 5
625 7
626 1
627 7
628 4
629 8
630 1
631 5
632 2
633 4
634 2
635 1
636 2
637 4
638 1
639 1
640 5
641 7
642 3
643 1
644 1
645 1
646 1
647 7
648 2
649 6
650 1
651 8
652 2
653 1
654 1
655 7
656 5
657 8
658 4
659 1
660 2
661 1
662 1
663 1
664 3
665 3
666 4
667 8
668 5
669 1
670 3
671 1
672 1
673 1
674 1
675 4
676 3
677 2
678 3
679 1
680 1
681 8
682 6
683 7
684 2
685 4
686 2
687 3
688 4
689 6
690 5
691 5
692 1
693 1
694 2
695 1
696 1
697 8
698 1
699 6
700 3
701 4
702 1
703 5
704 4
705 3
706 1
707 4
708 3
709 4
710 8
711 3
712 1
713 3
714 1
715 1
716 1
717 1
718 4
719 7
720 1
721 6
722 2
723 4
724 2
725 1
726 3
727 1
728 2
729 7
730 1
731 3
732 2
733 1
734 4
735 3
736 7
737 2
738 5
739 2
740 1
741 3
742 1
743 2
744 6
745 1
746 1
747 1
748 1
749 1
750 7
751 2
752 1
753 6
754 3
755 1
756 2
757 1
758 1
759 2
760 3
761 3
762 7
763 2
764 6
765 6
766 6
767 2
768 8
769 3
770 3
771 2
772 2
773 5
774 4
775 3
776 1
777 5
778 3
779 1
780 4
781 3
782 3
783 3
784 3
785 1
786 2
787 1
788 5
789 2
790 2
791 7
792 2
793 4
794 3
795 6
796 5
797 1
798 4
799 1
800 5
801 1
802 7
803 4
804 1
805 3
806 1
807 1
808 6
809 4
810 3
811 1
812 1
813 3
814 4
815 4
816 1
817 1
818 1
819 4
820 1
821 1
822 3
823 1
824 5
825 5
826 1
827 2
828 5
829 3
830 6
831 1
832 5
833 2
834 1
835 1
836 3
837 1
838 3
839 6
840 1
841 1
842 5
843 7
844 3
845 3
846 1
847 3
848 2
849 3
850 5
851 1
852 4
853 3
854 4
855 7
856 1
857 3
858 8
859 8
860 5
861 5
862 1
863 2
864 3
865 3
866 3
867 8
868 6
869 1
870 3
871 5
872 1
873 1
874 4
875 2
876 6
877 2
878 1
879 1
880 1
881 8
882 1
883 3
884 1
885 1
886 3
887 8
888 1
889 1
890 8
891 4
892 1
893 2
894 7
895 8
896 3
897 1
898 7
899 4
900 1
901 1
902 1
903 2
904 1
905 6
906 1
907 1
908 2
909 5
910 7
911 1
912 2
913 3
914 1
915 2
916 6
917 3
918 3
919 5
920 2
921 6
922 5
923 3
924 2
925 7
926 4
927 1
928 4
929 1
930 4
931 1
932 1
933 3
934 1
935 1
936 4
937 3
938 5
939 7
940 1
941 6
942 2
943 1
944 1
945 3
946 7
947 5
948 8
949 5
950 1
951 3
952 2
953 2
954 1
955 1
956 5
957 2
958 1
959 2
960 3
961 1
962 3
963 6
964 1
965 2
966 1
967 5
968 3
969 3
970 4
971 1
972 1
973 1
974 4
975 3
976 4
977 6
978 1
979 2
980 3
981 8
982 1
983 4
984 2
985 6
986 2
987 1
988 1
989 1
990 1
991 1
992 1
993 8
994 4
995 1
996 1
997 2
998 1
999 1
1000 1