625574
1 12
2 5
3 8
4 1
5 0
6 9
7 0
8 7
9 2
10 0
11 3
12 5
13 11
14 3
15 3
16 4
17 0
18 10
19 12
20 0
21 0
22 1
23 3
24 6
25 11
26 0
27 0
28 8
29 0
30 0
1 4
2 10
3 4
4 10
5 4
6 4
7 11
8 1
9 3
10 4
11 3
12 4
13 3
14 3
15 4
16 3
17 1
18 4
19 1
20 3
21 7
22 3
23 8
24 6
25 4
26 4
27 6
28 6
29 12
30 4
31 3
32 4
33 3
34 5
35 1
36 6
37 8
38 3
39 2
40 2
41 2
42 12
43 1
44 9
45 10
46 8
47 6
48 8
49 10
50 6
51 4
52 7
53 3
54 6
55 8
56 8
57 6
58 3
59 2
60 9
61 5
62 8
63 1
64 3
65 3
66 9
67 3
68 11
69 1
70 10
71 8
72 6
73 4
74 5
75 9
76 2
77 6
78 7
79 4
80 6
81 8
82 2
83 4
84 5
85 1
86 4
87 5
88 7
89 10
90 3
91 6
92 3
93 4
94 5
95 3
96 7
97 8
98 9
99 9
100 3
101 5
102 4
103 12
104 1
105 1
106 10
107 3
108 3
109 6
110 3
111 3
112 12
113 2
114 3
115 3
116 2
117 3
118 3
119 8
120 10
121 4
122 4
123 2
124 5
125 3
126 5
127 7
128 3
129 1
130 5
131 11
132 10
133 7
134 4
135 4
136 5
137 3
138 4
139 3
140 8
141 5
142 3
143 9
144 4
145 1
146 1
147 4
148 8
149 11
150 2
151 5
152 5
153 1
154 6
155 11
156 1
157 7
158 7
159 7
160 3
161 6
162 3
163 5
164 2
165 9
166 2
167 1
168 4
169 7
170 1
171 1
172 4
173 10
174 5
175 7
176 11
177 1
178 7
179 5
180 3
181 3
182 9
183 11
184 5
185 1
186 4
187 7
188 3
189 5
190 9
191 11
192 5
193 2
194 4
195 12
196 3
197 3
198 4
199 2
200 3
201 6
202 2
203 4
204 11
205 3
206 2
207 3
208 7
209 3
210 8
211 3
212 3
213 11
214 8
215 3
216 3
217 6
218 2
219 4
220 2
221 8
222 1
223 6
224 6
225 2
226 6
227 4
228 8
229 5
230 1
231 3
232 2
233 2
234 10
235 6
236 8
237 5
238 7
239 4
240 3
241 5
242 7
243 4
244 5
245 8
246 3
247 11
248 6
249 7
250 6
251 8
252 3
253 6
254 3
255 6
256 5
257 3
258 5
259 3
260 5
261 8
262 1
263 10
264 7
265 12
266 2
267 3
268 3
269 3
270 1
271 8
272 3
273 1
274 12
275 1
276 3
277 6
278 2
279 3
280 12
281 2
282 3
283 10
284 3
285 9
286 1
287 5
288 7
289 7
290 6
291 4
292 7
293 2
294 6
295 3
296 5
297 4
298 7
299 3
300 7
301 11
302 5
303 3
304 6
305 5
306 2
307 1
308 2
309 3
310 3
311 4
312 6
313 4
314 2
315 3
316 5
317 7
318 11
319 3
320 1
321 1
322 3
323 1
324 10
325 6
326 5
327 5
328 1
329 7
330 5
331 2
332 2
333 3
334 6
335 3
336 6
337 3
338 4
339 11
340 7
341 6
342 2
343 8
344 3
345 7
346 3
347 10
348 4
349 10
350 7
351 9
352 2
353 2
354 8
355 4
356 3
357 3
358 3
359 6
360 3
361 4
362 2
363 6
364 6
365 6
366 1
367 1
368 5
369 12
370 1
371 3
372 3
373 3
374 5
375 6
376 5
377 7
378 6
379 6
380 7
381 6
382 12
383 6
384 3
385 3
386 7
387 3
388 1
389 3
390 3
391 11
392 11
393 8
394 1
395 4
396 3
397 2
398 1
399 6
400 3
401 3
402 4
403 1
404 4
405 4
406 1
407 2
408 11
409 8
410 1
411 3
412 8
413 3
414 5
415 2
416 3
417 9
418 3
419 4
420 1
421 3
422 4
423 12
424 5
425 4
426 2
427 3
428 4
429 9
430 4
431 3
432 8
433 7
434 6
435 6
436 1
437 1
438 5
439 7
440 10
441 6
442 9
443 3
444 5
445 6
446 3
447 6
448 3
449 6
450 3
451 3
452 7
453 7
454 3
455 5
456 1
457 10
458 3
459 7
460 11
461 6
462 3
463 5
464 7
465 5
466 8
467 3
468 7
469 4
470 4
471 4
472 5
473 3
474 5
475 2
476 3
477 4
478 7
479 11
480 2
481 7
482 2
483 4
484 5
485 11
486 7
487 6
488 2
489 10
490 4
491 3
492 9
493 6
494 6
495 11
496 4
497 9
498 2
499 7
500 3