1007963
1 12
2 0
3 0
4 10
5 0
6 0
7 0
8 5
9 0
10 9
11 8
12 0
13 0
14 0
15 0
16 3
17 7
18 0
19 11
20 1
21 0
22 0
23 2
24 8
25 9
26 4
27 7
28 6
29 5
30 1
1 3
2 10
3 2
4 6
5 2
6 1
7 10
8 1
9 5
10 4
11 5
12 7
13 1
14 1
15 2
16 4
17 12
18 10
19 5
20 5
21 7
22 3
23 12
24 7
25 1
26 4
27 10
28 1
29 8
30 1
31 1
32 3
33 4
34 4
35 6
36 8
37 6
38 1
39 3
40 3
41 5
42 1
43 3
44 4
45 5
46 1
47 5
48 4
49 8
50 7
51 6
52 3
53 6
54 1
55 4
56 7
57 1
58 6
59 1
60 4
61 5
62 10
63 4
64 7
65 1
66 2
67 4
68 1
69 5
70 7
71 7
72 2
73 1
74 7
75 2
76 5
77 2
78 1
79 10
80 4
81 1
82 2
83 2
84 2
85 4
86 2
87 8
88 11
89 1
90 5
91 1
92 5
93 1
94 6
95 2
96 10
97 5
98 6
99 6
100 2
101 4
102 9
103 3
104 1
105 6
106 5
107 2
108 2
109 1
110 3
111 7
112 3
113 2
114 7
115 1
116 2
117 1
118 5
119 2
120 6
121 1
122 11
123 4
124 8
125 5
126 3
127 9
128 3
129 6
130 7
131 3
132 2
133 10
134 2
135 2
136 12
137 3
138 8
139 4
140 1
141 4
142 1
143 12
144 7
145 6
146 1
147 4
148 9
149 1
150 3
151 4
152 4
153 6
154 11
155 6
156 6
157 6
158 7
159 6
160 12
161 8
162 6
163 4
164 4
165 10
166 1
167 7
168 12
169 3
170 1
171 3
172 4
173 8
174 3
175 5
176 12
177 3
178 1
179 10
180 1
181 6
182 1
183 5
184 1
185 1
186 3
187 7
188 1
189 3
190 4
191 7
192 2
193 2
194 4
195 2
196 7
197 1
198 1
199 7
200 8
201 7
202 3
203 1
204 1
205 3
206 8
207 5
208 1
209 2
210 2
211 6
212 1
213 1
214 5
215 9
216 2
217 2
218 6
219 4
220 6
221 6
222 3
223 6
224 5
225 1
226 7
227 1
228 5
229 6
230 9
231 2
232 1
233 1
234 3
235 3
236 3
237 11
238 7
239 6
240 1
241 4
242 2
243 4
244 4
245 9
246 9
247 7
248 4
249 12
250 1
251 12
252 1
253 8
254 1
255 5
256 9
257 8
258 4
259 7
260 11
261 2
262 1
263 5
264 8
265 4
266 9
267 5
268 3
269 5
270 6
271 4
272 3
273 3
274 4
275 3
276 12
277 4
278 5
279 2
280 5
281 4
282 11
283 3
284 7
285 1
286 11
287 6
288 5
289 3
290 7
291 4
292 3
293 3
294 1
295 3
296 8
297 2
298 4
299 6
300 1
301 7
302 2
303 1
304 3
305 2
306 3
307 4
308 5
309 2
310 8
311 5
312 1
313 3
314 4
315 5
316 5
317 1
318 10
319 2
320 1
321 3
322 10
323 4
324 1
325 2
326 5
327 5
328 5
329 4
330 1
331 12
332 4
333 7
334 4
335 6
336 7
337 2
338 4
339 10
340 2
341 9
342 1
343 2
344 2
345 7
346 5
347 2
348 8
349 8
350 12
351 4
352 7
353 11
354 9
355 1
356 2
357 2
358 6
359 7
360 1
361 6
362 1
363 12
364 4
365 4
366 2
367 6
368 9
369 2
370 1
371 6
372 7
373 3
374 4
375 3
376 12
377 10
378 5
379 5
380 5
381 10
382 10
383 7
384 2
385 7
386 3
387 1
388 4
389 1
390 8
391 2
392 5
393 1
394 4
395 2
396 1
397 4
398 3
399 8
400 3
401 5
402 1
403 4
404 6
405 1
406 9
407 1
408 7
409 4
410 1
411 4
412 7
413 6
414 2
415 9
416 1
417 4
418 5
419 4
420 3
421 8
422 8
423 1
424 9
425 9
426 4
427 4
428 12
429 5
430 4
431 4
432 11
433 6
434 10
435 4
436 3
437 1
438 1
439 3
440 6
441 10
442 5
443 6
444 2
445 12
446 4
447 3
448 2
449 7
450 3
451 4
452 1
453 7
454 6
455 5
456 11
457 6
458 6
459 4
460 7
461 8
462 5
463 4
464 3
465 1
466 1
467 6
468 1
469 9
470 4
471 12
472 11
473 4
474 4
475 1
476 1
477 1
478 1
479 5
480 10
481 7
482 7
483 5
484 5
485 3
486 6
487 7
488 5
489 12
490 1
491 5
492 6
493 8
494 1
495 1
496 1
497 3
498 8
499 9
500 1
501 9
502 3
503 11
504 4
505 7
506 5
507 6
508 4
509 4
510 9
511 8
512 1
513 9
514 5
515 11
516 10
517 1
518 11
519 8
520 1
521 12
522 4
523 4
524 3
525 3
526 1
527 4
528 6
529 12
530 6
531 1
532 2
533 1
534 2
535 2
536 1
537 3
538 2
539 5
540 1
541 3
542 12
543 6
544 1
545 12
546 1
547 6
548 1
549 3
550 6
551 5
552 5
553 3
554 2
555 12
556 4
557 8
558 2
559 1
560 4
561 8
562 10
563 11
564 3
565 8
566 7
567 10
568 5
569 1
570 2
571 9
572 1
573 1
574 7
575 1
576 4
577 11
578 11
579 4
580 5
581 1
582 6
583 6
584 9
585 3
586 11
587 1
588 4
589 5
590 2
591 8
592 8
593 1
594 4
595 2
596 1
597 2
598 2
599 5
600 5
601 5
602 1
603 1
604 2
605 9
606 5
607 1
608 8
609 1
610 2
611 1
612 1
613 7
614 4
615 3
616 11
617 1
618 8
619 3
620 10
621 4
622 8
623 5
624 2
625 3
626 4
627 5
628 11
629 5
630 7
631 7
632 8
633 1
634 6
635 2
636 4
637 11
638 1
639 1
640 5
641 4
642 1
643 6
644 5
645 5
646 4
647 6
648 1
649 6
650 6
651 1
652 7
653 10
654 1
655 1
656 5
657 7
658 5
659 3
660 12
661 1
662 4
663 2
664 6
665 4
666 3
667 1
668 7
669 4
670 12
671 5
672 3
673 1
674 1
675 7
676 2
677 1
678 5
679 3
680 1
681 1
682 3
683 5
684 1
685 9
686 9
687 3
688 5
689 5
690 1
691 1
692 1
693 4
694 6
695 5
696 8
697 5
698 7
699 6
700 4
701 1
702 5
703 5
704 5
705 1
706 4
707 2
708 4
709 8
710 6
711 8
712 5
713 6
714 4
715 1
716 1
717 7
718 1
719 2
720 1
721 8
722 1
723 1
724 9
725 1
726 4
727 5
728 5
729 3
730 4
731 6
732 11
733 3
734 4
735 10
736 4
737 5
738 1
739 2
740 11
741 4
742 1
743 3
744 6
745 4
746 7
747 1
748 9
749 1
750 1
751 4
752 6
753 2
754 7
755 4
756 1
757 2
758 8
759 10
760 1
761 4
762 5
763 2
764 6
765 5
766 6
767 3
768 9
769 4
770 11
771 5
772 6
773 3
774 4
775 5
776 11
777 1
778 6
779 2
780 3
781 3
782 6
783 2
784 9
785 9
786 1
787 10
788 1
789 6
790 1
791 1
792 2
793 2
794 8
795 6
796 5
797 9
798 4
799 11
800 3
801 1
802 7
803 2
804 6
805 7
806 3
807 2
808 1
809 4
810 4
811 9
812 6
813 2
814 6
815 2
816 3
817 3
818 8
819 2
820 1
821 1
822 4
823 4
824 5
825 1
826 1
827 9
828 6
829 6
830 9
831 8
832 2
833 1
834 2
835 6
836 3
837 12
838 12
839 1
840 4
841 5
842 10
843 6
844 9
845 2
846 4
847 12
848 2
849 10
850 1
851 5
852 2
853 3
854 9
855 8
856 4
857 1
858 7
859 1
860 4
861 2
862 10
863 3
864 5
865 4
866 7
867 5
868 1
869 2
870 5
871 5
872 2
873 8
874 1
875 2
876 2
877 5
878 1
879 1
880 2
881 10
882 1
883 5
884 4
885 4
886 1
887 6
888 4
889 8
890 6
891 1
892 7
893 5
894 2
895 6
896 12
897 12
898 5
899 2
900 1
901 11
902 1
903 12
904 8
905 5
906 2
907 7
908 5
909 6
910 2
911 5
912 2
913 5
914 4
915 9
916 7
917 5
918 4
919 5
920 1
921 2
922 1
923 6
924 1
925 6
926 7
927 1
928 8
929 1
930 4
931 2
932 7
933 3
934 1
935 1
936 2
937 3
938 10
939 6
940 7
941 6
942 4
943 6
944 7
945 4
946 12
947 7
948 3
949 1
950 12
951 1
952 3
953 7
954 3
955 2
956 12
957 3
958 1
959 4
960 11
961 1
962 7
963 4
964 6
965 1
966 6
967 3
968 6
969 4
970 3
971 2
972 4
973 11
974 3
975 7
976 11
977 9
978 2
979 3
980 1
981 5
982 9
983 2
984 1
985 7
986 5
987 3
988 2
989 10
990 1
991 6
992 4
993 1
994 5
995 5
996 10
997 2
998 3
999 1
1000 10