550365
1 5
2 12
3 10
4 11
5 4
6 0
7 0
8 5
9 0
10 11
11 0
12 0
13 10
14 9
15 0
16 0
17 0
18 6
19 0
20 9
21 9
22 5
23 9
24 8
25 10
26 1
27 4
28 5
29 4
30 0
31 3
32 4
33 0
34 5
35 4
36 11
37 0
38 11
39 3
40 10
41 7
42 0
43 2
44 0
45 4
46 0
47 5
48 8
49 1
50 0
1 1
2 4
3 4
4 2
5 4
6 7
7 11
8 4
9 2
10 2
11 7
12 10
13 2
14 2
15 3
16 8
17 1
18 1
19 10
20 5
21 1
22 1
23 4
24 12
25 2
26 1
27 10
28 9
29 2
30 2
31 3
32 4
33 7
34 4
35 2
36 2
37 3
38 3
39 2
40 1
41 8
42 2
43 7
44 4
45 2
46 4
47 2
48 3
49 6
50 3
51 4
52 1
53 7
54 3
55 4
56 2
57 5
58 3
59 2
60 2
61 5
62 5
63 4
64 2
65 2
66 2
67 9
68 1
69 3
70 7
71 3
72 3
73 3
74 1
75 2
76 4
77 8
78 3
79 2
80 3
81 3
82 1
83 1
84 5
85 2
86 3
87 1
88 8
89 5
90 10
91 5
92 7
93 6
94 9
95 1
96 4
97 5
98 2
99 7
100 5
101 2
102 5
103 12
104 2
105 10
106 2
107 9
108 5
109 2
110 2
111 2
112 2
113 5
114 4
115 9
116 1
117 5
118 7
119 2
120 3
121 12
122 10
123 8
124 4
125 3
126 2
127 3
128 3
129 4
130 12
131 1
132 2
133 8
134 2
135 4
136 5
137 3
138 5
139 8
140 1
141 12
142 4
143 1
144 1
145 4
146 2
147 9
148 2
149 3
150 3
151 10
152 4
153 3
154 2
155 2
156 5
157 4
158 6
159 3
160 6
161 5
162 1
163 5
164 3
165 4
166 5
167 3
168 8
169 11
170 8
171 5
172 3
173 3
174 2
175 9
176 2
177 4
178 4
179 1
180 6
181 2
182 9
183 4
184 1
185 2
186 2
187 6
188 4
189 2
190 2
191 8
192 8
193 3
194 1
195 1
196 2
197 2
198 2
199 2
200 3
201 1
202 8
203 1
204 4
205 10
206 3
207 2
208 5
209 3
210 1
211 6
212 4
213 11
214 4
215 10
216 6
217 3
218 8
219 1
220 2
221 1
222 2
223 5
224 1
225 1
226 2
227 7
228 12
229 2
230 1
231 1
232 3
233 10
234 7
235 2
236 11
237 7
238 6
239 6
240 2
241 10
242 2
243 4
244 8
245 4
246 9
247 2
248 5
249 1
250 11