156920
1 0
2 3
3 2
4 0
5 6
6 0
7 4
8 0
9 0
10 0
11 0
12 0
13 8
14 5
15 0
16 0
17 0
18 7
19 1
20 0
1 2
2 2
3 1
4 4
5 8
6 2
7 3
8 2
9 3
10 2
11 8
12 4
13 3
14 5
15 1
16 4
17 3
18 1
19 2
20 1
21 2
22 7
23 2
24 1
25 6
26 2
27 3
28 3
29 8
30 2
31 1
32 3
33 4
34 6
35 2
36 2
37 5
38 4
39 4
40 4
41 7
42 2
43 3
44 5
45 5
46 3
47 6
48 5
49 1
50 6
51 2
52 5
53 2
54 7
55 3
56 1
57 1
58 2
59 2
60 3
61 3
62 1
63 4
64 3
65 5
66 2
67 2
68 6
69 3
70 2
71 3
72 1
73 2
74 2
75 8
76 2
77 5
78 1
79 2
80 3
81 1
82 5
83 2
84 4
85 5
86 1
87 2
88 1
89 2
90 1
91 3
92 3
93 2
94 1
95 2
96 2
97 1
98 2
99 7
100 1
101 2
102 3
103 7
104 3
105 6
106 3
107 1
108 1
109 1
110 7
111 2
112 7
113 1
114 2
115 6
116 2
117 3
118 1
119 1
120 3
121 3
122 1
123 1
124 8
125 5
126 2
127 2
128 2
129 2
130 7
131 1
132 2
133 5
134 5
135 2
136 1
137 3
138 6
139 6
140 5
141 2
142 6
143 2
144 2
145 1
146 5
147 2
148 3
149 4
150 4
151 5
152 8
153 1
154 3
155 2
156 1
157 1
158 5
159 1
160 6
161 2
162 1
163 8
164 6
165 5
166 7
167 1
168 2
169 1
170 2
171 3
172 4
173 4
174 4
175 7
176 8
177 6
178 2
179 1
180 3
181 1
182 1
183 1
184 2
185 3
186 3
187 1
188 3
189 6
190 8
191 6
192 4
193 2
194 6
195 3
196 4
197 1
198 1
199 1
200 1
201 8
202 4
203 1
204 5
205 1
206 4
207 1
208 3
209 2
210 6
211 7
212 4
213 8
214 2
215 1
216 2
217 5
218 4
219 4
220 6
221 3
222 2
223 5
224 2
225 2
226 2
227 2
228 8
229 4
230 5
231 6
232 4
233 6
234 5
235 7
236 6
237 5
238 4
239 1
240 3
241 2
242 1
243 6
244 2
245 1
246 3
247 7
248 4
249 4
250 7