793688
1 6
2 7
3 0
4 0
5 12
6 0
7 0
8 0
9 10
10 0
11 0
12 0
13 0
14 0
15 0
16 0
17 9
18 0
19 2
20 1
21 4
22 0
23 0
24 0
25 0
26 8
27 0
28 11
29 3
30 5
1 1
2 4
3 1
4 6
5 1
6 6
7 6
8 12
9 1
10 1
11 1
12 3
13 3
14 5
15 1
16 1
17 8
18 1
19 1
20 1
21 6
22 1
23 1
24 1
25 4
26 7
27 6
28 5
29 1
30 7
31 1
32 3
33 1
34 6
35 2
36 10
37 9
38 1
39 9
40 3
41 8
42 1
43 1
44 1
45 4
46 12
47 2
48 5
49 2
50 6
51 10
52 10
53 12
54 2
55 1
56 2
57 1
58 4
59 2
60 3
61 1
62 8
63 1
64 1
65 1
66 8
67 2
68 7
69 4
70 1
71 1
72 1
73 1
74 11
75 2
76 6
77 4
78 11
79 2
80 1
81 3
82 8
83 12
84 9
85 1
86 2
87 5
88 3
89 4
90 1
91 1
92 1
93 1
94 1
95 2
96 2
97 10
98 3
99 4
100 1
101 1
102 2
103 1
104 1
105 5
106 1
107 7
108 7
109 1
110 3
111 8
112 3
113 2
114 1
115 10
116 1
117 2
118 9
119 6
120 3
121 1
122 12
123 1
124 3
125 5
126 11
127 1
128 2
129 1
130 3
131 4
132 1
133 9
134 1
135 2
136 5
137 6
138 1
139 4
140 2
141 1
142 11
143 1
144 1
145 4
146 1
147 12
148 5
149 6
150 4
151 3
152 1
153 1
154 2
155 1
156 1
157 3
158 2
159 10
160 1
161 1
162 4
163 1
164 2
165 1
166 5
167 3
168 5
169 2
170 7
171 9
172 7
173 2
174 6
175 1
176 4
177 7
178 2
179 10
180 12
181 1
182 1
183 3
184 2
185 4
186 1
187 1
188 4
189 3
190 9
191 1
192 1
193 4
194 1
195 1
196 3
197 3
198 6
199 1
200 3
201 1
202 1
203 1
204 4
205 1
206 1
207 4
208 1
209 3
210 1
211 1
212 10
213 4
214 4
215 7
216 10
217 3
218 1
219 4
220 4
221 7
222 1
223 1
224 10
225 2
226 5
227 1
228 1
229 2
230 1
231 12
232 2
233 1
234 1
235 3
236 3
237 1
238 3
239 3
240 1
241 2
242 1
243 1
244 1
245 5
246 1
247 1
248 5
249 1
250 2
251 2
252 7
253 12
254 4
255 5
256 9
257 4
258 3
259 12
260 1
261 2
262 2
263 1
264 9
265 3
266 5
267 7
268 1
269 1
270 9
271 4
272 1
273 10
274 3
275 8
276 6
277 1
278 5
279 11
280 1
281 3
282 1
283 1
284 8
285 8
286 1
287 5
288 6
289 4
290 6
291 6
292 1
293 4
294 10
295 2
296 1
297 5
298 1
299 1
300 11
301 9
302 6
303 1
304 3
305 1
306 1
307 1
308 1
309 6
310 7
311 8
312 1
313 1
314 4
315 1
316 1
317 4
318 1
319 7
320 3
321 8
322 1
323 3
324 3
325 8
326 7
327 7
328 1
329 1
330 1
331 5
332 6
333 6
334 5
335 1
336 1
337 11
338 3
339 5
340 1
341 10
342 2
343 2
344 1
345 1
346 1
347 1
348 8
349 2
350 3
351 5
352 1
353 1
354 1
355 1
356 5
357 1
358 1
359 1
360 1
361 1
362 1
363 3
364 9
365 2
366 6
367 1
368 1
369 1
370 4
371 1
372 1
373 2
374 6
375 4
376 11
377 1
378 10
379 1
380 1
381 2
382 3
383 1
384 1
385 1
386 2
387 2
388 1
389 1
390 1
391 3
392 3
393 1
394 1
395 1
396 8
397 1
398 1
399 2
400 3
401 4
402 7
403 1
404 1
405 3
406 1
407 3
408 1
409 11
410 10
411 5
412 2
413 11
414 1
415 1
416 8
417 7
418 1
419 1
420 1
421 1
422 4
423 1
424 11
425 5
426 2
427 2
428 7
429 3
430 6
431 2
432 1
433 6
434 2
435 2
436 4
437 9
438 2
439 10
440 9
441 2
442 7
443 5
444 5
445 1
446 7
447 2
448 1
449 1
450 1
451 1
452 6
453 1
454 9
455 8
456 9
457 3
458 11
459 4
460 7
461 2
462 5
463 2
464 3
465 4
466 2
467 11
468 1
469 1
470 1
471 2
472 1
473 3
474 1
475 1
476 1
477 5
478 1
479 5
480 1
481 1
482 1
483 1
484 12
485 3
486 1
487 2
488 3
489 1
490 1
491 2
492 1
493 8
494 4
495 4
496 1
497 3
498 2
499 1
500 1
501 8
502 1
503 1
504 1
505 1
506 6
507 2
508 1
509 3
510 4
511 10
512 5
513 2
514 2
515 5
516 7
517 1
518 6
519 1
520 7
521 8
522 3
523 1
524 1
525 2
526 1
527 6
528 10
529 3
530 5
531 1
532 8
533 1
534 3
535 1
536 4
537 6
538 1
539 2
540 2
541 1
542 1
543 3
544 8
545 1
546 1
547 9
548 8
549 1
550 2
551 8
552 2
553 1
554 2
555 1
556 11
557 1
558 1
559 2
560 7
561 2
562 8
563 1
564 4
565 2
566 2
567 2
568 2
569 7
570 1
571 5
572 9
573 1
574 6
575 5
576 5
577 5
578 9
579 1
580 4
581 1
582 5
583 2
584 2
585 6
586 4
587 8
588 6
589 3
590 1
591 7
592 1
593 1
594 1
595 4
596 1
597 11
598 3
599 6
600 8
601 1
602 2
603 3
604 1
605 1
606 1
607 3
608 1
609 1
610 4
611 6
612 5
613 6
614 9
615 1
616 7
617 5
618 10
619 2
620 3
621 5
622 11
623 7
624 4
625 5
626 7
627 1
628 2
629 4
630 1
631 1
632 1
633 5
634 7
635 2
636 9
637 1
638 2
639 1
640 9
641 3
642 1
643 10
644 6
645 1
646 3
647 5
648 8
649 2
650 8
651 2
652 2
653 6
654 12
655 1
656 1
657 1
658 1
659 11
660 4
661 5
662 1
663 1
664 8
665 1
666 7
667 8
668 1
669 1
670 5
671 1
672 3
673 2
674 1
675 3
676 1
677 1
678 5
679 1
680 1
681 1
682 2
683 2
684 1
685 1
686 8
687 8
688 1
689 2
690 1
691 1
692 8
693 12
694 6
695 6
696 5
697 1
698 1
699 8
700 1
701 10
702 1
703 9
704 8
705 1
706 9
707 1
708 2
709 1
710 4
711 1
712 3
713 2
714 7
715 1
716 2
717 2
718 7
719 4
720 9
721 1
722 1
723 2
724 3
725 1
726 4
727 5
728 10
729 1
730 3
731 8
732 1
733 2
734 3
735 1
736 11
737 1
738 3
739 3
740 6
741 2
742 1
743 1
744 2
745 1
746 1
747 1
748 1
749 7
750 6
751 1
752 8
753 1
754 1
755 1
756 2
757 1
758 2
759 1
760 2
761 1
762 2
763 1
764 6
765 12
766 9
767 4
768 2
769 1
770 1
771 4
772 1
773 1
774 11
775 6
776 2
777 5
778 7
779 2
780 2
781 5
782 3
783 5
784 4
785 1
786 3
787 1
788 4
789 1
790 3
791 12
792 1
793 3
794 5
795 1
796 5
797 1
798 11
799 1
800 2
801 2
802 3
803 1
804 9
805 1
806 6
807 2
808 7
809 12
810 4
811 1
812 1
813 6
814 7
815 3
816 9
817 1
818 6
819 1
820 1
821 9
822 7
823 7
824 3
825 4
826 1
827 1
828 3
829 3
830 10
831 1
832 4
833 1
834 1
835 8
836 10
837 5
838 2
839 7
840 9
841 5
842 9
843 5
844 10
845 1
846 7
847 3
848 2
849 1
850 12
851 1
852 2
853 10
854 1
855 4
856 1
857 2
858 1
859 1
860 10
861 10
862 5
863 1
864 11
865 7
866 4
867 4
868 1
869 1
870 5
871 12
872 3
873 10
874 10
875 11
876 1
877 5
878 3
879 2
880 1
881 7
882 1
883 7
884 1
885 4
886 5
887 2
888 1
889 1
890 3
891 6
892 2
893 11
894 1
895 1
896 6
897 1
898 9
899 1
900 4
901 8
902 1
903 1
904 1
905 2
906 2
907 1
908 1
909 7
910 4
911 1
912 1
913 1
914 8
915 2
916 1
917 1
918 5
919 1
920 2
921 5
922 1
923 6
924 5
925 1
926 3
927 3
928 1
929 1
930 3
931 1
932 1
933 2
934 4
935 3
936 1
937 11
938 2
939 1
940 1
941 4
942 9
943 1
944 2
945 1
946 1
947 6
948 3
949 1
950 1
951 10
952 7
953 1
954 6
955 2
956 3
957 4
958 11
959 2
960 7
961 2
962 4
963 1
964 3
965 4
966 3
967 7
968 1
969 1
970 1
971 5
972 4
973 11
974 2
975 3
976 4
977 10
978 10
979 2
980 1
981 1
982 1
983 3
984 2
985 11
986 1
987 2
988 7
989 1
990 1
991 1
992 12
993 2
994 3
995 6
996 6
997 6
998 4
999 2
1000 1