235372
1 7
2 6
3 6
4 0
5 0
6 2
7 0
8 0
9 0
10 7
11 0
12 1
13 8
14 3
15 4
16 2
17 2
18 7
19 0
20 5
1 5
2 1
3 4
4 4
5 1
6 6
7 7
8 2
9 6
10 3
11 2
12 5
13 1
14 7
15 1
16 7
17 1
18 8
19 7
20 1
21 2
22 5
23 2
24 2
25 2
26 1
27 5
28 6
29 1
30 2
31 5
32 1
33 1
34 7
35 3
36 4
37 7
38 3
39 1
40 6
41 2
42 1
43 5
44 1
45 7
46 1
47 1
48 4
49 1
50 3
51 1
52 6
53 2
54 5
55 4
56 2
57 1
58 4
59 1
60 1
61 7
62 5
63 4
64 1
65 3
66 7
67 2
68 1
69 6
70 2
71 6
72 1
73 1
74 1
75 1
76 5
77 3
78 5
79 1
80 1
81 2
82 1
83 1
84 1
85 7
86 1
87 2
88 2
89 1
90 1
91 2
92 8
93 4
94 8
95 1
96 3
97 1
98 1
99 8
100 1
101 4
102 2
103 7
104 4
105 1
106 1
107 3
108 6
109 3
110 2
111 1
112 1
113 5
114 7
115 2
116 4
117 7
118 4
119 3
120 1
121 2
122 2
123 1
124 1
125 1
126 4
127 1
128 2
129 2
130 1
131 6
132 3
133 1
134 1
135 1
136 1
137 3
138 1
139 4
140 2
141 2
142 2
143 1
144 2
145 2
146 1
147 1
148 2
149 5
150 1
151 1
152 3
153 1
154 2
155 3
156 1
157 2
158 3
159 3
160 1
161 1
162 1
163 3
164 5
165 1
166 4
167 6
168 6
169 1
170 2
171 4
172 1
173 2
174 5
175 1
176 4
177 2
178 1
179 5
180 6
181 1
182 1
183 8
184 8
185 2
186 1
187 2
188 8
189 1
190 1
191 1
192 1
193 1
194 6
195 5
196 1
197 1
198 1
199 1
200 8
201 2
202 4
203 1
204 2
205 2
206 1
207 7
208 3
209 1
210 6
211 1
212 1
213 5
214 7
215 2
216 4
217 1
218 1
219 4
220 1
221 4
222 6
223 8
224 1
225 2
226 1
227 3
228 2
229 1
230 1
231 3
232 2
233 3
234 2
235 2
236 1
237 1
238 8
239 1
240 1
241 6
242 1
243 1
244 1
245 8
246 1
247 5
248 2
249 2
250 1