157450
1 0
2 5
3 7
4 0
5 0
6 0
7 1
8 0
9 8
10 0
11 0
12 0
13 0
14 0
15 2
16 0
17 0
18 3
19 0
20 0
21 0
22 0
23 0
24 0
25 0
26 4
27 0
28 0
29 0
30 0
31 0
32 0
33 0
34 0
35 0
36 0
37 0
38 0
39 0
40 0
41 0
42 0
43 0
44 0
45 6
46 0
47 0
48 0
49 0
50 0
1 6
2 1
3 7
4 1
5 2
6 2
7 2
8 1
9 4
10 7
11 2
12 1
13 5
14 1
15 3
16 1
17 5
18 1
19 2
20 1
21 3
22 8
23 4
24 2
25 5
26 5
27 8
28 3
29 5
30 3
31 2
32 1
33 1
34 7
35 2
36 3
37 5
38 2
39 3
40 3
41 1
42 8
43 2
44 5
45 2
46 1
47 2
48 6
49 4
50 1
51 6
52 4
53 4
54 7
55 2
56 3
57 1
58 3
59 4
60 6
61 5
62 2
63 7
64 3
65 4
66 1
67 1
68 1
69 1
70 2
71 1
72 4
73 2
74 3
75 2
76 2
77 8
78 2
79 4
80 1
81 2
82 2
83 4
84 7
85 3
86 5
87 5
88 2
89 2
90 5
91 1
92 1
93 2
94 3
95 3
96 8
97 4
98 1
99 8
100 4
101 3
102 6
103 3
104 2
105 2
106 7
107 3
108 6
109 1
110 1
111 2
112 2
113 1
114 1
115 1
116 6
117 6
118 4
119 1
120 2
121 1
122 3
123 4
124 2
125 3
126 1
127 1
128 8
129 1
130 3
131 3
132 2
133 1
134 1
135 1
136 5
137 2
138 1
139 4
140 6
141 2
142 4
143 8
144 1
145 3
146 1
147 2
148 1
149 1
150 7
151 5
152 6
153 2
154 3
155 4
156 2
157 4
158 1
159 1
160 1
161 4
162 8
163 7
164 3
165 3
166 7
167 5
168 5
169 1
170 1
171 2
172 1
173 5
174 3
175 2
176 6
177 8
178 6
179 2
180 1
181 2
182 6
183 6
184 6
185 1
186 5
187 4
188 1
189 4
190 2
191 6
192 1
193 2
194 4
195 2
196 6
197 1
198 2
199 1
200 3
201 1
202 1
203 2
204 2
205 3
206 7
207 1
208 1
209 1
210 8
211 5
212 1
213 8
214 5
215 4
216 1
217 1
218 2
219 3
220 6
221 1
222 8
223 5
224 1
225 7
226 7
227 4
228 2
229 3
230 5
231 2
232 6
233 3
234 1
235 1
236 2
237 6
238 1
239 1
240 5
241 2
242 3
243 2
244 1
245 3
246 1
247 2
248 3
249 1
250 6