776119
1 0
2 7
3 0
4 4
5 0
6 0
7 1
8 12
9 9
10 5
11 0
12 0
13 3
14 0
15 8
16 0
17 0
18 0
19 10
20 0
21 0
22 0
23 6
24 0
25 0
26 2
27 0
28 0
29 11
30 0
1 10
2 3
3 10
4 3
5 1
6 1
7 1
8 6
9 2
10 1
11 2
12 4
13 1
14 9
15 7
16 2
17 2
18 1
19 3
20 12
21 3
22 3
23 6
24 1
25 8
26 6
27 8
28 9
29 3
30 1
31 4
32 1
33 1
34 1
35 1
36 9
37 2
38 1
39 3
40 11
41 5
42 9
43 2
44 9
45 2
46 1
47 6
48 2
49 2
50 1
51 9
52 7
53 1
54 3
55 1
56 4
57 9
58 2
59 3
60 9
61 6
62 2
63 2
64 3
65 1
66 2
67 3
68 10
69 7
70 2
71 10
72 5
73 5
74 1
75 2
76 9
77 5
78 1
79 3
80 9
81 1
82 3
83 7
84 3
85 9
86 6
87 1
88 2
89 8
90 2
91 10
92 1
93 2
94 1
95 4
96 11
97 10
98 1
99 2
100 2
101 1
102 4
103 2
104 2
105 2
106 9
107 4
108 6
109 6
110 3
111 2
112 2
113 8
114 1
115 12
116 5
117 1
118 1
119 4
120 2
121 1
122 8
123 1
124 2
125 3
126 6
127 2
128 5
129 3
130 3
131 6
132 3
133 2
134 6
135 1
136 2
137 1
138 2
139 6
140 1
141 12
142 4
143 2
144 2
145 4
146 1
147 1
148 1
149 2
150 11
151 5
152 1
153 1
154 1
155 1
156 2
157 5
158 8
159 5
160 1
161 2
162 1
163 2
164 9
165 1
166 4
167 2
168 5
169 5
170 4
171 3
172 12
173 4
174 10
175 2
176 2
177 3
178 2
179 1
180 5
181 3
182 12
183 9
184 2
185 8
186 6
187 3
188 1
189 3
190 12
191 5
192 1
193 2
194 2
195 2
196 11
197 2
198 8
199 1
200 3
201 2
202 4
203 1
204 1
205 3
206 1
207 1
208 8
209 5
210 3
211 3
212 1
213 1
214 8
215 10
216 9
217 2
218 5
219 1
220 9
221 6
222 7
223 11
224 1
225 10
226 12
227 1
228 2
229 9
230 10
231 1
232 6
233 2
234 1
235 2
236 3
237 1
238 2
239 1
240 3
241 4
242 5
243 9
244 9
245 1
246 3
247 2
248 7
249 4
250 11
251 8
252 5
253 8
254 3
255 9
256 7
257 3
258 7
259 7
260 2
261 7
262 2
263 5
264 4
265 1
266 2
267 7
268 10
269 4
270 1
271 1
272 9
273 1
274 12
275 6
276 9
277 3
278 11
279 3
280 2
281 1
282 2
283 8
284 2
285 4
286 5
287 2
288 2
289 5
290 2
291 3
292 2
293 3
294 1
295 5
296 10
297 1
298 2
299 9
300 7
301 3
302 7
303 4
304 11
305 6
306 12
307 1
308 2
309 2
310 1
311 5
312 5
313 1
314 2
315 7
316 8
317 1
318 1
319 1
320 1
321 8
322 2
323 1
324 7
325 9
326 4
327 8
328 1
329 10
330 1
331 11
332 2
333 3
334 9
335 2
336 1
337 3
338 4
339 1
340 5
341 5
342 3
343 4
344 7
345 2
346 3
347 4
348 2
349 1
350 6
351 1
352 4
353 6
354 5
355 5
356 2
357 10
358 11
359 1
360 3
361 4
362 1
363 3
364 4
365 2
366 7
367 10
368 1
369 5
370 4
371 9
372 11
373 2
374 5
375 2
376 2
377 5
378 4
379 1
380 5
381 11
382 3
383 5
384 1
385 1
386 2
387 2
388 1
389 1
390 8
391 1
392 1
393 8
394 1
395 10
396 1
397 2
398 7
399 1
400 4
401 2
402 2
403 1
404 5
405 2
406 1
407 1
408 4
409 3
410 9
411 3
412 3
413 7
414 7
415 2
416 5
417 2
418 2
419 5
420 12
421 6
422 4
423 3
424 10
425 1
426 2
427 8
428 2
429 2
430 2
431 1
432 7
433 4
434 6
435 2
436 4
437 1
438 8
439 1
440 1
441 8
442 4
443 10
444 1
445 10
446 6
447 1
448 3
449 1
450 1
451 4
452 5
453 1
454 4
455 2
456 2
457 3
458 4
459 8
460 3
461 1
462 4
463 10
464 3
465 3
466 2
467 2
468 3
469 2
470 9
471 7
472 4
473 2
474 2
475 8
476 3
477 4
478 2
479 2
480 5
481 3
482 8
483 4
484 7
485 4
486 6
487 5
488 1
489 5
490 12
491 1
492 2
493 4
494 1
495 4
496 6
497 5
498 7
499 1
500 2
501 1
502 7
503 2
504 9
505 3
506 2
507 2
508 6
509 2
510 2
511 3
512 8
513 10
514 1
515 1
516 7
517 6
518 2
519 10
520 8
521 7
522 1
523 7
524 3
525 12
526 2
527 5
528 8
529 1
530 1
531 3
532 12
533 2
534 2
535 2
536 12
537 5
538 10
539 3
540 9
541 5
542 5
543 8
544 2
545 1
546 2
547 1
548 5
549 2
550 1
551 4
552 2
553 7
554 1
555 7
556 2
557 1
558 3
559 2
560 8
561 4
562 2
563 2
564 8
565 3
566 5
567 4
568 4
569 5
570 8
571 2
572 1
573 4
574 8
575 5
576 8
577 8
578 4
579 1
580 1
581 1
582 3
583 2
584 2
585 6
586 5
587 2
588 1
589 1
590 1
591 9
592 2
593 1
594 5
595 8
596 1
597 10
598 5
599 6
600 6
601 3
602 2
603 1
604 5
605 10
606 1
607 1
608 1
609 6
610 2
611 7
612 2
613 4
614 3
615 6
616 2
617 7
618 9
619 6
620 3
621 3
622 1
623 4
624 2
625 2
626 1
627 1
628 1
629 1
630 1
631 1
632 9
633 6
634 1
635 7
636 3
637 1
638 4
639 5
640 4
641 4
642 4
643 9
644 10
645 1
646 3
647 10
648 1
649 1
650 11
651 6
652 8
653 2
654 3
655 1
656 1
657 1
658 4
659 3
660 1
661 6
662 2
663 12
664 2
665 2
666 2
667 5
668 4
669 2
670 2
671 1
672 7
673 5
674 12
675 2
676 5
677 3
678 2
679 9
680 4
681 1
682 2
683 1
684 1
685 2
686 4
687 2
688 11
689 1
690 4
691 3
692 11
693 1
694 7
695 1
696 2
697 5
698 8
699 3
700 4
701 1
702 2
703 6
704 4
705 5
706 8
707 4
708 1
709 9
710 1
711 2
712 2
713 6
714 4
715 2
716 2
717 2
718 2
719 2
720 1
721 2
722 1
723 3
724 2
725 6
726 2
727 5
728 4
729 1
730 2
731 2
732 2
733 2
734 4
735 4
736 8
737 2
738 2
739 1
740 1
741 2
742 1
743 3
744 6
745 1
746 1
747 6
748 2
749 6
750 3
751 3
752 3
753 2
754 2
755 4
756 8
757 4
758 7
759 6
760 9
761 2
762 2
763 4
764 1
765 3
766 1
767 1
768 3
769 1
770 10
771 9
772 4
773 5
774 2
775 4
776 2
777 7
778 6
779 5
780 9
781 10
782 5
783 12
784 6
785 7
786 2
787 4
788 7
789 2
790 2
791 3
792 5
793 2
794 6
795 1
796 1
797 1
798 4
799 3
800 10
801 2
802 8
803 1
804 1
805 3
806 9
807 1
808 12
809 1
810 3
811 11
812 7
813 6
814 2
815 1
816 1
817 3
818 10
819 3
820 2
821 9
822 3
823 8
824 7
825 1
826 3
827 5
828 8
829 1
830 4
831 2
832 5
833 3
834 6
835 4
836 2
837 6
838 2
839 7
840 3
841 1
842 2
843 2
844 1
845 2
846 2
847 2
848 8
849 4
850 4
851 11
852 5
853 8
854 7
855 4
856 1
857 2
858 5
859 2
860 1
861 3
862 2
863 5
864 6
865 1
866 9
867 2
868 3
869 5
870 11
871 6
872 1
873 2
874 4
875 5
876 8
877 2
878 2
879 5
880 2
881 4
882 1
883 8
884 4
885 2
886 6
887 2
888 4
889 6
890 2
891 2
892 1
893 2
894 5
895 3
896 3
897 6
898 3
899 2
900 2
901 9
902 4
903 2
904 4
905 1
906 2
907 6
908 2
909 3
910 1
911 3
912 2
913 3
914 10
915 7
916 2
917 3
918 4
919 1
920 4
921 1
922 9
923 5
924 11
925 2
926 1
927 7
928 11
929 1
930 4
931 9
932 3
933 9
934 3
935 2
936 11
937 2
938 1
939 7
940 1
941 12
942 5
943 4
944 3
945 3
946 1
947 3
948 3
949 1
950 1
951 3
952 1
953 2
954 8
955 1
956 1
957 11
958 1
959 11
960 3
961 12
962 2
963 1
964 6
965 6
966 1
967 6
968 8
969 6
970 12
971 11
972 1
973 7
974 4
975 12
976 2
977 1
978 1
979 5
980 11
981 3
982 2
983 9
984 1
985 2
986 3
987 11
988 7
989 9
990 12
991 8
992 5
993 8
994 2
995 1
996 10
997 5
998 2
999 1
1000 2