322845
1 2
2 0
3 0
4 2
5 2
6 4
7 3
8 2
9 4
10 0
11 0
12 0
13 2
14 3
15 0
16 2
17 0
18 1
19 2
20 0
21 3
22 3
23 0
24 0
25 2
26 3
27 0
28 0
29 3
30 1
1 1
2 1
3 2
4 3
5 2
6 1
7 2
8 2
9 1
10 2
11 3
12 1
13 1
14 1
15 2
16 3
17 1
18 1
19 2
20 2
21 2
22 1
23 2
24 1
25 4
26 1
27 2
28 2
29 4
30 2
31 1
32 2
33 4
34 4
35 2
36 4
37 1
38 2
39 2
40 1
41 2
42 1
43 3
44 2
45 1
46 2
47 3
48 1
49 1
50 1
51 1
52 2
53 3
54 1
55 1
56 1
57 1
58 1
59 1
60 2
61 3
62 4
63 1
64 1
65 1
66 2
67 1
68 4
69 1
70 1
71 1
72 3
73 2
74 1
75 1
76 2
77 3
78 2
79 2
80 2
81 1
82 2
83 1
84 2
85 1
86 1
87 1
88 2
89 2
90 2
91 2
92 1
93 3
94 3
95 1
96 4
97 1
98 2
99 3
100 1
101 1
102 1
103 4
104 2
105 4
106 3
107 4
108 1
109 2
110 1
111 1
112 4
113 1
114 1
115 1
116 2
117 3
118 3
119 2
120 4
121 2
122 1
123 2
124 2
125 2
126 1
127 1
128 4
129 1
130 2
131 1
132 2
133 1
134 2
135 2
136 1
137 4
138 2
139 2
140 1
141 1
142 2
143 1
144 2
145 1
146 3
147 1
148 4
149 2
150 4
151 1
152 2
153 1
154 2
155 2
156 1
157 3
158 1
159 1
160 4
161 1
162 2
163 2
164 1
165 2
166 3
167 1
168 3
169 1
170 4
171 1
172 1
173 1
174 1
175 2
176 2
177 4
178 4
179 1
180 1
181 2
182 1
183 4
184 1
185 4
186 3
187 2
188 2
189 3
190 1
191 1
192 3
193 1
194 4
195 2
196 2
197 1
198 4
199 1
200 1
201 2
202 2
203 1
204 1
205 4
206 1
207 1
208 1
209 1
210 1
211 3
212 2
213 1
214 3
215 3
216 2
217 1
218 4
219 2
220 2
221 4
222 2
223 1
224 1
225 4
226 4
227 3
228 2
229 1
230 3
231 4
232 3
233 2
234 1
235 2
236 1
237 1
238 1
239 1
240 3
241 1
242 1
243 1
244 4
245 3
246 2
247 2
248 1
249 2
250 1