284348
1 0
2 7
3 0
4 4
5 0
6 0
7 3
8 6
9 0
10 0
11 0
12 0
13 0
14 0
15 0
16 0
17 0
18 0
19 0
20 0
21 0
22 0
23 0
24 2
25 0
26 0
27 0
28 0
29 0
30 0
31 5
32 0
33 0
34 0
35 1
36 0
37 0
38 0
39 0
40 0
41 0
42 0
43 0
44 0
45 0
46 0
47 8
48 0
49 0
50 0
1 5
2 4
3 1
4 1
5 7
6 2
7 3
8 4
9 8
10 4
11 5
12 7
13 2
14 2
15 2
16 3
17 6
18 6
19 1
20 1
21 4
22 6
23 3
24 1
25 2
26 3
27 1
28 2
29 4
30 3
31 1
32 3
33 8
34 8
35 6
36 1
37 1
38 4
39 6
40 3
41 4
42 3
43 1
44 4
45 1
46 8
47 4
48 2
49 1
50 1
51 8
52 1
53 4
54 1
55 1
56 1
57 4
58 1
59 1
60 1
61 3
62 1
63 1
64 2
65 1
66 3
67 1
68 1
69 3
70 6
71 4
72 2
73 4
74 4
75 2
76 2
77 1
78 2
79 2
80 1
81 4
82 5
83 2
84 3
85 6
86 7
87 1
88 2
89 3
90 1
91 4
92 4
93 6
94 2
95 4
96 3
97 3
98 1
99 7
100 8
101 1
102 1
103 1
104 3
105 1
106 3
107 1
108 2
109 1
110 6
111 5
112 1
113 1
114 1
115 2
116 3
117 3
118 1
119 7
120 1
121 6
122 2
123 1
124 1
125 1
126 5
127 1
128 2
129 1
130 7
131 7
132 4
133 5
134 1
135 1
136 1
137 2
138 2
139 8
140 1
141 4
142 7
143 1
144 1
145 1
146 4
147 1
148 5
149 2
150 8
151 1
152 4
153 1
154 5
155 1
156 2
157 8
158 3
159 4
160 3
161 4
162 5
163 2
164 5
165 1
166 1
167 7
168 1
169 5
170 1
171 8
172 4
173 8
174 3
175 1
176 1
177 8
178 3
179 2
180 1
181 6
182 3
183 5
184 4
185 5
186 1
187 3
188 1
189 7
190 5
191 4
192 1
193 4
194 1
195 5
196 2
197 2
198 1
199 7
200 3
201 6
202 2
203 4
204 4
205 1
206 1
207 4
208 7
209 3
210 3
211 1
212 1
213 1
214 4
215 3
216 3
217 4
218 4
219 7
220 2
221 1
222 8
223 1
224 4
225 1
226 2
227 8
228 1
229 2
230 3
231 5
232 7
233 4
234 1
235 5
236 7
237 1
238 1
239 1
240 2
241 1
242 2
243 1
244 1
245 2
246 1
247 3
248 2
249 3
250 4
251 3
252 2
253 3
254 8
255 1
256 5
257 1
258 1
259 1
260 4
261 1
262 5
263 5
264 1
265 8
266 5
267 4
268 2
269 1
270 2
271 1
272 2
273 2
274 1
275 4
276 3
277 1
278 6
279 7
280 6
281 5
282 4
283 1
284 3
285 1
286 5
287 1
288 1
289 3
290 4
291 3
292 4
293 8
294 5
295 6
296 5
297 1
298 5
299 1
300 2
301 7
302 4
303 3
304 1
305 4
306 1
307 1
308 5
309 2
310 6
311 1
312 1
313 5
314 1
315 4
316 2
317 7
318 2
319 3
320 8
321 1
322 4
323 1
324 1
325 6
326 1
327 5
328 5
329 1
330 1
331 1
332 7
333 7
334 1
335 4
336 5
337 4
338 3
339 8
340 3
341 8
342 3
343 5
344 2
345 1
346 7
347 4
348 1
349 2
350 3
351 4
352 2
353 7
354 8
355 4
356 1
357 2
358 6
359 1
360 1
361 2
362 1
363 6
364 1
365 1
366 1
367 1
368 3
369 1
370 7
371 1
372 1
373 1
374 4
375 8
376 1
377 3
378 3
379 1
380 1
381 1
382 1
383 6
384 3
385 6
386 3
387 6
388 1
389 2
390 1
391 1
392 7
393 1
394 1
395 4
396 4
397 4
398 1
399 2
400 2
401 1
402 7
403 1
404 2
405 7
406 2
407 2
408 2
409 1
410 1
411 1
412 2
413 6
414 2
415 5
416 8
417 4
418 5
419 4
420 1
421 1
422 1
423 6
424 7
425 6
426 7
427 8
428 7
429 1
430 7
431 4
432 5
433 4
434 3
435 8
436 4
437 2
438 2
439 5
440 1
441 5
442 4
443 6
444 1
445 6
446 1
447 4
448 1
449 2
450 2
451 1
452 1
453 2
454 2
455 1
456 4
457 8
458 6
459 3
460 3
461 4
462 1
463 1
464 4
465 2
466 1
467 6
468 2
469 1
470 2
471 7
472 4
473 1
474 2
475 5
476 1
477 5
478 5
479 5
480 1
481 2
482 8
483 3
484 4
485 8
486 1
487 2
488 1
489 1
490 1
491 5
492 3
493 7
494 5
495 3
496 2
497 1
498 5
499 2
500 1