229611
1 0
2 0
3 9
4 0
5 0
6 0
7 0
8 0
9 0
10 0
11 0
12 0
13 0
14 0
15 0
16 0
17 0
18 0
19 0
20 0
21 0
22 0
23 0
24 6
25 0
26 0
27 0
28 0
29 7
30 2
31 0
32 11
33 8
34 0
35 1
36 4
37 0
38 0
39 0
40 0
41 0
42 5
43 0
44 10
45 0
46 0
47 3
48 0
49 0
50 12
1 1
2 6
3 1
4 1
5 2
6 9
7 1
8 1
9 2
10 1
11 2
12 1
13 1
14 11
15 9
16 1
17 1
18 3
19 1
20 9
21 8
22 8
23 2
24 1
25 6
26 1
27 1
28 5
29 3
30 10
31 4
32 4
33 1
34 1
35 5
36 2
37 5
38 12
39 1
40 1
41 2
42 2
43 4
44 9
45 8
46 2
47 1
48 2
49 7
50 2
51 7
52 1
53 10
54 5
55 7
56 7
57 7
58 1
59 10
60 1
61 7
62 3
63 1
64 5
65 1
66 7
67 2
68 8
69 4
70 6
71 1
72 8
73 9
74 4
75 1
76 1
77 10
78 1
79 4
80 5
81 3
82 1
83 5
84 1
85 7
86 3
87 1
88 4
89 4
90 3
91 4
92 1
93 6
94 5
95 11
96 1
97 3
98 5
99 2
100 1
101 5
102 1
103 5
104 7
105 1
106 1
107 2
108 5
109 9
110 3
111 3
112 5
113 5
114 9
115 1
116 3
117 11
118 1
119 3
120 1
121 11
122 10
123 1
124 3
125 7
126 3
127 5
128 3
129 1
130 1
131 1
132 2
133 8
134 1
135 3
136 8
137 6
138 4
139 1
140 1
141 1
142 1
143 8
144 1
145 8
146 1
147 1
148 2
149 4
150 1
151 2
152 1
153 1
154 7
155 1
156 1
157 8
158 3
159 2
160 4
161 4
162 4
163 1
164 4
165 6
166 3
167 12
168 3
169 1
170 1
171 4
172 1
173 1
174 7
175 2
176 2
177 2
178 1
179 2
180 10
181 3
182 1
183 2
184 10
185 1
186 4
187 5
188 1
189 5
190 12
191 1
192 3
193 2
194 2
195 10
196 7
197 9
198 1
199 2
200 9
201 7
202 3
203 4
204 9
205 4
206 2
207 2
208 2
209 5
210 3
211 1
212 7
213 3
214 6
215 4
216 4
217 1
218 1
219 8
220 2
221 4
222 1
223 1
224 1
225 9
226 4
227 1
228 1
229 6
230 1
231 5
232 5
233 6
234 1
235 3
236 2
237 11
238 1
239 1
240 1
241 2
242 1
243 9
244 3
245 2
246 3
247 1
248 1
249 1
250 4