405883
1 0
2 0
3 0
4 0
5 0
6 0
7 0
8 11
9 0
10 0
11 0
12 1
13 0
14 0
15 0
16 6
17 0
18 10
19 9
20 0
21 12
22 0
23 0
24 0
25 0
26 3
27 0
28 4
29 0
30 0
31 0
32 0
33 0
34 7
35 0
36 0
37 8
38 0
39 2
40 0
41 0
42 0
43 0
44 0
45 0
46 0
47 0
48 0
49 0
50 5
1 1
2 11
3 3
4 2
5 2
6 2
7 3
8 1
9 3
10 1
11 2
12 1
13 2
14 5
15 2
16 4
17 10
18 12
19 3
20 3
21 3
22 8
23 11
24 6
25 5
26 2
27 2
28 5
29 1
30 3
31 2
32 2
33 1
34 5
35 2
36 2
37 4
38 7
39 2
40 6
41 2
42 7
43 5
44 5
45 2
46 5
47 5
48 3
49 11
50 8
51 9
52 5
53 1
54 2
55 2
56 2
57 2
58 11
59 2
60 10
61 2
62 1
63 9
64 1
65 11
66 3
67 3
68 2
69 2
70 6
71 2
72 2
73 2
74 5
75 1
76 3
77 1
78 1
79 3
80 8
81 2
82 1
83 9
84 9
85 3
86 2
87 2
88 4
89 9
90 6
91 8
92 3
93 2
94 4
95 12
96 2
97 6
98 1
99 2
100 1
101 2
102 3
103 2
104 5
105 2
106 2
107 2
108 7
109 3
110 6
111 11
112 3
113 4
114 2
115 2
116 2
117 4
118 3
119 2
120 4
121 8
122 3
123 3
124 3
125 6
126 3
127 3
128 1
129 8
130 7
131 12
132 7
133 2
134 3
135 7
136 11
137 9
138 3
139 2
140 2
141 9
142 1
143 2
144 2
145 4
146 6
147 9
148 2
149 5
150 5
151 9
152 2
153 3
154 2
155 3
156 8
157 12
158 1
159 2
160 1
161 3
162 2
163 2
164 7
165 6
166 11
167 1
168 6
169 2
170 2
171 8
172 7
173 5
174 4
175 4
176 11
177 3
178 2
179 2
180 6
181 3
182 7
183 1
184 2
185 2
186 3
187 2
188 3
189 2
190 4
191 4
192 5
193 8
194 5
195 2
196 3
197 5
198 1
199 6
200 6
201 3
202 2
203 7
204 2
205 9
206 7
207 3
208 10
209 2
210 9
211 2
212 2
213 2
214 1
215 4
216 1
217 2
218 2
219 7
220 11
221 8
222 2
223 11
224 4
225 3
226 2
227 12
228 5
229 11
230 2
231 12
232 12
233 1
234 1
235 1
236 2
237 5
238 1
239 2
240 2
241 2
242 6
243 2
244 2
245 6
246 4
247 5
248 8
249 1
250 12
251 7
252 3
253 11
254 5
255 3
256 6
257 3
258 7
259 2
260 2
261 8
262 2
263 2
264 1
265 1
266 10
267 7
268 1
269 3
270 1
271 1
272 2
273 11
274 1
275 1
276 5
277 2
278 5
279 4
280 3
281 1
282 1
283 6
284 7
285 3
286 2
287 2
288 1
289 7
290 2
291 9
292 5
293 2
294 4
295 3
296 3
297 12
298 4
299 9
300 2
301 1
302 7
303 2
304 1
305 2
306 9
307 1
308 2
309 12
310 6
311 3
312 2
313 2
314 4
315 10
316 4
317 11
318 4
319 1
320 10
321 5
322 6
323 2
324 9
325 6
326 7
327 4
328 4
329 2
330 3
331 4
332 4
333 2
334 2
335 2
336 5
337 4
338 7
339 2
340 3
341 10
342 1
343 3
344 2
345 4
346 4
347 8
348 4
349 10
350 1
351 3
352 3
353 5
354 10
355 2
356 4
357 7
358 3
359 1
360 1
361 8
362 6
363 2
364 2
365 10
366 5
367 3
368 5
369 9
370 4
371 2
372 2
373 3
374 4
375 2
376 2
377 2
378 4
379 1
380 5
381 4
382 11
383 9
384 2
385 2
386 5
387 4
388 9
389 6
390 2
391 1
392 2
393 1
394 10
395 10
396 2
397 1
398 10
399 4
400 2
401 2
402 2
403 2
404 1
405 12
406 8
407 8
408 3
409 11
410 7
411 12
412 2
413 7
414 1
415 6
416 2
417 3
418 9
419 1
420 4
421 2
422 10
423 7
424 12
425 2
426 2
427 4
428 2
429 12
430 5
431 1
432 2
433 4
434 1
435 3
436 2
437 8
438 10
439 5
440 12
441 2
442 2
443 6
444 6
445 2
446 4
447 9
448 2
449 3
450 2
451 1
452 3
453 5
454 6
455 3
456 1
457 9
458 2
459 4
460 2
461 3
462 7
463 7
464 6
465 8
466 4
467 4
468 1
469 2
470 2
471 2
472 2
473 1
474 2
475 4
476 12
477 2
478 7
479 2
480 2
481 1
482 2
483 5
484 4
485 7
486 2
487 2
488 3
489 2
490 4
491 10
492 1
493 2
494 4
495 5
496 2
497 4
498 2
499 11
500 2