80797
1 0
2 8
3 3
4 2
5 0
6 0
7 0
8 5
9 6
10 4
11 0
12 0
13 0
14 0
15 7
16 0
17 0
18 1
19 0
20 0
1 2
2 5
3 3
4 2
5 3
6 7
7 2
8 4
9 4
10 4
11 8
12 6
13 2
14 6
15 1
16 5
17 7
18 5
19 3
20 2
21 5
22 4
23 5
24 2
25 2
26 8
27 2
28 2
29 4
30 6
31 2
32 1
33 7
34 2
35 4
36 7
37 7
38 4
39 1
40 3
41 2
42 5
43 1
44 3
45 3
46 2
47 4
48 2
49 8
50 4
51 2
52 2
53 1
54 2
55 3
56 4
57 4
58 4
59 4
60 4
61 6
62 2
63 4
64 3
65 5
66 6
67 7
68 1
69 4
70 3
71 1
72 8
73 8
74 3
75 2
76 7
77 2
78 1
79 1
80 7
81 2
82 3
83 5
84 4
85 4
86 2
87 4
88 5
89 2
90 5
91 6
92 8
93 3
94 2
95 6
96 4
97 2
98 7
99 2
100 2