44157
1 0
2 0
3 2
4 0
5 0
6 0
7 0
8 0
9 0
10 0
11 0
12 0
13 3
14 0
15 0
16 4
17 1
18 0
19 0
20 0
1 2
2 3
3 3
4 1
5 1
6 3
7 2
8 4
9 4
10 3
11 2
12 3
13 1
14 4
15 1
16 2
17 1
18 1
19 1
20 4
21 2
22 1
23 1
24 1
25 2
26 3
27 2
28 4
29 2
30 4
31 4
32 1
33 3
34 2
35 1
36 1
37 1
38 3
39 2
40 2
41 1
42 1
43 2
44 2
45 4
46 1
47 3
48 1
49 4
50 4
51 1
52 1
53 4
54 4
55 3
56 4
57 1
58 1
59 2
60 1
61 2
62 2
63 2
64 3
65 4
66 1
67 4
68 2
69 2
70 1
71 1
72 1
73 3
74 1
75 1
76 2
77 4
78 4
79 1
80 4
81 1
82 2
83 1
84 3
85 2
86 3
87 3
88 2
89 1
90 4
91 4
92 1
93 3
94 3
95 1
96 1
97 1
98 1
99 3
100 1