1181039
1 0
2 5
3 5
4 0
5 0
6 7
7 3
8 8
9 0
10 0
11 4
12 1
13 6
14 0
15 2
16 0
17 2
18 3
19 8
20 3
21 6
22 3
23 0
24 5
25 0
26 5
27 3
28 0
29 5
30 2
1 3
2 1
3 1
4 1
5 2
6 2
7 8
8 1
9 2
10 2
11 1
12 2
13 1
14 1
15 2
16 1
17 2
18 1
19 2
20 5
21 6
22 3
23 4
24 1
25 1
26 2
27 1
28 2
29 1
30 2
31 2
32 1
33 3
34 1
35 2
36 1
37 1
38 2
39 5
40 2
41 4
42 1
43 1
44 1
45 1
46 1
47 4
48 3
49 1
50 1
51 2
52 3
53 7
54 1
55 1
56 2
57 3
58 4
59 1
60 1
61 2
62 1
63 2
64 3
65 8
66 8
67 1
68 8
69 4
70 4
71 7
72 3
73 2
74 3
75 1
76 3
77 7
78 2
79 1
80 1
81 2
82 3
83 1
84 4
85 3
86 5
87 2
88 1
89 1
90 3
91 1
92 4
93 6
94 2
95 3
96 1
97 1
98 3
99 3
100 1
101 3
102 4
103 2
104 2
105 2
106 1
107 1
108 2
109 4
110 3
111 4
112 1
113 2
114 5
115 1
116 2
117 5
118 1
119 1
120 1
121 1
122 1
123 4
124 2
125 3
126 3
127 1
128 1
129 5
130 3
131 4
132 3
133 2
134 2
135 1
136 4
137 2
138 6
139 5
140 3
141 1
142 1
143 2
144 2
145 5
146 2
147 1
148 1
149 2
150 1
151 1
152 6
153 4
154 1
155 8
156 1
157 2
158 2
159 3
160 1
161 1
162 2
163 3
164 1
165 8
166 1
167 1
168 2
169 2
170 6
171 3
172 3
173 6
174 7
175 1
176 5
177 1
178 1
179 5
180 7
181 6
182 1
183 6
184 4
185 1
186 1
187 3
188 4
189 3
190 1
191 1
192 1
193 2
194 1
195 3
196 7
197 8
198 1
199 1
200 1
201 4
202 2
203 5
204 2
205 3
206 7
207 3
208 1
209 6
210 1
211 1
212 1
213 3
214 1
215 7
216 3
217 2
218 2
219 3
220 4
221 5
222 5
223 2
224 5
225 1
226 1
227 1
228 3
229 2
230 2
231 1
232 4
233 3
234 8
235 3
236 3
237 1
238 2
239 5
240 3
241 8
242 7
243 4
244 2
245 2
246 2
247 1
248 1
249 2
250 2
251 5
252 8
253 8
254 1
255 5
256 2
257 3
258 8
259 1
260 2
261 2
262 1
263 3
264 5
265 1
266 4
267 2
268 2
269 5
270 1
271 2
272 2
273 2
274 7
275 6
276 3
277 8
278 2
279 3
280 1
281 2
282 4
283 1
284 1
285 1
286 1
287 7
288 4
289 8
290 4
291 1
292 2
293 3
294 2
295 3
296 3
297 1
298 1
299 1
300 2
301 5
302 1
303 3
304 2
305 2
306 2
307 1
308 3
309 2
310 4
311 1
312 1
313 4
314 8
315 1
316 1
317 8
318 4
319 1
320 6
321 3
322 3
323 2
324 1
325 5
326 1
327 3
328 8
329 2
330 4
331 4
332 2
333 6
334 1
335 5
336 5
337 4
338 4
339 2
340 4
341 2
342 2
343 1
344 2
345 4
346 5
347 2
348 1
349 2
350 5
351 1
352 2
353 5
354 2
355 3
356 1
357 2
358 2
359 4
360 2
361 1
362 1
363 2
364 1
365 3
366 1
367 1
368 6
369 2
370 1
371 8
372 3
373 1
374 7
375 2
376 2
377 7
378 1
379 3
380 2
381 3
382 1
383 3
384 7
385 1
386 2
387 2
388 2
389 2
390 1
391 2
392 1
393 1
394 3
395 1
396 5
397 1
398 1
399 3
400 8
401 5
402 4
403 2
404 2
405 1
406 2
407 2
408 2
409 3
410 2
411 4
412 2
413 2
414 1
415 3
416 4
417 6
418 1
419 8
420 1
421 3
422 3
423 2
424 3
425 6
426 1
427 2
428 5
429 1
430 1
431 2
432 1
433 1
434 1
435 6
436 2
437 2
438 2
439 5
440 1
441 1
442 2
443 8
444 1
445 5
446 1
447 6
448 2
449 2
450 4
451 3
452 4
453 3
454 2
455 2
456 2
457 2
458 2
459 6
460 7
461 5
462 7
463 5
464 3
465 3
466 4
467 2
468 5
469 3
470 2
471 2
472 7
473 6
474 1
475 3
476 4
477 5
478 2
479 6
480 8
481 2
482 5
483 2
484 1
485 3
486 8
487 6
488 5
489 2
490 1
491 2
492 4
493 2
494 1
495 3
496 5
497 1
498 3
499 2
500 1
501 2
502 1
503 1
504 6
505 1
506 2
507 4
508 2
509 2
510 3
511 1
512 2
513 4
514 1
515 3
516 4
517 4
518 2
519 3
520 6
521 2
522 5
523 1
524 4
525 3
526 2
527 5
528 5
529 5
530 2
531 2
532 3
533 2
534 5
535 3
536 2
537 1
538 1
539 7
540 2
541 2
542 8
543 1
544 3
545 6
546 6
547 2
548 1
549 3
550 3
551 4
552 3
553 5
554 2
555 3
556 8
557 4
558 3
559 8
560 6
561 3
562 4
563 4
564 4
565 1
566 1
567 2
568 1
569 3
570 6
571 2
572 1
573 2
574 5
575 7
576 1
577 5
578 1
579 7
580 8
581 2
582 8
583 1
584 3
585 3
586 2
587 1
588 5
589 2
590 5
591 7
592 2
593 4
594 5
595 3
596 2
597 5
598 5
599 4
600 2
601 8
602 3
603 5
604 1
605 2
606 4
607 4
608 7
609 1
610 1
611 7
612 2
613 1
614 3
615 2
616 1
617 2
618 1
619 1
620 1
621 5
622 1
623 2
624 1
625 3
626 1
627 7
628 2
629 1
630 2
631 1
632 1
633 2
634 1
635 1
636 2
637 1
638 2
639 2
640 4
641 2
642 1
643 7
644 7
645 1
646 8
647 3
648 1
649 2
650 3
651 1
652 1
653 3
654 5
655 2
656 7
657 1
658 2
659 1
660 1
661 1
662 3
663 2
664 1
665 1
666 2
667 2
668 2
669 3
670 4
671 2
672 4
673 4
674 1
675 2
676 6
677 1
678 1
679 2
680 1
681 1
682 5
683 5
684 2
685 1
686 8
687 1
688 2
689 3
690 2
691 7
692 5
693 2
694 1
695 1
696 2
697 5
698 5
699 7
700 8
701 1
702 7
703 1
704 2
705 2
706 4
707 3
708 2
709 5
710 1
711 2
712 1
713 5
714 2
715 1
716 7
717 5
718 2
719 2
720 1
721 2
722 6
723 7
724 2
725 5
726 1
727 1
728 2
729 3
730 1
731 5
732 1
733 2
734 2
735 1
736 3
737 1
738 1
739 8
740 2
741 3
742 1
743 1
744 1
745 1
746 8
747 1
748 1
749 2
750 2
751 1
752 2
753 2
754 1
755 7
756 2
757 6
758 1
759 2
760 5
761 6
762 2
763 3
764 2
765 1
766 3
767 1
768 2
769 2
770 2
771 2
772 1
773 4
774 1
775 6
776 1
777 4
778 3
779 1
780 3
781 3
782 1
783 5
784 5
785 8
786 2
787 2
788 1
789 6
790 3
791 6
792 2
793 4
794 1
795 7
796 7
797 5
798 6
799 2
800 1
801 2
802 2
803 1
804 1
805 4
806 5
807 4
808 1
809 8
810 2
811 2
812 3
813 6
814 2
815 6
816 3
817 2
818 5
819 7
820 2
821 2
822 5
823 1
824 1
825 3
826 1
827 2
828 2
829 4
830 1
831 1
832 2
833 8
834 2
835 3
836 1
837 7
838 5
839 5
840 3
841 1
842 2
843 1
844 5
845 2
846 2
847 2
848 5
849 2
850 7
851 8
852 8
853 1
854 1
855 1
856 2
857 4
858 1
859 1
860 2
861 4
862 3
863 5
864 3
865 1
866 6
867 7
868 1
869 3
870 8
871 1
872 2
873 4
874 2
875 2
876 6
877 2
878 1
879 1
880 2
881 2
882 3
883 7
884 1
885 8
886 1
887 1
888 3
889 3
890 3
891 5
892 2
893 2
894 1
895 7
896 8
897 2
898 1
899 1
900 3
901 4
902 2
903 1
904 1
905 3
906 7
907 3
908 1
909 3
910 1
911 1
912 6
913 3
914 3
915 8
916 2
917 3
918 1
919 1
920 1
921 3
922 4
923 2
924 1
925 1
926 1
927 7
928 1
929 5
930 2
931 6
932 1
933 1
934 5
935 7
936 4
937 4
938 2
939 3
940 5
941 3
942 3
943 1
944 3
945 3
946 2
947 1
948 8
949 3
950 1
951 3
952 8
953 6
954 5
955 7
956 2
957 2
958 1
959 1
960 2
961 1
962 3
963 4
964 1
965 2
966 5
967 1
968 3
969 4
970 4
971 1
972 2
973 1
974 3
975 1
976 2
977 1
978 2
979 4
980 1
981 4
982 2
983 3
984 2
985 5
986 2
987 3
988 3
989 1
990 8
991 1
992 7
993 2
994 3
995 2
996 8
997 2
998 1
999 7
1000 8