299654
1 1
2 0
3 0
4 7
5 0
6 0
7 5
8 6
9 3
10 8
11 0
12 0
13 0
14 0
15 4
16 1
17 8
18 0
19 2
20 12
21 0
22 6
23 7
24 0
25 0
26 9
27 10
28 0
29 12
30 11
1 2
2 6
3 6
4 4
5 12
6 1
7 10
8 8
9 4
10 4
11 1
12 4
13 3
14 1
15 11
16 9
17 2
18 3
19 1
20 1
21 11
22 1
23 9
24 5
25 3
26 5
27 6
28 12
29 1
30 1
31 12
32 2
33 1
34 1
35 5
36 1
37 3
38 9
39 1
40 7
41 2
42 11
43 2
44 6
45 4
46 12
47 11
48 1
49 1
50 8
51 1
52 1
53 10
54 1
55 7
56 1
57 3
58 5
59 5
60 4
61 1
62 1
63 1
64 8
65 1
66 3
67 2
68 1
69 1
70 6
71 1
72 1
73 3
74 2
75 1
76 6
77 1
78 1
79 3
80 1
81 4
82 1
83 4
84 10
85 1
86 1
87 2
88 1
89 1
90 2
91 2
92 4
93 3
94 12
95 6
96 5
97 4
98 5
99 10
100 5
101 3
102 8
103 5
104 7
105 6
106 8
107 5
108 2
109 1
110 3
111 4
112 1
113 2
114 1
115 2
116 3
117 3
118 6
119 6
120 9
121 2
122 4
123 1
124 2
125 2
126 2
127 2
128 6
129 7
130 8
131 5
132 3
133 2
134 1
135 3
136 1
137 3
138 8
139 1
140 3
141 1
142 1
143 1
144 1
145 7
146 9
147 9
148 4
149 1
150 1
151 2
152 1
153 4
154 5
155 11
156 12
157 3
158 1
159 7
160 5
161 2
162 2
163 1
164 3
165 1
166 2
167 3
168 1
169 5
170 7
171 1
172 1
173 12
174 6
175 12
176 2
177 4
178 3
179 1
180 3
181 8
182 2
183 1
184 1
185 3
186 1
187 11
188 3
189 1
190 7
191 11
192 1
193 1
194 1
195 6
196 4
197 3
198 5
199 8
200 1
201 3
202 1
203 3
204 4
205 6
206 2
207 1
208 6
209 1
210 1
211 4
212 1
213 1
214 1
215 4
216 1
217 5
218 1
219 1
220 12
221 4
222 6
223 1
224 1
225 1
226 5
227 4
228 1
229 1
230 2
231 4
232 3
233 1
234 1
235 12
236 2
237 1
238 1
239 1
240 2
241 1
242 1
243 9
244 11
245 8
246 4
247 3
248 1
249 1
250 3