68701
1 0
2 0
3 0
4 4
5 0
6 0
7 0
8 0
9 0
10 0
11 0
12 1
13 3
14 0
15 0
16 3
17 2
18 4
19 1
20 0
1 1
2 4
3 1
4 2
5 2
6 4
7 3
8 1
9 1
10 2
11 1
12 3
13 2
14 4
15 2
16 1
17 1
18 1
19 4
20 4
21 1
22 3
23 1
24 1
25 4
26 2
27 1
28 1
29 4
30 3
31 1
32 1
33 2
34 2
35 2
36 2
37 2
38 1
39 2
40 1
41 1
42 3
43 2
44 3
45 4
46 2
47 2
48 2
49 2
50 4
51 3
52 1
53 1
54 1
55 1
56 3
57 2
58 1
59 2
60 3
61 3
62 3
63 1
64 2
65 4
66 2
67 1
68 3
69 4
70 2
71 1
72 1
73 2
74 1
75 2
76 2
77 1
78 1
79 1
80 3
81 1
82 3
83 4
84 1
85 4
86 3
87 1
88 1
89 2
90 3
91 3
92 3
93 2
94 2
95 4
96 4
97 1
98 1
99 4
100 4