221491
1 9
2 0
3 0
4 3
5 12
6 10
7 0
8 5
9 0
10 0
11 0
12 1
13 0
14 0
15 0
16 0
17 11
18 0
19 7
20 0
21 0
22 8
23 0
24 2
25 0
26 6
27 0
28 0
29 4
30 0
1 4
2 9
3 1
4 9
5 8
6 3
7 6
8 5
9 12
10 6
11 3
12 4
13 5
14 6
15 3
16 6
17 3
18 3
19 8
20 3
21 3
22 3
23 8
24 3
25 2
26 3
27 5
28 8
29 6
30 3
31 2
32 11
33 2
34 2
35 5
36 6
37 2
38 4
39 5
40 7
41 12
42 2
43 1
44 2
45 2
46 8
47 3
48 5
49 9
50 12
51 5
52 1
53 3
54 2
55 6
56 5
57 3
58 8
59 4
60 9
61 5
62 6
63 1
64 5
65 3
66 5
67 5
68 3
69 4
70 2
71 1
72 1
73 9
74 3
75 4
76 3
77 2
78 3
79 3
80 2
81 9
82 4
83 2
84 5
85 5
86 11
87 4
88 3
89 3
90 1
91 2
92 4
93 4
94 7
95 8
96 12
97 3
98 2
99 2
100 10
101 4
102 12
103 12
104 1
105 12
106 5
107 5
108 3
109 3
110 4
111 3
112 2
113 6
114 3
115 9
116 3
117 3
118 4
119 2
120 7
121 9
122 2
123 1
124 3
125 4
126 6
127 2
128 4
129 10
130 1
131 1
132 8
133 4
134 2
135 12
136 6
137 6
138 4
139 2
140 10
141 3
142 3
143 5
144 10
145 4
146 10
147 9
148 1
149 7
150 4
151 7
152 3
153 10
154 3
155 3
156 6
157 1
158 5
159 2
160 3
161 2
162 3
163 2
164 2
165 1
166 10
167 9
168 3
169 3
170 12
171 9
172 5
173 7
174 7
175 9
176 2
177 11
178 4
179 4
180 5
181 1
182 2
183 12
184 1
185 4
186 8
187 1
188 11
189 6
190 3
191 5
192 2
193 5
194 4
195 2
196 1
197 11
198 3
199 1
200 1
201 3
202 12
203 3
204 2
205 6
206 5
207 11
208 6
209 3
210 5
211 6
212 6
213 2
214 1
215 3
216 7
217 4
218 3
219 3
220 11
221 4
222 1
223 3
224 3
225 4
226 2
227 6
228 7
229 3
230 3
231 3
232 3
233 3
234 3
235 8
236 6
237 6
238 7
239 4
240 8
241 1
242 5
243 2
244 11
245 7
246 1
247 3
248 7
249 5
250 2