529743
1 0
2 0
3 11
4 2
5 12
6 0
7 0
8 6
9 0
10 0
11 5
12 2
13 0
14 0
15 0
16 0
17 0
18 0
19 1
20 0
21 10
22 0
23 6
24 0
25 0
26 0
27 4
28 0
29 0
30 0
31 0
32 0
33 0
34 0
35 8
36 0
37 0
38 10
39 0
40 7
41 0
42 0
43 12
44 3
45 0
46 0
47 9
48 0
49 3
50 0
1 1
2 9
3 1
4 12
5 1
6 3
7 5
8 1
9 12
10 1
11 2
12 2
13 1
14 5
15 5
16 4
17 5
18 10
19 9
20 8
21 3
22 2
23 1
24 8
25 8
26 2
27 2
28 5
29 1
30 1
31 8
32 3
33 3
34 4
35 4
36 1
37 3
38 3
39 3
40 1
41 3
42 1
43 1
44 10
45 1
46 1
47 2
48 1
49 1
50 1
51 5
52 4
53 7
54 2
55 2
56 1
57 10
58 1
59 5
60 1
61 6
62 4
63 1
64 2
65 2
66 5
67 1
68 1
69 3
70 3
71 6
72 7
73 1
74 2
75 12
76 1
77 2
78 2
79 3
80 8
81 1
82 2
83 1
84 1
85 1
86 1
87 6
88 6
89 2
90 7
91 2
92 7
93 3
94 1
95 2
96 9
97 3
98 1
99 1
100 3
101 1
102 6
103 1
104 5
105 2
106 3
107 1
108 2
109 6
110 1
111 3
112 7
113 2
114 6
115 6
116 1
117 2
118 3
119 1
120 4
121 10
122 1
123 12
124 2
125 7
126 2
127 8
128 6
129 1
130 3
131 1
132 1
133 3
134 5
135 9
136 4
137 4
138 2
139 2
140 3
141 4
142 1
143 1
144 7
145 7
146 2
147 9
148 1
149 10
150 1
151 2
152 7
153 8
154 1
155 2
156 8
157 1
158 11
159 7
160 1
161 8
162 3
163 1
164 2
165 3
166 1
167 5
168 1
169 6
170 1
171 1
172 4
173 1
174 1
175 2
176 1
177 8
178 2
179 1
180 6
181 1
182 7
183 1
184 1
185 1
186 1
187 2
188 4
189 3
190 2
191 2
192 1
193 1
194 4
195 1
196 2
197 12
198 7
199 2
200 1
201 1
202 1
203 1
204 1
205 2
206 3
207 2
208 1
209 1
210 1
211 6
212 1
213 2
214 2
215 2
216 1
217 1
218 9
219 5
220 1
221 2
222 10
223 2
224 5
225 5
226 6
227 3
228 1
229 1
230 12
231 1
232 1
233 3
234 5
235 5
236 1
237 2
238 2
239 1
240 4
241 1
242 5
243 2
244 10
245 3
246 10
247 3
248 2
249 8
250 7
251 2
252 2
253 4
254 7
255 8
256 1
257 5
258 1
259 4
260 1
261 1
262 6
263 1
264 2
265 1
266 4
267 3
268 1
269 6
270 8
271 1
272 2
273 2
274 5
275 1
276 9
277 4
278 1
279 6
280 1
281 5
282 1
283 8
284 10
285 1
286 1
287 3
288 11
289 8
290 7
291 3
292 1
293 3
294 1
295 2
296 7
297 2
298 6
299 3
300 1
301 10
302 3
303 2
304 2
305 6
306 9
307 1
308 2
309 1
310 1
311 1
312 5
313 5
314 11
315 3
316 2
317 2
318 12
319 4
320 5
321 1
322 4
323 7
324 10
325 10
326 12
327 3
328 8
329 2
330 10
331 3
332 2
333 8
334 4
335 1
336 7
337 2
338 3
339 1
340 9
341 1
342 9
343 2
344 1
345 2
346 4
347 1
348 1
349 1
350 1
351 1
352 3
353 6
354 1
355 1
356 2
357 1
358 1
359 12
360 12
361 8
362 1
363 1
364 3
365 2
366 9
367 1
368 11
369 7
370 1
371 6
372 3
373 2
374 6
375 1
376 2
377 3
378 1
379 5
380 12
381 10
382 5
383 4
384 4
385 1
386 2
387 2
388 12
389 1
390 6
391 1
392 7
393 1
394 1
395 1
396 9
397 10
398 1
399 1
400 1
401 1
402 1
403 2
404 4
405 1
406 1
407 4
408 1
409 6
410 2
411 10
412 7
413 1
414 1
415 12
416 3
417 2
418 6
419 9
420 4
421 2
422 1
423 9
424 3
425 2
426 1
427 1
428 3
429 1
430 3
431 1
432 3
433 4
434 1
435 4
436 2
437 2
438 1
439 5
440 1
441 7
442 1
443 1
444 10
445 3
446 3
447 1
448 2
449 7
450 1
451 5
452 1
453 4
454 3
455 3
456 2
457 7
458 4
459 1
460 1
461 2
462 3
463 1
464 10
465 1
466 6
467 1
468 1
469 11
470 6
471 8
472 3
473 1
474 1
475 3
476 7
477 1
478 6
479 1
480 1
481 1
482 6
483 4
484 12
485 1
486 10
487 1
488 1
489 2
490 3
491 2
492 4
493 10
494 4
495 2
496 1
497 5
498 2
499 1
500 1