1555188
1 1
2 0
3 5
4 10
5 12
6 8
7 11
8 0
9 0
10 11
11 5
12 8
13 3
14 2
15 0
16 4
17 8
18 0
19 0
20 6
21 0
22 0
23 8
24 5
25 9
26 12
27 0
28 6
29 11
30 11
31 0
32 0
33 5
34 2
35 0
36 0
37 6
38 0
39 0
40 0
41 6
42 1
43 10
44 0
45 0
46 8
47 11
48 7
49 0
50 5
1 2
2 2
3 5
4 1
5 1
6 7
7 4
8 5
9 11
10 2
11 4
12 3
13 3
14 2
15 2
16 4
17 4
18 2
19 4
20 9
21 2
22 1
23 7
24 2
25 1
26 5
27 8
28 2
29 2
30 1
31 2
32 3
33 8
34 1
35 3
36 2
37 2
38 2
39 2
40 6
41 2
42 3
43 8
44 3
45 2
46 5
47 1
48 2
49 2
50 2
51 8
52 1
53 4
54 2
55 2
56 5
57 1
58 4
59 2
60 1
61 2
62 2
63 2
64 4
65 2
66 2
67 10
68 1
69 4
70 4
71 3
72 1
73 2
74 2
75 7
76 3
77 2
78 3
79 6
80 4
81 4
82 2
83 2
84 2
85 8
86 3
87 2
88 2
89 3
90 2
91 2
92 1
93 8
94 2
95 2
96 2
97 3
98 2
99 2
100 7
101 3
102 4
103 2
104 2
105 2
106 7
107 6
108 10
109 2
110 5
111 2
112 8
113 4
114 4
115 6
116 2
117 11
118 5
119 3
120 5
121 2
122 2
123 7
124 8
125 3
126 8
127 3
128 4
129 2
130 4
131 2
132 5
133 12
134 10
135 8
136 2
137 7
138 4
139 2
140 2
141 11
142 3
143 4
144 2
145 2
146 10
147 3
148 4
149 9
150 4
151 5
152 6
153 2
154 9
155 2
156 9
157 7
158 6
159 5
160 2
161 2
162 1
163 2
164 4
165 5
166 2
167 6
168 4
169 9
170 2
171 5
172 2
173 3
174 5
175 6
176 3
177 8
178 6
179 2
180 1
181 2
182 2
183 1
184 10
185 2
186 7
187 7
188 2
189 3
190 12
191 3
192 1
193 2
194 2
195 12
196 5
197 2
198 2
199 12
200 2
201 6
202 12
203 2
204 2
205 11
206 4
207 1
208 2
209 6
210 2
211 2
212 3
213 4
214 4
215 2
216 2
217 8
218 1
219 2
220 7
221 2
222 4
223 2
224 5
225 2
226 8
227 7
228 5
229 2
230 2
231 11
232 2
233 3
234 5
235 6
236 7
237 2
238 2
239 1
240 4
241 2
242 6
243 3
244 4
245 1
246 2
247 2
248 1
249 2
250 4
251 2
252 12
253 4
254 3
255 5
256 2
257 6
258 4
259 2
260 2
261 3
262 12
263 12
264 1
265 2
266 2
267 2
268 2
269 2
270 5
271 2
272 2
273 7
274 3
275 2
276 1
277 5
278 2
279 1
280 6
281 2
282 2
283 10
284 6
285 11
286 3
287 10
288 5
289 2
290 2
291 1
292 11
293 6
294 3
295 2
296 11
297 1
298 4
299 3
300 5
301 5
302 3
303 8
304 1
305 4
306 3
307 1
308 2
309 4
310 3
311 10
312 2
313 1
314 3
315 3
316 3
317 1
318 5
319 9
320 5
321 4
322 6
323 2
324 5
325 2
326 4
327 4
328 2
329 5
330 2
331 2
332 7
333 10
334 2
335 8
336 11
337 2
338 2
339 9
340 3
341 10
342 6
343 1
344 4
345 4
346 2
347 6
348 5
349 7
350 2
351 11
352 5
353 2
354 5
355 8
356 4
357 7
358 1
359 4
360 4
361 2
362 3
363 7
364 10
365 2
366 6
367 2
368 4
369 1
370 2
371 3
372 8
373 7
374 3
375 3
376 4
377 4
378 2
379 3
380 6
381 4
382 2
383 2
384 2
385 3
386 2
387 11
388 6
389 1
390 4
391 5
392 11
393 5
394 12
395 2
396 1
397 2
398 2
399 3
400 1
401 2
402 3
403 2
404 5
405 9
406 5
407 7
408 2
409 3
410 1
411 8
412 3
413 1
414 3
415 5
416 1
417 12
418 2
419 7
420 3
421 8
422 2
423 6
424 5
425 2
426 4
427 2
428 8
429 4
430 6
431 5
432 4
433 2
434 1
435 4
436 2
437 2
438 6
439 1
440 2
441 2
442 2
443 3
444 2
445 2
446 3
447 2
448 10
449 3
450 3
451 8
452 2
453 6
454 9
455 2
456 2
457 2
458 6
459 5
460 1
461 2
462 4
463 8
464 2
465 2
466 2
467 4
468 2
469 11
470 3
471 6
472 4
473 1
474 9
475 1
476 4
477 2
478 3
479 9
480 2
481 4
482 12
483 8
484 2
485 6
486 2
487 2
488 4
489 4
490 1
491 1
492 2
493 6
494 2
495 2
496 2
497 3
498 3
499 6
500 2
501 2
502 2
503 9
504 1
505 11
506 3
507 5
508 11
509 5
510 2
511 2
512 1
513 4
514 1
515 3
516 2
517 2
518 10
519 4
520 2
521 1
522 1
523 2
524 2
525 1
526 2
527 6
528 4
529 9
530 2
531 2
532 2
533 3
534 1
535 1
536 2
537 2
538 2
539 11
540 2
541 2
542 1
543 11
544 2
545 1
546 8
547 4
548 11
549 12
550 4
551 2
552 1
553 2
554 1
555 2
556 5
557 2
558 2
559 1
560 9
561 5
562 3
563 5
564 1
565 2
566 12
567 5
568 9
569 2
570 3
571 5
572 5
573 11
574 2
575 4
576 7
577 2
578 4
579 9
580 2
581 2
582 2
583 3
584 2
585 2
586 3
587 5
588 2
589 2
590 2
591 3
592 2
593 2
594 1
595 2
596 2
597 1
598 2
599 6
600 2
601 8
602 2
603 2
604 5
605 4
606 2
607 2
608 2
609 4
610 10
611 5
612 2
613 7
614 3
615 2
616 2
617 2
618 2
619 8
620 10
621 5
622 5
623 5
624 2
625 4
626 2
627 3
628 2
629 4
630 4
631 4
632 5
633 1
634 11
635 2
636 4
637 10
638 12
639 2
640 1
641 1
642 12
643 2
644 5
645 10
646 7
647 7
648 2
649 1
650 5
651 7
652 8
653 10
654 3
655 11
656 2
657 6
658 3
659 11
660 10
661 1
662 3
663 2
664 4
665 2
666 10
667 2
668 3
669 1
670 3
671 4
672 2
673 2
674 3
675 2
676 2
677 2
678 2
679 5
680 4
681 2
682 10
683 7
684 8
685 10
686 8
687 5
688 5
689 7
690 1
691 1
692 4
693 2
694 1
695 4
696 1
697 8
698 2
699 3
700 1
701 11
702 7
703 9
704 2
705 5
706 2
707 4
708 9
709 7
710 5
711 2
712 2
713 12
714 11
715 2
716 3
717 3
718 5
719 4
720 2
721 5
722 3
723 4
724 4
725 3
726 3
727 3
728 2
729 7
730 8
731 12
732 2
733 2
734 2
735 3
736 2
737 3
738 8
739 5
740 5
741 3
742 4
743 7
744 2
745 2
746 10
747 5
748 7
749 11
750 4
751 4
752 7
753 12
754 5
755 2
756 2
757 2
758 1
759 2
760 3
761 6
762 2
763 4
764 3
765 2
766 1
767 2
768 2
769 3
770 7
771 2
772 6
773 1
774 3
775 2
776 2
777 1
778 8
779 2
780 7
781 2
782 2
783 1
784 4
785 3
786 7
787 2
788 2
789 6
790 5
791 4
792 3
793 5
794 2
795 8
796 4
797 4
798 4
799 6
800 2
801 2
802 2
803 1
804 1
805 7
806 2
807 1
808 3
809 2
810 1
811 2
812 5
813 7
814 2
815 2
816 2
817 5
818 4
819 1
820 5
821 2
822 2
823 10
824 2
825 11
826 2
827 9
828 2
829 7
830 3
831 5
832 1
833 3
834 12
835 3
836 10
837 1
838 2
839 2
840 7
841 3
842 1
843 2
844 4
845 3
846 1
847 5
848 5
849 4
850 5
851 2
852 1
853 1
854 2
855 12
856 7
857 3
858 2
859 4
860 1
861 2
862 3
863 11
864 1
865 3
866 4
867 6
868 1
869 10
870 1
871 12
872 3
873 2
874 2
875 7
876 6
877 2
878 2
879 4
880 2
881 1
882 9
883 4
884 6
885 2
886 8
887 6
888 1
889 2
890 3
891 4
892 3
893 7
894 2
895 2
896 5
897 2
898 8
899 3
900 1
901 1
902 2
903 2
904 5
905 1
906 8
907 5
908 9
909 10
910 3
911 12
912 5
913 4
914 2
915 10
916 8
917 2
918 7
919 1
920 2
921 2
922 1
923 2
924 2
925 7
926 4
927 10
928 2
929 6
930 10
931 5
932 3
933 1
934 3
935 10
936 9
937 7
938 1
939 2
940 3
941 12
942 2
943 6
944 2
945 10
946 2
947 3
948 8
949 2
950 3
951 2
952 6
953 4
954 2
955 3
956 3
957 10
958 4
959 8
960 4
961 2
962 1
963 8
964 4
965 10
966 2
967 3
968 2
969 6
970 3
971 1
972 5
973 3
974 5
975 3
976 2
977 2
978 11
979 8
980 2
981 1
982 5
983 2
984 8
985 6
986 1
987 1
988 8
989 6
990 4
991 5
992 3
993 2
994 3
995 2
996 3
997 2
998 2
999 8
1000 2