158698
1 0
2 0
3 1
4 4
5 8
6 0
7 0
8 3
9 0
10 0
11 7
12 0
13 0
14 5
15 0
16 0
17 0
18 6
19 0
20 0
21 0
22 0
23 0
24 0
25 0
26 0
27 0
28 2
29 0
30 0
1 3
2 2
3 2
4 2
5 4
6 4
7 2
8 1
9 7
10 3
11 2
12 4
13 1
14 2
15 2
16 4
17 2
18 3
19 2
20 1
21 2
22 4
23 2
24 8
25 2
26 6
27 2
28 3
29 3
30 3
31 1
32 4
33 3
34 3
35 7
36 2
37 1
38 1
39 1
40 2
41 8
42 4
43 4
44 4
45 1
46 6
47 2
48 2
49 3
50 3
51 2
52 4
53 3
54 2
55 2
56 4
57 2
58 3
59 2
60 6
61 4
62 1
63 4
64 1
65 1
66 8
67 5
68 3
69 5
70 6
71 7
72 3
73 3
74 2
75 2
76 2
77 5
78 2
79 2
80 2
81 2
82 3
83 8
84 7
85 8
86 6
87 2
88 1
89 2
90 2
91 1
92 1
93 3
94 2
95 2
96 2
97 5
98 4
99 4
100 6
101 6
102 5
103 5
104 5
105 5
106 2
107 1
108 2
109 1
110 1
111 1
112 2
113 2
114 1
115 3
116 7
117 5
118 2
119 7
120 3
121 2
122 2
123 2
124 4
125 4
126 1
127 5
128 3
129 4
130 4
131 7
132 2
133 2
134 2
135 8
136 1
137 1
138 7
139 3
140 3
141 4
142 5
143 4
144 8
145 7
146 2
147 2
148 1
149 4
150 4
151 1
152 1
153 2
154 5
155 3
156 2
157 7
158 8
159 3
160 2
161 5
162 1
163 5
164 3
165 3
166 6
167 2
168 8
169 3
170 8
171 7
172 5
173 1
174 3
175 6
176 2
177 3
178 2
179 2
180 3
181 1
182 4
183 4
184 1
185 2
186 2
187 1
188 2
189 5
190 3
191 7
192 8
193 3
194 1
195 6
196 3
197 2
198 1
199 1
200 2
201 4
202 1
203 2
204 2
205 4
206 1
207 5
208 7
209 1
210 2
211 8
212 6
213 1
214 7
215 4
216 5
217 2
218 1
219 3
220 2
221 2
222 3
223 6
224 1
225 5
226 1
227 3
228 3
229 2
230 2
231 1
232 7
233 2
234 3
235 2
236 6
237 6
238 2
239 6
240 2
241 1
242 5
243 5
244 6
245 3
246 4
247 4
248 2
249 2
250 3