160494
1 0
2 0
3 0
4 0
5 0
6 0
7 0
8 0
9 0
10 0
11 0
12 8
13 0
14 3
15 0
16 0
17 0
18 0
19 0
20 6
21 0
22 0
23 0
24 0
25 0
26 0
27 0
28 0
29 0
30 0
31 0
32 7
33 0
34 2
35 0
36 0
37 0
38 0
39 0
40 0
41 0
42 0
43 1
44 0
45 0
46 4
47 5
48 0
49 0
50 0
1 2
2 4
3 5
4 2
5 5
6 1
7 1
8 6
9 2
10 1
11 3
12 5
13 1
14 1
15 5
16 1
17 1
18 3
19 1
20 1
21 7
22 1
23 2
24 1
25 2
26 3
27 3
28 1
29 1
30 2
31 1
32 1
33 5
34 1
35 1
36 6
37 1
38 1
39 1
40 2
41 1
42 2
43 2
44 7
45 3
46 6
47 2
48 1
49 1
50 1
51 3
52 6
53 3
54 2
55 1
56 3
57 2
58 3
59 4
60 1
61 2
62 1
63 1
64 2
65 1
66 1
67 8
68 1
69 3
70 2
71 4
72 5
73 7
74 1
75 1
76 7
77 5
78 1
79 5
80 2
81 2
82 1
83 3
84 3
85 6
86 3
87 1
88 2
89 1
90 1
91 6
92 2
93 2
94 3
95 7
96 4
97 7
98 1
99 2
100 4
101 4
102 8
103 5
104 3
105 1
106 2
107 2
108 6
109 2
110 2
111 5
112 6
113 1
114 3
115 6
116 4
117 4
118 1
119 1
120 8
121 1
122 7
123 4
124 1
125 6
126 7
127 1
128 1
129 4
130 8
131 7
132 1
133 5
134 5
135 2
136 3
137 5
138 3
139 4
140 1
141 1
142 3
143 2
144 1
145 2
146 5
147 1
148 1
149 1
150 1
151 1
152 4
153 1
154 4
155 2
156 1
157 6
158 5
159 1
160 1
161 1
162 4
163 8
164 1
165 3
166 6
167 2
168 2
169 8
170 5
171 1
172 1
173 3
174 1
175 1
176 8
177 8
178 2
179 6
180 3
181 7
182 5
183 1
184 1
185 1
186 1
187 1
188 1
189 1
190 2
191 3
192 1
193 1
194 1
195 3
196 4
197 2
198 8
199 1
200 5
201 1
202 1
203 2
204 6
205 1
206 3
207 1
208 6
209 1
210 6
211 3
212 1
213 7
214 1
215 1
216 5
217 1
218 1
219 1
220 2
221 2
222 1
223 1
224 1
225 1
226 1
227 1
228 1
229 1
230 3
231 4
232 1
233 6
234 4
235 2
236 2
237 7
238 3
239 4
240 8
241 4
242 1
243 4
244 6
245 2
246 2
247 1
248 1
249 1
250 1