716045
1 1
2 0
3 0
4 5
5 0
6 0
7 0
8 0
9 0
10 8
11 0
12 6
13 0
14 5
15 7
16 5
17 4
18 3
19 0
20 0
21 0
22 0
23 2
24 0
25 1
26 7
27 0
28 0
29 0
30 0
1 1
2 1
3 1
4 3
5 5
6 6
7 2
8 7
9 5
10 1
11 1
12 7
13 3
14 1
15 2
16 5
17 3
18 6
19 5
20 1
21 1
22 4
23 1
24 4
25 8
26 4
27 5
28 1
29 7
30 3
31 7
32 2
33 3
34 5
35 8
36 3
37 6
38 2
39 8
40 5
41 7
42 2
43 2
44 5
45 1
46 1
47 8
48 4
49 1
50 1
51 6
52 7
53 4
54 4
55 3
56 2
57 8
58 3
59 3
60 2
61 3
62 8
63 5
64 5
65 1
66 4
67 1
68 6
69 1
70 1
71 2
72 1
73 8
74 6
75 1
76 3
77 5
78 8
79 2
80 3
81 5
82 4
83 2
84 3
85 4
86 5
87 5
88 4
89 2
90 5
91 7
92 6
93 2
94 2
95 3
96 2
97 4
98 3
99 1
100 1
101 4
102 3
103 7
104 3
105 2
106 6
107 7
108 4
109 3
110 3
111 5
112 7
113 2
114 5
115 1
116 6
117 4
118 3
119 4
120 1
121 1
122 2
123 1
124 3
125 4
126 6
127 1
128 7
129 1
130 1
131 5
132 8
133 4
134 2
135 3
136 5
137 2
138 6
139 1
140 4
141 7
142 2
143 6
144 5
145 1
146 1
147 2
148 6
149 7
150 3
151 7
152 1
153 2
154 1
155 1
156 1
157 4
158 2
159 5
160 4
161 5
162 4
163 8
164 8
165 4
166 3
167 5
168 2
169 3
170 2
171 2
172 5
173 5
174 6
175 3
176 3
177 7
178 1
179 1
180 3
181 4
182 2
183 1
184 2
185 2
186 2
187 2
188 1
189 2
190 4
191 1
192 8
193 2
194 2
195 2
196 1
197 4
198 3
199 2
200 2
201 8
202 5
203 5
204 6
205 7
206 1
207 2
208 5
209 5
210 1
211 5
212 2
213 2
214 2
215 1
216 4
217 2
218 2
219 4
220 8
221 5
222 2
223 8
224 2
225 1
226 7
227 3
228 7
229 1
230 5
231 7
232 4
233 1
234 6
235 4
236 6
237 5
238 3
239 4
240 1
241 5
242 4
243 4
244 2
245 4
246 3
247 3
248 5
249 3
250 5
251 8
252 7
253 2
254 1
255 1
256 5
257 2
258 1
259 5
260 1
261 4
262 1
263 1
264 1
265 6
266 3
267 4
268 5
269 3
270 1
271 3
272 5
273 2
274 4
275 2
276 6
277 1
278 8
279 6
280 1
281 5
282 5
283 5
284 7
285 8
286 1
287 4
288 1
289 4
290 2
291 1
292 5
293 4
294 1
295 4
296 6
297 4
298 1
299 6
300 6
301 6
302 1
303 4
304 2
305 3
306 1
307 5
308 2
309 3
310 5
311 3
312 4
313 4
314 1
315 6
316 1
317 3
318 5
319 8
320 3
321 1
322 5
323 2
324 1
325 7
326 3
327 4
328 2
329 1
330 1
331 2
332 6
333 1
334 1
335 7
336 1
337 3
338 2
339 7
340 3
341 1
342 6
343 2
344 1
345 2
346 3
347 1
348 4
349 4
350 2
351 3
352 6
353 2
354 1
355 4
356 4
357 1
358 3
359 6
360 5
361 2
362 7
363 5
364 8
365 2
366 5
367 7
368 3
369 3
370 3
371 7
372 3
373 2
374 7
375 5
376 2
377 4
378 2
379 3
380 1
381 1
382 4
383 2
384 1
385 4
386 1
387 4
388 3
389 5
390 6
391 7
392 1
393 2
394 2
395 1
396 7
397 3
398 1
399 2
400 1
401 3
402 3
403 5
404 5
405 5
406 1
407 1
408 6
409 5
410 4
411 7
412 2
413 1
414 3
415 2
416 1
417 3
418 5
419 2
420 3
421 4
422 5
423 8
424 6
425 1
426 7
427 3
428 4
429 1
430 5
431 1
432 2
433 6
434 3
435 3
436 5
437 2
438 1
439 4
440 5
441 4
442 1
443 1
444 4
445 3
446 1
447 4
448 2
449 2
450 4
451 1
452 8
453 1
454 1
455 1
456 1
457 2
458 2
459 2
460 2
461 6
462 8
463 4
464 1
465 3
466 5
467 8
468 1
469 3
470 2
471 3
472 4
473 2
474 1
475 3
476 1
477 2
478 2
479 3
480 2
481 8
482 7
483 4
484 7
485 6
486 7
487 1
488 2
489 5
490 2
491 2
492 6
493 3
494 7
495 1
496 2
497 4
498 5
499 1
500 7
501 7
502 1
503 5
504 4
505 3
506 3
507 6
508 5
509 1
510 5
511 2
512 4
513 1
514 4
515 7
516 6
517 1
518 7
519 4
520 6
521 2
522 3
523 4
524 3
525 3
526 6
527 5
528 1
529 3
530 1
531 2
532 1
533 3
534 2
535 1
536 3
537 5
538 1
539 2
540 5
541 2
542 4
543 5
544 1
545 2
546 1
547 5
548 1
549 5
550 7
551 1
552 1
553 1
554 4
555 6
556 1
557 6
558 1
559 3
560 2
561 8
562 5
563 5
564 1
565 1
566 1
567 2
568 2
569 3
570 3
571 4
572 5
573 7
574 1
575 3
576 1
577 4
578 2
579 1
580 3
581 2
582 6
583 1
584 3
585 3
586 2
587 6
588 8
589 3
590 6
591 1
592 1
593 1
594 5
595 2
596 4
597 2
598 2
599 4
600 5
601 1
602 6
603 3
604 7
605 4
606 4
607 2
608 7
609 1
610 2
611 3
612 4
613 6
614 6
615 3
616 2
617 7
618 2
619 8
620 4
621 6
622 8
623 3
624 1
625 1
626 3
627 2
628 8
629 1
630 4
631 4
632 5
633 2
634 3
635 2
636 5
637 1
638 3
639 6
640 8
641 6
642 2
643 1
644 2
645 5
646 3
647 8
648 1
649 4
650 7
651 8
652 2
653 2
654 6
655 2
656 2
657 1
658 6
659 3
660 1
661 5
662 1
663 1
664 2
665 5
666 7
667 1
668 1
669 2
670 3
671 1
672 1
673 5
674 7
675 8
676 6
677 2
678 3
679 7
680 7
681 1
682 4
683 6
684 4
685 3
686 7
687 7
688 3
689 1
690 4
691 1
692 2
693 8
694 5
695 4
696 4
697 1
698 4
699 4
700 2
701 3
702 6
703 7
704 2
705 1
706 1
707 8
708 1
709 5
710 2
711 3
712 4
713 1
714 3
715 1
716 5
717 4
718 4
719 5
720 1
721 3
722 1
723 4
724 8
725 6
726 6
727 3
728 1
729 2
730 6
731 2
732 5
733 6
734 5
735 3
736 3
737 6
738 3
739 4
740 5
741 2
742 1
743 1
744 1
745 6
746 1
747 3
748 3
749 3
750 2
751 3
752 1
753 5
754 2
755 2
756 1
757 4
758 5
759 5
760 1
761 5
762 5
763 3
764 3
765 5
766 8
767 6
768 2
769 1
770 2
771 1
772 8
773 6
774 1
775 6
776 3
777 8
778 1
779 4
780 1
781 2
782 2
783 1
784 3
785 3
786 7
787 4
788 6
789 2
790 4
791 1
792 8
793 4
794 1
795 1
796 4
797 3
798 1
799 1
800 6
801 4
802 2
803 2
804 4
805 4
806 5
807 1
808 3
809 4
810 3
811 1
812 1
813 3
814 2
815 1
816 8
817 6
818 1
819 1
820 1
821 1
822 2
823 7
824 4
825 5
826 7
827 4
828 4
829 3
830 3
831 1
832 3
833 1
834 2
835 1
836 2
837 3
838 1
839 1
840 7
841 2
842 6
843 3
844 1
845 6
846 7
847 1
848 2
849 8
850 3
851 2
852 2
853 8
854 2
855 6
856 4
857 6
858 3
859 6
860 2
861 2
862 4
863 3
864 7
865 2
866 2
867 6
868 6
869 6
870 4
871 1
872 5
873 1
874 2
875 5
876 1
877 7
878 4
879 2
880 3
881 8
882 5
883 4
884 2
885 2
886 8
887 2
888 1
889 1
890 4
891 3
892 4
893 2
894 3
895 1
896 1
897 1
898 5
899 3
900 1
901 5
902 2
903 7
904 8
905 6
906 1
907 8
908 1
909 6
910 2
911 1
912 1
913 3
914 1
915 5
916 2
917 1
918 7
919 7
920 2
921 1
922 7
923 8
924 1
925 1
926 7
927 5
928 3
929 1
930 1
931 1
932 1
933 3
934 3
935 3
936 2
937 2
938 3
939 4
940 7
941 7
942 2
943 5
944 1
945 1
946 1
947 3
948 1
949 7
950 1
951 2
952 2
953 4
954 3
955 5
956 6
957 6
958 3
959 4
960 1
961 8
962 7
963 1
964 1
965 6
966 6
967 8
968 1
969 2
970 2
971 3
972 1
973 1
974 4
975 8
976 1
977 1
978 2
979 6
980 7
981 2
982 2
983 1
984 3
985 4
986 6
987 2
988 3
989 5
990 5
991 7
992 5
993 1
994 5
995 1
996 5
997 8
998 2
999 1
1000 6