81883
1 0
2 0
3 0
4 0
5 3
6 5
7 0
8 0
9 0
10 0
11 7
12 0
13 1
14 2
15 6
16 0
17 0
18 0
19 4
20 8
1 2
2 2
3 8
4 4
5 1
6 6
7 7
8 3
9 2
10 2
11 2
12 5
13 1
14 2
15 3
16 7
17 4
18 2
19 1
20 2
21 7
22 6
23 7
24 7
25 3
26 2
27 3
28 1
29 1
30 3
31 1
32 3
33 1
34 8
35 1
36 4
37 5
38 7
39 4
40 1
41 1
42 1
43 2
44 1
45 5
46 1
47 4
48 2
49 1
50 1
51 1
52 1
53 2
54 4
55 1
56 1
57 8
58 2
59 2
60 7
61 2
62 1
63 2
64 2
65 5
66 3
67 3
68 2
69 2
70 6
71 6
72 1
73 1
74 6
75 1
76 6
77 8
78 2
79 3
80 1
81 2
82 5
83 4
84 2
85 7
86 1
87 3
88 6
89 8
90 4
91 4
92 1
93 4
94 4
95 2
96 2
97 8
98 6
99 4
100 6