282693
1 0
2 0
3 6
4 7
5 8
6 0
7 0
8 0
9 0
10 0
11 0
12 0
13 0
14 0
15 0
16 0
17 0
18 0
19 0
20 0
21 0
22 0
23 0
24 2
25 0
26 0
27 0
28 0
29 0
30 0
31 5
32 0
33 1
34 0
35 0
36 0
37 0
38 0
39 0
40 0
41 4
42 0
43 0
44 0
45 0
46 0
47 3
48 0
49 0
50 0
1 7
2 1
3 3
4 3
5 2
6 7
7 6
8 5
9 1
10 1
11 3
12 3
13 5
14 2
15 1
16 2
17 1
18 1
19 3
20 3
21 1
22 2
23 1
24 5
25 1
26 4
27 5
28 7
29 2
30 3
31 4
32 4
33 1
34 5
35 3
36 8
37 6
38 3
39 4
40 7
41 1
42 1
43 1
44 2
45 7
46 1
47 1
48 4
49 3
50 3
51 1
52 1
53 3
54 1
55 2
56 1
57 3
58 1
59 1
60 1
61 1
62 5
63 1
64 3
65 2
66 1
67 3
68 3
69 6
70 1
71 3
72 6
73 5
74 3
75 1
76 2
77 2
78 1
79 1
80 8
81 4
82 7
83 1
84 1
85 6
86 6
87 8
88 6
89 2
90 4
91 3
92 1
93 7
94 2
95 1
96 2
97 2
98 2
99 7
100 1
101 4
102 3
103 1
104 3
105 2
106 1
107 4
108 4
109 3
110 5
111 8
112 2
113 2
114 6
115 3
116 7
117 3
118 1
119 7
120 3
121 7
122 1
123 3
124 1
125 7
126 1
127 1
128 5
129 2
130 1
131 1
132 2
133 3
134 4
135 2
136 2
137 3
138 1
139 4
140 3
141 4
142 4
143 5
144 3
145 3
146 3
147 2
148 2
149 8
150 1
151 8
152 1
153 2
154 4
155 3
156 3
157 3
158 3
159 1
160 1
161 1
162 2
163 1
164 6
165 5
166 8
167 2
168 2
169 1
170 2
171 1
172 7
173 1
174 6
175 5
176 2
177 6
178 3
179 1
180 3
181 4
182 1
183 1
184 2
185 3
186 7
187 4
188 5
189 3
190 4
191 4
192 1
193 1
194 3
195 2
196 1
197 1
198 7
199 1
200 5
201 5
202 3
203 3
204 4
205 1
206 2
207 3
208 1
209 1
210 8
211 1
212 3
213 5
214 8
215 1
216 6
217 5
218 2
219 1
220 6
221 1
222 8
223 1
224 3
225 2
226 1
227 1
228 2
229 1
230 4
231 7
232 1
233 1
234 1
235 7
236 2
237 3
238 1
239 1
240 1
241 3
242 2
243 4
244 4
245 5
246 4
247 3
248 6
249 1
250 3
251 3
252 4
253 4
254 5
255 8
256 1
257 6
258 2
259 2
260 6
261 1
262 2
263 8
264 1
265 7
266 4
267 1
268 1
269 2
270 1
271 1
272 4
273 2
274 3
275 1
276 5
277 5
278 1
279 1
280 4
281 1
282 6
283 2
284 4
285 6
286 4
287 2
288 1
289 7
290 2
291 8
292 1
293 4
294 1
295 1
296 2
297 3
298 4
299 6
300 7
301 2
302 3
303 4
304 2
305 1
306 8
307 2
308 5
309 1
310 2
311 2
312 1
313 2
314 1
315 1
316 1
317 8
318 8
319 5
320 8
321 2
322 8
323 8
324 1
325 7
326 7
327 1
328 1
329 1
330 2
331 4
332 1
333 7
334 3
335 1
336 2
337 1
338 3
339 5
340 2
341 1
342 6
343 3
344 8
345 3
346 1
347 8
348 3
349 5
350 2
351 4
352 3
353 3
354 1
355 3
356 6
357 6
358 6
359 2
360 2
361 2
362 2
363 3
364 5
365 1
366 2
367 2
368 1
369 1
370 3
371 5
372 5
373 4
374 3
375 4
376 2
377 3
378 1
379 5
380 1
381 1
382 1
383 5
384 1
385 2
386 2
387 3
388 2
389 5
390 1
391 4
392 3
393 1
394 3
395 4
396 5
397 2
398 7
399 8
400 4
401 1
402 4
403 1
404 6
405 1
406 5
407 5
408 1
409 1
410 6
411 1
412 3
413 1
414 1
415 5
416 1
417 5
418 1
419 5
420 1
421 4
422 1
423 1
424 6
425 2
426 1
427 8
428 3
429 1
430 6
431 1
432 4
433 4
434 4
435 3
436 5
437 2
438 4
439 4
440 3
441 3
442 7
443 1
444 2
445 6
446 1
447 1
448 1
449 1
450 5
451 6
452 7
453 1
454 1
455 4
456 8
457 5
458 2
459 2
460 1
461 2
462 6
463 1
464 3
465 3
466 2
467 1
468 6
469 4
470 1
471 6
472 2
473 6
474 1
475 4
476 6
477 2
478 5
479 2
480 2
481 8
482 1
483 3
484 6
485 2
486 7
487 3
488 1
489 6
490 2
491 2
492 1
493 3
494 3
495 8
496 6
497 7
498 2
499 3
500 2