209595
1 0
2 0
3 0
4 1
5 3
6 0
7 4
8 8
9 2
10 5
11 0
12 7
13 8
14 0
15 0
16 6
17 6
18 5
19 3
20 0
1 1
2 8
3 5
4 4
5 2
6 1
7 8
8 3
9 4
10 1
11 1
12 4
13 2
14 4
15 5
16 3
17 1
18 2
19 4
20 3
21 2
22 5
23 2
24 1
25 2
26 3
27 7
28 8
29 1
30 3
31 8
32 8
33 2
34 7
35 5
36 1
37 7
38 2
39 7
40 1
41 3
42 2
43 1
44 1
45 3
46 1
47 1
48 5
49 5
50 5
51 3
52 3
53 1
54 2
55 3
56 2
57 8
58 1
59 3
60 2
61 2
62 5
63 1
64 3
65 1
66 2
67 2
68 1
69 3
70 7
71 2
72 1
73 3
74 7
75 3
76 1
77 6
78 1
79 1
80 1
81 2
82 5
83 2
84 2
85 1
86 8
87 5
88 1
89 7
90 8
91 6
92 2
93 3
94 2
95 6
96 2
97 3
98 1
99 5
100 2
101 2
102 5
103 2
104 1
105 2
106 1
107 1
108 1
109 1
110 4
111 4
112 2
113 5
114 3
115 1
116 3
117 1
118 1
119 4
120 5
121 6
122 2
123 4
124 5
125 2
126 3
127 5
128 3
129 2
130 1
131 1
132 8
133 5
134 2
135 4
136 2
137 1
138 5
139 1
140 1
141 2
142 2
143 4
144 2
145 2
146 6
147 4
148 2
149 1
150 1
151 1
152 3
153 4
154 6
155 1
156 1
157 3
158 4
159 1
160 2
161 4
162 2
163 2
164 3
165 1
166 2
167 4
168 7
169 1
170 1
171 1
172 4
173 2
174 1
175 7
176 4
177 2
178 2
179 2
180 3
181 2
182 3
183 1
184 3
185 5
186 1
187 2
188 1
189 2
190 1
191 2
192 3
193 1
194 2
195 3
196 8
197 2
198 4
199 1
200 2
201 3
202 5
203 5
204 1
205 1
206 1
207 8
208 6
209 2
210 1
211 6
212 5
213 1
214 2
215 1
216 1
217 3
218 3
219 7
220 5
221 3
222 7
223 1
224 1
225 8
226 2
227 5
228 2
229 1
230 3
231 6
232 6
233 1
234 4
235 3
236 3
237 3
238 1
239 1
240 1
241 1
242 3
243 1
244 7
245 5
246 5
247 3
248 1
249 1
250 8