90916
1 0
2 3
3 0
4 0
5 0
6 2
7 0
8 4
9 1
10 0
11 0
12 0
13 0
14 0
15 0
16 0
17 0
18 0
19 0
20 0
1 1
2 3
3 3
4 1
5 3
6 1
7 1
8 1
9 1
10 3
11 3
12 1
13 1
14 2
15 1
16 1
17 2
18 1
19 1
20 2
21 2
22 1
23 3
24 3
25 2
26 4
27 1
28 2
29 3
30 1
31 1
32 1
33 3
34 4
35 2
36 4
37 3
38 3
39 3
40 1
41 2
42 1
43 1
44 1
45 3
46 1
47 1
48 4
49 2
50 3
51 1
52 4
53 2
54 1
55 4
56 1
57 1
58 3
59 2
60 2
61 2
62 1
63 2
64 1
65 2
66 3
67 2
68 1
69 3
70 1
71 1
72 3
73 1
74 2
75 4
76 4
77 2
78 4
79 1
80 4
81 2
82 1
83 3
84 1
85 2
86 3
87 3
88 4
89 1
90 3
91 3
92 4
93 4
94 2
95 3
96 1
97 1
98 2
99 1
100 3
101 1
102 2
103 2
104 4
105 3
106 3
107 1
108 1
109 3
110 2
111 1
112 1
113 4
114 4
115 3
116 3
117 2
118 1
119 4
120 2
121 2
122 1
123 2
124 3
125 2
126 3
127 4
128 4
129 1
130 1
131 1
132 3
133 1
134 1
135 2
136 2
137 1
138 3
139 3
140 3
141 4
142 1
143 2
144 3
145 1
146 2
147 4
148 4
149 1
150 1
151 4
152 1
153 2
154 3
155 1
156 2
157 1
158 2
159 1
160 1
161 2
162 3
163 2
164 2
165 1
166 2
167 1
168 4
169 1
170 2
171 1
172 4
173 4
174 3
175 3
176 2
177 2
178 1
179 2
180 2
181 2
182 3
183 4
184 2
185 4
186 4
187 1
188 4
189 1
190 1
191 3
192 3
193 4
194 2
195 2
196 1
197 1
198 1
199 1
200 2
201 1
202 1
203 1
204 2
205 2
206 1
207 1
208 3
209 1
210 3
211 2
212 1
213 1
214 2
215 2
216 1
217 4
218 1
219 3
220 1
221 3
222 4
223 1
224 1
225 1
226 1
227 3
228 1
229 2
230 4
231 1
232 3
233 1
234 3
235 2
236 1
237 3
238 1
239 1
240 2
241 1
242 1
243 1
244 3
245 3
246 1
247 1
248 1
249 1
250 2