767560
1 0
2 0
3 0
4 0
5 12
6 0
7 0
8 0
9 0
10 0
11 4
12 0
13 0
14 5
15 0
16 0
17 0
18 0
19 0
20 2
21 0
22 0
23 0
24 0
25 0
26 0
27 0
28 0
29 3
30 0
31 6
32 0
33 0
34 0
35 0
36 0
37 0
38 0
39 0
40 0
41 8
42 0
43 0
44 9
45 0
46 0
47 1
48 11
49 10
50 7
1 3
2 12
3 6
4 1
5 1
6 6
7 2
8 5
9 8
10 3
11 6
12 5
13 5
14 1
15 4
16 6
17 6
18 6
19 7
20 2
21 1
22 9
23 1
24 1
25 3
26 2
27 6
28 8
29 11
30 11
31 3
32 2
33 5
34 5
35 8
36 1
37 7
38 1
39 4
40 4
41 10
42 11
43 8
44 1
45 1
46 8
47 2
48 1
49 1
50 2
51 12
52 1
53 2
54 4
55 7
56 3
57 6
58 1
59 3
60 2
61 3
62 10
63 1
64 2
65 1
66 10
67 1
68 2
69 3
70 6
71 9
72 7
73 4
74 3
75 10
76 4
77 4
78 1
79 5
80 6
81 6
82 1
83 4
84 2
85 5
86 9
87 9
88 4
89 1
90 2
91 8
92 1
93 11
94 9
95 2
96 2
97 6
98 2
99 9
100 2
101 5
102 6
103 9
104 2
105 1
106 1
107 8
108 9
109 1
110 7
111 2
112 3
113 5
114 8
115 11
116 3
117 2
118 1
119 1
120 3
121 1
122 7
123 7
124 1
125 6
126 3
127 2
128 8
129 1
130 11
131 3
132 1
133 4
134 1
135 1
136 1
137 6
138 11
139 7
140 4
141 5
142 4
143 1
144 1
145 2
146 4
147 2
148 8
149 4
150 2
151 1
152 6
153 5
154 2
155 3
156 3
157 6
158 10
159 3
160 2
161 2
162 2
163 9
164 3
165 1
166 5
167 6
168 4
169 1
170 12
171 1
172 2
173 5
174 4
175 1
176 2
177 1
178 1
179 4
180 3
181 2
182 10
183 3
184 6
185 1
186 3
187 4
188 1
189 3
190 1
191 5
192 1
193 7
194 6
195 7
196 8
197 6
198 9
199 12
200 4
201 1
202 1
203 8
204 1
205 1
206 11
207 11
208 1
209 2
210 4
211 2
212 2
213 9
214 1
215 2
216 3
217 3
218 1
219 2
220 10
221 1
222 1
223 2
224 5
225 4
226 3
227 1
228 1
229 1
230 6
231 3
232 1
233 5
234 1
235 5
236 1
237 1
238 2
239 4
240 2
241 7
242 5
243 1
244 6
245 3
246 1
247 1
248 1
249 1
250 2
251 5
252 2
253 1
254 8
255 3
256 5
257 6
258 11
259 6
260 5
261 3
262 1
263 3
264 10
265 4
266 4
267 1
268 5
269 6
270 2
271 1
272 3
273 7
274 1
275 4
276 1
277 2
278 5
279 1
280 2
281 1
282 3
283 7
284 1
285 2
286 3
287 10
288 12
289 1
290 12
291 2
292 3
293 8
294 2
295 3
296 8
297 7
298 2
299 3
300 3
301 1
302 5
303 3
304 3
305 1
306 6
307 2
308 1
309 12
310 1
311 3
312 2
313 11
314 6
315 2
316 4
317 1
318 3
319 1
320 6
321 6
322 1
323 1
324 7
325 2
326 11
327 8
328 4
329 9
330 1
331 2
332 5
333 4
334 3
335 1
336 2
337 1
338 11
339 1
340 5
341 5
342 1
343 3
344 6
345 1
346 11
347 2
348 2
349 1
350 5
351 1
352 10
353 1
354 1
355 1
356 2
357 2
358 4
359 12
360 7
361 1
362 6
363 2
364 1
365 3
366 1
367 4
368 7
369 2
370 7
371 4
372 10
373 9
374 3
375 4
376 1
377 2
378 1
379 4
380 3
381 6
382 3
383 6
384 3
385 1
386 4
387 3
388 3
389 1
390 10
391 1
392 2
393 2
394 7
395 3
396 2
397 2
398 9
399 8
400 3
401 1
402 1
403 6
404 1
405 3
406 5
407 2
408 8
409 6
410 1
411 2
412 8
413 1
414 6
415 1
416 1
417 5
418 1
419 5
420 8
421 4
422 10
423 1
424 2
425 1
426 4
427 2
428 4
429 1
430 2
431 1
432 2
433 7
434 1
435 8
436 1
437 1
438 1
439 1
440 4
441 3
442 6
443 11
444 1
445 8
446 2
447 4
448 12
449 4
450 1
451 1
452 3
453 1
454 1
455 10
456 9
457 3
458 7
459 5
460 2
461 12
462 5
463 8
464 3
465 2
466 1
467 1
468 1
469 1
470 2
471 6
472 8
473 6
474 12
475 7
476 1
477 6
478 3
479 10
480 11
481 4
482 1
483 3
484 2
485 2
486 2
487 9
488 5
489 1
490 1
491 2
492 2
493 1
494 2
495 1
496 7
497 5
498 4
499 7
500 1
501 1
502 4
503 7
504 1
505 5
506 1
507 1
508 9
509 1
510 3
511 2
512 2
513 11
514 1
515 6
516 7
517 2
518 7
519 1
520 5
521 1
522 11
523 7
524 1
525 3
526 1
527 8
528 1
529 1
530 1
531 5
532 10
533 12
534 6
535 2
536 1
537 1
538 1
539 6
540 3
541 5
542 3
543 8
544 12
545 9
546 5
547 2
548 2
549 1
550 9
551 3
552 2
553 3
554 2
555 4
556 3
557 8
558 7
559 1
560 3
561 6
562 1
563 4
564 1
565 1
566 7
567 1
568 4
569 6
570 5
571 5
572 5
573 1
574 1
575 10
576 1
577 7
578 5
579 6
580 5
581 10
582 2
583 4
584 2
585 3
586 7
587 6
588 6
589 10
590 2
591 6
592 5
593 12
594 1
595 1
596 1
597 5
598 5
599 1
600 11
601 3
602 5
603 10
604 1
605 3
606 5
607 1
608 8
609 1
610 2
611 11
612 3
613 9
614 2
615 1
616 8
617 6
618 3
619 7
620 1
621 1
622 6
623 8
624 2
625 2
626 3
627 1
628 2
629 2
630 4
631 5
632 3
633 2
634 8
635 1
636 9
637 9
638 1
639 1
640 1
641 3
642 5
643 11
644 8
645 1
646 2
647 1
648 11
649 6
650 2
651 1
652 2
653 4
654 3
655 4
656 1
657 2
658 1
659 1
660 2
661 6
662 10
663 1
664 3
665 1
666 4
667 1
668 2
669 11
670 1
671 2
672 8
673 2
674 3
675 11
676 9
677 1
678 1
679 4
680 2
681 1
682 5
683 9
684 1
685 4
686 2
687 10
688 3
689 7
690 1
691 6
692 1
693 7
694 1
695 1
696 6
697 1
698 4
699 11
700 6
701 1
702 8
703 1
704 4
705 4
706 2
707 5
708 9
709 1
710 2
711 7
712 1
713 9
714 7
715 3
716 10
717 1
718 1
719 1
720 4
721 9
722 1
723 1
724 5
725 1
726 8
727 4
728 6
729 3
730 12
731 10
732 3
733 2
734 2
735 9
736 10
737 1
738 8
739 4
740 1
741 3
742 1
743 1
744 2
745 1
746 1
747 2
748 1
749 1
750 7
751 1
752 3
753 4
754 8
755 8
756 2
757 12
758 3
759 11
760 1
761 6
762 12
763 3
764 3
765 8
766 1
767 8
768 7
769 5
770 5
771 2
772 3
773 4
774 1
775 1
776 5
777 1
778 7
779 1
780 4
781 10
782 7
783 1
784 4
785 4
786 7
787 1
788 1
789 3
790 1
791 12
792 1
793 3
794 1
795 2
796 1
797 6
798 1
799 3
800 4
801 1
802 7
803 7
804 4
805 2
806 8
807 9
808 3
809 2
810 2
811 1
812 1
813 1
814 10
815 10
816 4
817 4
818 8
819 4
820 1
821 1
822 1
823 11
824 1
825 9
826 1
827 4
828 5
829 4
830 3
831 1
832 2
833 1
834 11
835 1
836 1
837 1
838 1
839 1
840 5
841 6
842 1
843 4
844 1
845 10
846 4
847 6
848 3
849 8
850 2
851 1
852 4
853 6
854 1
855 2
856 1
857 7
858 1
859 6
860 1
861 12
862 4
863 3
864 1
865 1
866 2
867 5
868 1
869 2
870 3
871 4
872 1
873 1
874 11
875 1
876 5
877 1
878 5
879 9
880 1
881 1
882 5
883 1
884 3
885 2
886 8
887 1
888 2
889 3
890 3
891 2
892 11
893 5
894 11
895 1
896 7
897 4
898 1
899 1
900 2
901 1
902 5
903 7
904 10
905 5
906 3
907 9
908 5
909 1
910 7
911 1
912 10
913 2
914 1
915 1
916 4
917 2
918 8
919 7
920 4
921 3
922 6
923 3
924 8
925 2
926 8
927 2
928 4
929 5
930 1
931 8
932 3
933 1
934 9
935 11
936 6
937 1
938 3
939 1
940 2
941 1
942 1
943 4
944 3
945 3
946 1
947 1
948 9
949 2
950 10
951 8
952 1
953 2
954 7
955 2
956 2
957 4
958 12
959 12
960 11
961 6
962 1
963 1
964 1
965 3
966 3
967 1
968 11
969 4
970 2
971 8
972 1
973 12
974 8
975 3
976 1
977 5
978 12
979 8
980 4
981 1
982 2
983 5
984 1
985 7
986 3
987 11
988 1
989 8
990 9
991 6
992 1
993 2
994 1
995 3
996 4
997 3
998 10
999 1
1000 3