276580
1 12
2 3
3 3
4 11
5 9
6 7
7 0
8 6
9 8
10 0
11 10
12 0
13 0
14 0
15 4
16 0
17 11
18 1
19 0
20 5
21 0
22 0
23 7
24 0
25 10
26 0
27 0
28 0
29 2
30 0
1 9
2 9
3 2
4 3
5 6
6 2
7 6
8 5
9 3
10 1
11 9
12 4
13 3
14 4
15 1
16 3
17 1
18 1
19 4
20 1
21 3
22 1
23 2
24 10
25 9
26 12
27 7
28 4
29 2
30 4
31 6
32 1
33 5
34 3
35 3
36 3
37 1
38 5
39 1
40 7
41 5
42 3
43 9
44 5
45 2
46 3
47 4
48 1
49 5
50 1
51 1
52 11
53 1
54 7
55 12
56 10
57 6
58 3
59 4
60 9
61 6
62 1
63 6
64 5
65 6
66 5
67 5
68 4
69 1
70 4
71 1
72 3
73 9
74 2
75 2
76 9
77 7
78 3
79 1
80 1
81 10
82 7
83 4
84 1
85 1
86 9
87 2
88 4
89 7
90 11
91 1
92 7
93 2
94 12
95 9
96 5
97 10
98 1
99 4
100 1
101 11
102 10
103 4
104 1
105 3
106 5
107 3
108 1
109 3
110 2
111 3
112 1
113 4
114 1
115 1
116 1
117 9
118 10
119 4
120 3
121 3
122 8
123 3
124 9
125 6
126 3
127 6
128 2
129 2
130 1
131 1
132 1
133 5
134 12
135 2
136 11
137 6
138 1
139 3
140 1
141 5
142 2
143 4
144 3
145 3
146 12
147 1
148 2
149 2
150 3
151 2
152 3
153 5
154 6
155 2
156 2
157 12
158 5
159 1
160 2
161 7
162 3
163 4
164 8
165 5
166 8
167 2
168 1
169 3
170 3
171 1
172 8
173 1
174 3
175 5
176 11
177 8
178 4
179 2
180 1
181 2
182 1
183 1
184 3
185 7
186 4
187 2
188 3
189 1
190 1
191 8
192 2
193 6
194 4
195 10
196 4
197 3
198 5
199 5
200 2
201 3
202 6
203 1
204 4
205 4
206 1
207 1
208 1
209 4
210 4
211 1
212 7
213 1
214 1
215 4
216 9
217 12
218 3
219 9
220 9
221 1
222 7
223 4
224 11
225 1
226 3
227 2
228 11
229 1
230 12
231 5
232 4
233 1
234 2
235 8
236 3
237 1
238 2
239 3
240 5
241 3
242 1
243 7
244 9
245 10
246 4
247 5
248 3
249 6
250 5