773459
1 0
2 0
3 4
4 0
5 0
6 0
7 0
8 0
9 0
10 0
11 0
12 0
13 1
14 0
15 0
16 0
17 0
18 7
19 0
20 0
21 3
22 11
23 0
24 0
25 0
26 0
27 0
28 0
29 0
30 0
31 0
32 0
33 8
34 5
35 0
36 0
37 0
38 0
39 0
40 0
41 0
42 0
43 6
44 0
45 12
46 0
47 9
48 10
49 2
50 0
1 2
2 2
3 8
4 2
5 4
6 8
7 3
8 4
9 1
10 1
11 11
12 3
13 1
14 2
15 3
16 1
17 2
18 3
19 5
20 3
21 2
22 1
23 6
24 10
25 1
26 5
27 2
28 1
29 2
30 3
31 2
32 11
33 2
34 2
35 4
36 3
37 2
38 7
39 1
40 2
41 4
42 1
43 10
44 1
45 1
46 9
47 5
48 1
49 4
50 1
51 1
52 1
53 2
54 1
55 7
56 1
57 1
58 1
59 7
60 1
61 1
62 1
63 6
64 1
65 1
66 5
67 1
68 5
69 1
70 1
71 8
72 3
73 1
74 6
75 10
76 5
77 10
78 5
79 1
80 11
81 12
82 10
83 1
84 2
85 2
86 1
87 1
88 6
89 1
90 8
91 3
92 6
93 1
94 12
95 2
96 2
97 7
98 2
99 2
100 1
101 3
102 2
103 1
104 4
105 1
106 3
107 2
108 4
109 1
110 4
111 9
112 1
113 1
114 2
115 8
116 2
117 4
118 8
119 5
120 4
121 2
122 1
123 2
124 2
125 1
126 6
127 2
128 6
129 1
130 4
131 1
132 1
133 1
134 11
135 2
136 9
137 2
138 2
139 1
140 2
141 2
142 1
143 1
144 2
145 4
146 2
147 2
148 5
149 3
150 1
151 2
152 3
153 9
154 5
155 11
156 1
157 3
158 1
159 5
160 3
161 5
162 8
163 1
164 3
165 3
166 2
167 1
168 8
169 8
170 1
171 1
172 2
173 7
174 7
175 1
176 3
177 3
178 11
179 2
180 1
181 5
182 1
183 2
184 11
185 8
186 12
187 2
188 4
189 3
190 1
191 3
192 1
193 4
194 6
195 3
196 5
197 4
198 10
199 3
200 2
201 8
202 7
203 2
204 1
205 2
206 6
207 2
208 3
209 3
210 3
211 1
212 1
213 6
214 2
215 2
216 1
217 2
218 1
219 2
220 10
221 1
222 2
223 5
224 4
225 4
226 2
227 1
228 8
229 5
230 1
231 4
232 4
233 3
234 6
235 8
236 4
237 12
238 7
239 7
240 10
241 2
242 1
243 2
244 4
245 2
246 4
247 6
248 1
249 1
250 2
251 3
252 11
253 1
254 5
255 1
256 8
257 4
258 2
259 2
260 1
261 4
262 4
263 8
264 5
265 3
266 2
267 3
268 4
269 1
270 2
271 8
272 12
273 1
274 4
275 2
276 5
277 6
278 2
279 6
280 2
281 1
282 5
283 1
284 1
285 10
286 5
287 6
288 1
289 7
290 4
291 12
292 3
293 7
294 2
295 2
296 2
297 1
298 7
299 2
300 4
301 2
302 2
303 4
304 5
305 8
306 1
307 1
308 3
309 9
310 5
311 1
312 1
313 3
314 2
315 10
316 1
317 10
318 4
319 4
320 1
321 3
322 9
323 2
324 1
325 2
326 10
327 7
328 1
329 3
330 2
331 2
332 2
333 3
334 9
335 2
336 7
337 1
338 9
339 1
340 2
341 2
342 6
343 2
344 3
345 1
346 1
347 4
348 1
349 1
350 4
351 11
352 2
353 1
354 1
355 1
356 1
357 4
358 3
359 2
360 1
361 9
362 4
363 3
364 7
365 5
366 7
367 1
368 4
369 2
370 2
371 3
372 7
373 1
374 1
375 1
376 1
377 1
378 6
379 4
380 1
381 1
382 4
383 2
384 10
385 1
386 3
387 6
388 8
389 8
390 1
391 1
392 6
393 1
394 1
395 10
396 4
397 2
398 9
399 2
400 8
401 4
402 9
403 4
404 3
405 1
406 4
407 5
408 2
409 2
410 1
411 3
412 1
413 1
414 10
415 2
416 1
417 8
418 11
419 8
420 2
421 7
422 4
423 9
424 4
425 7
426 8
427 3
428 1
429 2
430 4
431 1
432 1
433 1
434 9
435 6
436 5
437 6
438 1
439 1
440 2
441 1
442 9
443 8
444 1
445 9
446 2
447 3
448 6
449 4
450 1
451 11
452 4
453 11
454 2
455 10
456 1
457 1
458 8
459 1
460 2
461 4
462 3
463 1
464 4
465 2
466 2
467 2
468 6
469 1
470 6
471 11
472 4
473 1
474 9
475 4
476 3
477 2
478 8
479 7
480 1
481 2
482 4
483 1
484 3
485 9
486 2
487 1
488 3
489 1
490 2
491 7
492 1
493 8
494 1
495 4
496 2
497 12
498 2
499 2
500 11
501 4
502 1
503 1
504 3
505 3
506 1
507 5
508 1
509 5
510 8
511 6
512 6
513 2
514 6
515 2
516 8
517 3
518 1
519 2
520 3
521 11
522 5
523 4
524 1
525 1
526 4
527 6
528 2
529 5
530 4
531 5
532 6
533 1
534 2
535 7
536 1
537 2
538 4
539 4
540 8
541 4
542 12
543 2
544 5
545 5
546 1
547 2
548 4
549 4
550 5
551 9
552 2
553 2
554 3
555 9
556 6
557 5
558 1
559 3
560 4
561 7
562 1
563 4
564 5
565 4
566 1
567 8
568 1
569 1
570 1
571 5
572 2
573 1
574 8
575 4
576 4
577 2
578 5
579 3
580 8
581 3
582 2
583 3
584 9
585 7
586 4
587 1
588 6
589 1
590 10
591 2
592 2
593 3
594 9
595 7
596 11
597 7
598 4
599 1
600 1
601 5
602 2
603 9
604 1
605 7
606 7
607 1
608 1
609 5
610 5
611 7
612 7
613 1
614 1
615 4
616 1
617 2
618 4
619 1
620 4
621 2
622 7
623 1
624 4
625 7
626 3
627 2
628 1
629 5
630 4
631 1
632 1
633 4
634 2
635 11
636 3
637 9
638 3
639 8
640 2
641 1
642 7
643 3
644 1
645 6
646 3
647 1
648 6
649 11
650 2
651 3
652 3
653 1
654 5
655 2
656 1
657 10
658 3
659 6
660 1
661 7
662 1
663 12
664 11
665 2
666 1
667 2
668 7
669 2
670 5
671 1
672 7
673 1
674 3
675 7
676 2
677 2
678 2
679 2
680 9
681 2
682 3
683 2
684 1
685 4
686 1
687 6
688 5
689 1
690 1
691 6
692 6
693 1
694 7
695 9
696 9
697 1
698 4
699 1
700 1
701 6
702 3
703 4
704 2
705 4
706 10
707 2
708 9
709 6
710 3
711 4
712 6
713 5
714 12
715 5
716 1
717 3
718 2
719 7
720 9
721 1
722 3
723 4
724 8
725 4
726 1
727 7
728 7
729 1
730 4
731 10
732 3
733 1
734 5
735 5
736 3
737 11
738 3
739 1
740 1
741 9
742 3
743 7
744 6
745 6
746 1
747 7
748 4
749 1
750 3
751 7
752 4
753 5
754 2
755 2
756 1
757 9
758 1
759 9
760 6
761 5
762 4
763 2
764 5
765 5
766 1
767 5
768 2
769 4
770 8
771 1
772 12
773 6
774 11
775 3
776 1
777 1
778 1
779 2
780 4
781 1
782 4
783 3
784 6
785 7
786 9
787 2
788 5
789 6
790 9
791 3
792 5
793 3
794 1
795 1
796 1
797 2
798 1
799 1
800 10
801 2
802 9
803 2
804 1
805 1
806 9
807 2
808 2
809 7
810 9
811 1
812 2
813 3
814 9
815 4
816 3
817 8
818 4
819 1
820 2
821 6
822 5
823 6
824 6
825 6
826 3
827 2
828 7
829 3
830 9
831 4
832 8
833 3
834 2
835 1
836 4
837 9
838 4
839 1
840 1
841 1
842 1
843 2
844 7
845 12
846 9
847 3
848 11
849 12
850 3
851 5
852 2
853 8
854 3
855 3
856 5
857 3
858 1
859 1
860 2
861 2
862 5
863 11
864 4
865 12
866 5
867 3
868 5
869 3
870 2
871 1
872 6
873 6
874 8
875 7
876 1
877 3
878 3
879 6
880 3
881 4
882 2
883 3
884 3
885 6
886 1
887 8
888 2
889 1
890 3
891 2
892 1
893 5
894 1
895 5
896 4
897 1
898 6
899 3
900 3
901 2
902 8
903 10
904 12
905 11
906 1
907 9
908 1
909 8
910 11
911 10
912 4
913 1
914 1
915 1
916 2
917 6
918 3
919 1
920 6
921 1
922 4
923 1
924 2
925 2
926 11
927 1
928 1
929 3
930 9
931 1
932 2
933 2
934 3
935 5
936 9
937 12
938 3
939 2
940 4
941 3
942 4
943 6
944 3
945 5
946 10
947 2
948 3
949 4
950 5
951 1
952 2
953 1
954 1
955 2
956 8
957 3
958 2
959 5
960 9
961 5
962 11
963 9
964 1
965 6
966 2
967 9
968 2
969 2
970 5
971 2
972 11
973 1
974 5
975 2
976 1
977 7
978 2
979 8
980 2
981 2
982 4
983 2
984 8
985 6
986 9
987 8
988 1
989 10
990 3
991 5
992 2
993 4
994 1
995 1
996 2
997 11
998 3
999 8
1000 8