86863
1 0
2 0
3 3
4 0
5 0
6 0
7 0
8 0
9 0
10 0
11 0
12 0
13 0
14 1
15 0
16 0
17 0
18 0
19 0
20 2
21 0
22 0
23 0
24 0
25 0
26 0
27 0
28 0
29 0
30 4
1 1
2 3
3 4
4 3
5 3
6 1
7 1
8 1
9 1
10 1
11 2
12 1
13 4
14 4
15 1
16 3
17 2
18 1
19 1
20 3
21 2
22 2
23 2
24 1
25 2
26 2
27 1
28 2
29 2
30 2
31 2
32 1
33 3
34 1
35 1
36 3
37 1
38 2
39 1
40 1
41 1
42 3
43 2
44 1
45 3
46 3
47 2
48 2
49 1
50 1
51 2
52 2
53 2
54 1
55 4
56 2
57 2
58 3
59 2
60 2
61 2
62 1
63 2
64 2
65 3
66 4
67 2
68 3
69 4
70 1
71 1
72 3
73 2
74 4
75 1
76 3
77 4
78 3
79 2
80 2
81 3
82 1
83 3
84 1
85 1
86 2
87 4
88 3
89 1
90 4
91 3
92 3
93 3
94 1
95 3
96 2
97 4
98 3
99 4
100 2
101 2
102 2
103 3
104 1
105 4
106 1
107 1
108 1
109 3
110 1
111 4
112 4
113 1
114 3
115 1
116 2
117 3
118 1
119 3
120 2
121 1
122 2
123 2
124 2
125 2
126 2
127 4
128 3
129 1
130 2
131 4
132 1
133 3
134 3
135 4
136 2
137 1
138 2
139 1
140 1
141 3
142 3
143 2
144 1
145 2
146 1
147 3
148 1
149 1
150 1
151 2
152 3
153 2
154 2
155 3
156 4
157 1
158 2
159 1
160 2
161 2
162 2
163 4
164 3
165 1
166 4
167 3
168 1
169 3
170 2
171 1
172 2
173 2
174 2
175 1
176 1
177 4
178 3
179 2
180 1
181 2
182 4
183 2
184 4
185 4
186 3
187 2
188 1
189 3
190 1
191 2
192 2
193 2
194 2
195 1
196 4
197 3
198 1
199 1
200 3
201 2
202 2
203 2
204 4
205 1
206 4
207 2
208 2
209 3
210 1
211 2
212 2
213 1
214 1
215 3
216 4
217 2
218 1
219 2
220 1
221 4
222 2
223 2
224 3
225 2
226 3
227 2
228 1
229 3
230 4
231 1
232 3
233 2
234 2
235 4
236 2
237 4
238 2
239 2
240 2
241 3
242 2
243 2
244 2
245 1
246 1
247 4
248 4
249 2
250 1