127679
1 7
2 0
3 5
4 5
5 1
6 6
7 0
8 2
9 1
10 0
11 0
12 0
13 1
14 0
15 4
16 5
17 0
18 6
19 8
20 3
1 8
2 1
3 4
4 5
5 2
6 2
7 3
8 1
9 2
10 2
11 2
12 5
13 1
14 2
15 4
16 5
17 2
18 2
19 2
20 7
21 1
22 3
23 4
24 7
25 5
26 2
27 3
28 6
29 2
30 2
31 3
32 1
33 4
34 2
35 2
36 8
37 1
38 4
39 4
40 2
41 2
42 5
43 2
44 3
45 4
46 6
47 3
48 2
49 7
50 6
51 5
52 2
53 3
54 7
55 1
56 2
57 2
58 2
59 2
60 3
61 7
62 3
63 3
64 7
65 3
66 8
67 7
68 1
69 4
70 4
71 1
72 6
73 2
74 8
75 1
76 2
77 1
78 5
79 3
80 1
81 1
82 4
83 1
84 5
85 1
86 5
87 3
88 2
89 4
90 2
91 3
92 3
93 6
94 3
95 6
96 5
97 1
98 4
99 2
100 2