371804
1 8
2 2
3 8
4 8
5 0
6 5
7 7
8 6
9 4
10 0
11 1
12 0
13 0
14 0
15 3
16 6
17 8
18 6
19 0
20 7
21 0
22 0
23 6
24 0
25 8
26 7
27 0
28 0
29 6
30 2
31 4
32 0
33 0
34 0
35 0
36 3
37 0
38 0
39 0
40 7
41 0
42 5
43 0
44 7
45 0
46 4
47 3
48 0
49 0
50 0
1 5
2 2
3 4
4 1
5 1
6 3
7 5
8 1
9 3
10 4
11 4
12 1
13 2
14 1
15 1
16 1
17 1
18 1
19 1
20 6
21 1
22 7
23 2
24 5
25 5
26 1
27 3
28 2
29 4
30 8
31 4
32 1
33 3
34 1
35 1
36 3
37 2
38 3
39 1
40 1
41 3
42 2
43 3
44 3
45 2
46 2
47 3
48 3
49 4
50 5
51 3
52 2
53 3
54 3
55 1
56 3
57 8
58 8
59 3
60 2
61 2
62 4
63 4
64 2
65 2
66 4
67 1
68 4
69 1
70 1
71 1
72 1
73 4
74 5
75 1
76 5
77 1
78 1
79 1
80 2
81 4
82 1
83 1
84 2
85 3
86 1
87 1
88 2
89 1
90 6
91 2
92 1
93 3
94 6
95 3
96 2
97 4
98 1
99 3
100 2
101 1
102 2
103 4
104 5
105 2
106 4
107 1
108 5
109 1
110 2
111 6
112 1
113 3
114 1
115 1
116 6
117 1
118 6
119 1
120 1
121 5
122 2
123 2
124 4
125 1
126 1
127 1
128 4
129 1
130 1
131 7
132 8
133 1
134 7
135 1
136 1
137 3
138 1
139 7
140 5
141 1
142 1
143 2
144 8
145 1
146 1
147 8
148 3
149 5
150 2
151 3
152 1
153 1
154 1
155 1
156 4
157 3
158 7
159 1
160 1
161 2
162 3
163 2
164 2
165 3
166 1
167 7
168 2
169 1
170 1
171 2
172 1
173 1
174 8
175 2
176 6
177 4
178 1
179 1
180 1
181 2
182 2
183 1
184 1
185 2
186 3
187 5
188 7
189 4
190 1
191 6
192 3
193 6
194 1
195 4
196 2
197 1
198 8
199 1
200 5
201 6
202 1
203 8
204 3
205 3
206 3
207 7
208 2
209 1
210 1
211 3
212 1
213 6
214 2
215 1
216 2
217 6
218 2
219 3
220 3
221 1
222 1
223 1
224 2
225 1
226 4
227 7
228 3
229 2
230 1
231 1
232 1
233 4
234 6
235 1
236 3
237 2
238 2
239 3
240 7
241 3
242 6
243 2
244 2
245 5
246 5
247 1
248 2
249 3
250 5