961577
1 6
2 0
3 0
4 3
5 4
6 7
7 3
8 1
9 0
10 2
11 0
12 4
13 1
14 6
15 4
16 4
17 0
18 0
19 0
20 0
21 7
22 7
23 0
24 3
25 8
26 1
27 4
28 6
29 0
30 0
31 6
32 5
33 3
34 0
35 4
36 8
37 3
38 0
39 1
40 8
41 0
42 7
43 8
44 6
45 1
46 0
47 3
48 6
49 0
50 8
1 2
2 8
3 7
4 1
5 1
6 1
7 2
8 7
9 1
10 1
11 2
12 2
13 7
14 1
15 1
16 4
17 4
18 1
19 8
20 3
21 5
22 2
23 1
24 1
25 1
26 1
27 1
28 5
29 1
30 3
31 3
32 1
33 4
34 1
35 2
36 1
37 2
38 1
39 3
40 4
41 1
42 1
43 1
44 3
45 4
46 7
47 1
48 4
49 2
50 2
51 2
52 1
53 1
54 1
55 3
56 6
57 3
58 1
59 1
60 1
61 4
62 2
63 4
64 1
65 1
66 5
67 1
68 4
69 1
70 8
71 1
72 1
73 3
74 3
75 2
76 7
77 2
78 1
79 7
80 5
81 3
82 1
83 1
84 5
85 3
86 4
87 1
88 1
89 3
90 2
91 2
92 2
93 3
94 2
95 1
96 1
97 1
98 5
99 1
100 2
101 4
102 2
103 2
104 4
105 2
106 2
107 2
108 2
109 1
110 2
111 2
112 6
113 1
114 2
115 1
116 8
117 1
118 1
119 6
120 1
121 1
122 1
123 3
124 4
125 5
126 1
127 1
128 1
129 3
130 2
131 5
132 3
133 5
134 1
135 2
136 1
137 1
138 7
139 7
140 6
141 1
142 3
143 1
144 3
145 1
146 1
147 3
148 4
149 2
150 1
151 2
152 1
153 1
154 1
155 1
156 2
157 1
158 1
159 1
160 1
161 3
162 8
163 1
164 1
165 8
166 1
167 1
168 3
169 1
170 6
171 3
172 1
173 3
174 3
175 1
176 6
177 2
178 1
179 6
180 1
181 2
182 6
183 7
184 1
185 3
186 1
187 3
188 1
189 1
190 8
191 4
192 1
193 1
194 7
195 4
196 1
197 1
198 5
199 1
200 6
201 1
202 1
203 7
204 2
205 3
206 2
207 1
208 1
209 2
210 1
211 2
212 6
213 3
214 1
215 6
216 3
217 1
218 1
219 1
220 3
221 4
222 2
223 5
224 2
225 2
226 1
227 3
228 2
229 1
230 1
231 1
232 5
233 7
234 6
235 7
236 6
237 1
238 4
239 1
240 7
241 2
242 2
243 1
244 1
245 4
246 1
247 1
248 6
249 5
250 6
251 4
252 6
253 2
254 1
255 1
256 1
257 6
258 4
259 2
260 3
261 1
262 1
263 1
264 3
265 3
266 1
267 4
268 7
269 1
270 1
271 6
272 5
273 1
274 2
275 1
276 6
277 4
278 2
279 3
280 1
281 1
282 1
283 5
284 8
285 1
286 1
287 1
288 3
289 2
290 1
291 1
292 4
293 3
294 6
295 4
296 8
297 2
298 3
299 2
300 3
301 6
302 1
303 3
304 2
305 6
306 8
307 4
308 1
309 1
310 1
311 1
312 1
313 1
314 3
315 2
316 8
317 2
318 6
319 1
320 5
321 1
322 4
323 1
324 2
325 1
326 3
327 3
328 1
329 1
330 3
331 1
332 4
333 2
334 4
335 4
336 2
337 1
338 1
339 3
340 1
341 3
342 3
343 6
344 4
345 4
346 3
347 3
348 1
349 1
350 1
351 1
352 8
353 5
354 1
355 1
356 5
357 6
358 2
359 1
360 3
361 6
362 1
363 3
364 5
365 7
366 1
367 1
368 1
369 3
370 4
371 6
372 2
373 3
374 1
375 1
376 2
377 6
378 1
379 2
380 1
381 2
382 1
383 2
384 1
385 3
386 2
387 1
388 3
389 1
390 4
391 1
392 3
393 1
394 5
395 3
396 8
397 2
398 4
399 3
400 1
401 1
402 1
403 1
404 1
405 6
406 3
407 8
408 5
409 5
410 1
411 7
412 2
413 5
414 3
415 4
416 2
417 1
418 2
419 1
420 2
421 3
422 5
423 3
424 1
425 1
426 2
427 8
428 1
429 1
430 4
431 2
432 1
433 8
434 1
435 1
436 1
437 3
438 1
439 1
440 5
441 3
442 8
443 4
444 1
445 1
446 1
447 1
448 3
449 2
450 2
451 1
452 8
453 4
454 4
455 3
456 1
457 1
458 3
459 2
460 2
461 1
462 8
463 8
464 4
465 3
466 1
467 7
468 1
469 3
470 8
471 5
472 3
473 3
474 1
475 1
476 6
477 1
478 1
479 5
480 1
481 1
482 1
483 1
484 1
485 1
486 1
487 2
488 6
489 1
490 1
491 6
492 7
493 3
494 2
495 2
496 1
497 3
498 8
499 6
500 8