360819
1 6
2 0
3 1
4 2
5 5
6 0
7 8
8 4
9 0
10 3
11 7
12 0
13 0
14 7
15 3
16 3
17 6
18 3
19 5
20 0
21 4
22 0
23 0
24 2
25 7
26 0
27 0
28 2
29 3
30 3
1 1
2 1
3 5
4 7
5 2
6 1
7 5
8 3
9 1
10 1
11 8
12 1
13 1
14 3
15 2
16 4
17 5
18 1
19 2
20 1
21 7
22 1
23 2
24 2
25 1
26 6
27 2
28 3
29 2
30 3
31 2
32 1
33 1
34 1
35 1
36 1
37 6
38 2
39 6
40 2
41 1
42 2
43 7
44 7
45 1
46 1
47 7
48 3
49 2
50 3
51 1
52 4
53 6
54 7
55 2
56 2
57 2
58 4
59 6
60 3
61 1
62 7
63 1
64 8
65 6
66 2
67 3
68 1
69 3
70 3
71 1
72 1
73 5
74 1
75 1
76 4
77 1
78 3
79 3
80 1
81 5
82 4
83 2
84 4
85 2
86 2
87 1
88 1
89 7
90 5
91 6
92 2
93 5
94 2
95 2
96 2
97 4
98 8
99 2
100 1
101 4
102 2
103 6
104 1
105 1
106 1
107 2
108 1
109 2
110 1
111 2
112 3
113 1
114 1
115 1
116 6
117 2
118 1
119 3
120 5
121 3
122 1
123 2
124 2
125 5
126 1
127 6
128 1
129 2
130 3
131 8
132 1
133 3
134 3
135 2
136 8
137 4
138 3
139 8
140 3
141 2
142 4
143 1
144 2
145 2
146 2
147 7
148 1
149 3
150 2
151 2
152 1
153 1
154 2
155 1
156 4
157 2
158 5
159 1
160 3
161 3
162 4
163 1
164 2
165 6
166 3
167 3
168 1
169 3
170 1
171 3
172 1
173 3
174 2
175 4
176 3
177 1
178 2
179 1
180 3
181 6
182 3
183 1
184 1
185 2
186 1
187 3
188 3
189 5
190 2
191 1
192 1
193 3
194 1
195 3
196 6
197 1
198 1
199 1
200 8
201 5
202 5
203 2
204 8
205 7
206 2
207 3
208 1
209 3
210 7
211 1
212 1
213 1
214 2
215 3
216 6
217 4
218 1
219 6
220 2
221 2
222 1
223 2
224 1
225 2
226 3
227 8
228 2
229 7
230 1
231 5
232 4
233 4
234 1
235 1
236 2
237 1
238 3
239 1
240 1
241 1
242 2
243 6
244 1
245 2
246 1
247 2
248 8
249 7
250 7