497921
1 0
2 9
3 11
4 0
5 0
6 11
7 0
8 8
9 7
10 4
11 0
12 10
13 0
14 0
15 7
16 0
17 0
18 12
19 5
20 0
21 9
22 3
23 12
24 0
25 6
26 0
27 10
28 2
29 7
30 0
31 0
32 1
33 4
34 1
35 6
36 1
37 10
38 0
39 11
40 10
41 0
42 0
43 0
44 0
45 2
46 3
47 11
48 5
49 6
50 6
1 3
2 1
3 3
4 2
5 5
6 1
7 3
8 1
9 3
10 2
11 6
12 1
13 3
14 1
15 7
16 1
17 1
18 8
19 1
20 7
21 4
22 2
23 9
24 3
25 2
26 9
27 8
28 12
29 1
30 1
31 7
32 6
33 3
34 2
35 1
36 1
37 3
38 1
39 1
40 1
41 2
42 1
43 1
44 1
45 2
46 8
47 9
48 2
49 1
50 1
51 5
52 1
53 2
54 2
55 1
56 2
57 1
58 6
59 7
60 2
61 6
62 12
63 3
64 7
65 12
66 7
67 1
68 2
69 2
70 7
71 3
72 1
73 2
74 6
75 1
76 2
77 9
78 1
79 4
80 9
81 6
82 1
83 5
84 6
85 8
86 3
87 1
88 1
89 1
90 5
91 3
92 10
93 2
94 7
95 4
96 1
97 1
98 2
99 6
100 1
101 1
102 7
103 2
104 5
105 1
106 12
107 6
108 11
109 5
110 3
111 7
112 6
113 1
114 2
115 1
116 6
117 11
118 6
119 3
120 1
121 2
122 1
123 1
124 3
125 6
126 1
127 5
128 4
129 11
130 2
131 1
132 1
133 3
134 2
135 3
136 6
137 5
138 5
139 1
140 1
141 1
142 1
143 1
144 2
145 2
146 1
147 7
148 1
149 1
150 5
151 1
152 12
153 1
154 1
155 1
156 1
157 1
158 8
159 4
160 9
161 12
162 9
163 8
164 2
165 1
166 1
167 1
168 1
169 3
170 1
171 2
172 4
173 11
174 1
175 5
176 4
177 3
178 1
179 4
180 2
181 1
182 5
183 1
184 10
185 5
186 1
187 1
188 6
189 2
190 3
191 5
192 7
193 12
194 1
195 8
196 1
197 1
198 2
199 1
200 1
201 1
202 1
203 2
204 3
205 8
206 6
207 1
208 3
209 2
210 6
211 7
212 1
213 3
214 4
215 6
216 1
217 2
218 1
219 1
220 10
221 2
222 7
223 2
224 4
225 2
226 5
227 1
228 6
229 1
230 1
231 1
232 4
233 11
234 8
235 7
236 4
237 5
238 4
239 5
240 11
241 7
242 9
243 1
244 4
245 1
246 6
247 1
248 2
249 1
250 1