413236
1 8
2 0
3 2
4 0
5 0
6 0
7 6
8 0
9 3
10 0
11 0
12 12
13 0
14 0
15 0
16 0
17 0
18 4
19 0
20 0
21 5
22 0
23 0
24 7
25 11
26 9
27 0
28 10
29 1
30 0
1 2
2 12
3 6
4 12
5 5
6 5
7 3
8 5
9 7
10 2
11 10
12 9
13 2
14 10
15 1
16 4
17 6
18 3
19 8
20 7
21 8
22 2
23 1
24 6
25 8
26 10
27 6
28 5
29 3
30 7
31 1
32 1
33 1
34 2
35 6
36 10
37 4
38 2
39 5
40 8
41 2
42 5
43 3
44 12
45 7
46 2
47 5
48 5
49 4
50 7
51 7
52 2
53 2
54 4
55 10
56 3
57 7
58 6
59 1
60 3
61 1
62 2
63 2
64 1
65 10
66 4
67 1
68 4
69 2
70 7
71 4
72 2
73 1
74 1
75 3
76 1
77 7
78 2
79 7
80 1
81 1
82 1
83 6
84 5
85 2
86 1
87 1
88 5
89 1
90 8
91 9
92 2
93 10
94 5
95 2
96 6
97 8
98 1
99 1
100 3
101 1
102 1
103 2
104 8
105 1
106 9
107 10
108 3
109 4
110 2
111 2
112 2
113 1
114 4
115 4
116 2
117 3
118 1
119 7
120 11
121 6
122 2
123 2
124 12
125 6
126 4
127 11
128 6
129 3
130 1
131 1
132 5
133 2
134 9
135 1
136 1
137 2
138 1
139 2
140 1
141 10
142 2
143 10
144 2
145 1
146 2
147 4
148 1
149 1
150 11
151 5
152 9
153 1
154 5
155 2
156 1
157 5
158 2
159 1
160 1
161 9
162 6
163 1
164 7
165 9
166 3
167 3
168 2
169 4
170 3
171 1
172 1
173 2
174 7
175 11
176 5
177 1
178 2
179 4
180 2
181 1
182 10
183 4
184 1
185 1
186 4
187 1
188 2
189 1
190 11
191 2
192 1
193 4
194 1
195 2
196 9
197 2
198 1
199 4
200 5
201 1
202 2
203 8
204 2
205 4
206 8
207 2
208 10
209 3
210 12
211 2
212 5
213 4
214 12
215 9
216 3
217 1
218 2
219 1
220 7
221 4
222 1
223 9
224 3
225 1
226 2
227 1
228 1
229 3
230 8
231 4
232 2
233 1
234 2
235 1
236 1
237 1
238 3
239 3
240 2
241 11
242 5
243 2
244 6
245 6
246 1
247 2
248 1
249 2
250 3
251 1
252 1
253 3
254 2
255 9
256 1
257 8
258 9
259 3
260 1
261 1
262 4
263 1
264 11
265 2
266 2
267 2
268 2
269 1
270 6
271 3
272 5
273 12
274 1
275 4
276 1
277 1
278 8
279 3
280 2
281 6
282 2
283 4
284 1
285 4
286 1
287 2
288 1
289 8
290 10
291 8
292 10
293 2
294 1
295 1
296 7
297 5
298 11
299 3
300 3
301 8
302 1
303 7
304 7
305 1
306 1
307 1
308 2
309 1
310 9
311 1
312 1
313 4
314 8
315 2
316 6
317 7
318 3
319 7
320 1
321 11
322 8
323 3
324 3
325 10
326 10
327 9
328 2
329 3
330 4
331 5
332 1
333 3
334 1
335 10
336 2
337 6
338 6
339 2
340 1
341 2
342 2
343 3
344 4
345 3
346 3
347 5
348 4
349 4
350 1
351 9
352 12
353 1
354 1
355 6
356 4
357 6
358 8
359 9
360 8
361 3
362 1
363 6
364 1
365 3
366 2
367 5
368 1
369 2
370 2
371 1
372 4
373 1
374 2
375 2
376 2
377 9
378 6
379 2
380 3
381 1
382 3
383 2
384 3
385 1
386 10
387 1
388 5
389 1
390 1
391 2
392 2
393 2
394 11
395 9
396 1
397 4
398 3
399 8
400 8
401 1
402 10
403 3
404 3
405 4
406 1
407 7
408 5
409 2
410 3
411 10
412 3
413 11
414 1
415 8
416 1
417 1
418 10
419 4
420 5
421 12
422 2
423 1
424 1
425 3
426 1
427 2
428 7
429 2
430 2
431 5
432 2
433 4
434 2
435 2
436 2
437 3
438 1
439 1
440 2
441 9
442 6
443 6
444 2
445 2
446 9
447 2
448 2
449 11
450 3
451 5
452 2
453 1
454 5
455 5
456 3
457 4
458 2
459 12
460 8
461 1
462 2
463 9
464 7
465 7
466 3
467 1
468 2
469 3
470 1
471 1
472 1
473 2
474 1
475 1
476 1
477 12
478 6
479 6
480 8
481 2
482 1
483 2
484 3
485 12
486 10
487 4
488 6
489 1
490 2
491 1
492 1
493 7
494 7
495 2
496 10
497 4
498 2
499 9
500 3