624388
1 0
2 9
3 1
4 2
5 3
6 3
7 7
8 4
9 0
10 3
11 0
12 0
13 0
14 11
15 0
16 6
17 0
18 8
19 1
20 7
21 7
22 10
23 0
24 10
25 0
26 12
27 5
28 0
29 0
30 4
1 4
2 7
3 3
4 5
5 7
6 1
7 3
8 11
9 1
10 5
11 6
12 7
13 1
14 1
15 1
16 3
17 1
18 7
19 1
20 11
21 1
22 3
23 7
24 3
25 3
26 1
27 1
28 1
29 10
30 1
31 10
32 5
33 3
34 3
35 2
36 3
37 6
38 1
39 1
40 2
41 6
42 1
43 3
44 1
45 2
46 6
47 5
48 3
49 4
50 1
51 2
52 10
53 2
54 5
55 3
56 1
57 9
58 3
59 3
60 4
61 1
62 4
63 1
64 3
65 5
66 2
67 10
68 7
69 1
70 3
71 6
72 7
73 2
74 2
75 7
76 1
77 2
78 2
79 6
80 4
81 4
82 7
83 1
84 4
85 1
86 1
87 1
88 10
89 10
90 1
91 6
92 11
93 6
94 2
95 9
96 12
97 9
98 10
99 3
100 3
101 4
102 1
103 3
104 11
105 3
106 1
107 1
108 6
109 1
110 2
111 9
112 3
113 4
114 6
115 7
116 2
117 5
118 5
119 2
120 2
121 6
122 3
123 7
124 2
125 1
126 2
127 7
128 2
129 5
130 1
131 1
132 10
133 12
134 1
135 8
136 1
137 3
138 3
139 1
140 8
141 9
142 6
143 4
144 7
145 5
146 6
147 4
148 12
149 3
150 3
151 12
152 6
153 2
154 1
155 2
156 3
157 3
158 5
159 10
160 7
161 12
162 2
163 1
164 7
165 1
166 1
167 3
168 3
169 9
170 2
171 10
172 4
173 3
174 1
175 5
176 4
177 1
178 7
179 5
180 6
181 3
182 8
183 1
184 1
185 2
186 1
187 3
188 4
189 1
190 12
191 4
192 2
193 12
194 9
195 4
196 11
197 1
198 11
199 1
200 12
201 10
202 8
203 2
204 6
205 2
206 4
207 3
208 1
209 4
210 4
211 3
212 1
213 5
214 3
215 3
216 4
217 8
218 3
219 1
220 8
221 3
222 4
223 4
224 1
225 6
226 9
227 7
228 1
229 1
230 10
231 2
232 2
233 3
234 10
235 2
236 1
237 5
238 2
239 6
240 2
241 1
242 1
243 1
244 5
245 7
246 3
247 3
248 1
249 7
250 3
251 4
252 9
253 11
254 2
255 4
256 6
257 2
258 2
259 2
260 8
261 1
262 2
263 9
264 3
265 6
266 1
267 1
268 10
269 4
270 4
271 2
272 3
273 10
274 5
275 1
276 3
277 2
278 4
279 3
280 8
281 2
282 8
283 3
284 6
285 3
286 5
287 3
288 2
289 5
290 2
291 1
292 3
293 2
294 3
295 9
296 2
297 12
298 1
299 7
300 1
301 3
302 1
303 3
304 5
305 11
306 4
307 1
308 5
309 1
310 1
311 3
312 2
313 1
314 2
315 3
316 1
317 1
318 6
319 12
320 7
321 11
322 3
323 5
324 2
325 6
326 3
327 4
328 6
329 2
330 5
331 6
332 7
333 5
334 10
335 1
336 3
337 6
338 2
339 3
340 1
341 11
342 1
343 1
344 4
345 2
346 1
347 1
348 1
349 5
350 1
351 1
352 1
353 6
354 3
355 3
356 11
357 9
358 1
359 2
360 2
361 3
362 3
363 4
364 2
365 4
366 9
367 4
368 8
369 4
370 4
371 8
372 6
373 3
374 4
375 3
376 2
377 4
378 4
379 10
380 1
381 1
382 12
383 8
384 7
385 1
386 2
387 2
388 9
389 9
390 4
391 3
392 9
393 11
394 1
395 5
396 3
397 5
398 7
399 1
400 2
401 9
402 4
403 4
404 5
405 1
406 4
407 9
408 4
409 5
410 2
411 2
412 9
413 5
414 1
415 2
416 3
417 1
418 1
419 10
420 7
421 6
422 3
423 6
424 1
425 8
426 3
427 9
428 8
429 1
430 8
431 4
432 5
433 4
434 7
435 2
436 12
437 5
438 3
439 3
440 2
441 6
442 6
443 10
444 7
445 3
446 3
447 12
448 7
449 3
450 1
451 6
452 4
453 2
454 5
455 5
456 6
457 5
458 8
459 1
460 2
461 11
462 1
463 1
464 11
465 6
466 9
467 3
468 11
469 2
470 7
471 4
472 5
473 6
474 1
475 3
476 3
477 1
478 1
479 2
480 1
481 7
482 3
483 3
484 1
485 5
486 1
487 11
488 10
489 1
490 7
491 5
492 4
493 2
494 3
495 10
496 5
497 1
498 12
499 7
500 6