108776
1 1
2 2
3 0
4 1
5 0
6 2
7 0
8 3
9 0
10 3
11 0
12 0
13 0
14 0
15 0
16 1
17 1
18 4
19 0
20 1
1 1
2 4
3 3
4 2
5 2
6 1
7 2
8 2
9 3
10 4
11 1
12 3
13 2
14 4
15 1
16 3
17 2
18 1
19 1
20 3
21 4
22 4
23 1
24 4
25 2
26 4
27 2
28 3
29 4
30 1
31 4
32 1
33 3
34 4
35 3
36 1
37 2
38 4
39 3
40 2
41 1
42 1
43 1
44 2
45 2
46 1
47 1
48 4
49 2
50 1
51 1
52 3
53 1
54 4
55 4
56 1
57 4
58 4
59 3
60 1
61 2
62 4
63 1
64 2
65 4
66 1
67 2
68 1
69 1
70 1
71 1
72 4
73 1
74 3
75 1
76 2
77 4
78 1
79 2
80 2
81 3
82 3
83 1
84 1
85 2
86 4
87 1
88 4
89 2
90 1
91 3
92 1
93 3
94 1
95 1
96 4
97 1
98 2
99 2
100 1