625671
1 2
2 0
3 0
4 0
5 0
6 4
7 0
8 0
9 0
10 0
11 0
12 0
13 0
14 0
15 3
16 3
17 6
18 0
19 6
20 0
21 6
22 8
23 0
24 7
25 0
26 0
27 7
28 8
29 1
30 2
31 0
32 0
33 2
34 0
35 0
36 0
37 5
38 5
39 0
40 0
41 0
42 2
43 3
44 0
45 5
46 0
47 8
48 4
49 6
50 0
1 1
2 1
3 1
4 3
5 4
6 2
7 4
8 4
9 3
10 3
11 2
12 2
13 2
14 1
15 7
16 2
17 2
18 3
19 4
20 1
21 3
22 3
23 2
24 3
25 5
26 2
27 2
28 1
29 4
30 5
31 2
32 1
33 1
34 2
35 2
36 3
37 4
38 7
39 1
40 6
41 2
42 2
43 4
44 4
45 2
46 5
47 5
48 2
49 2
50 8
51 1
52 5
53 2
54 2
55 2
56 3
57 2
58 1
59 2
60 3
61 2
62 1
63 2
64 1
65 2
66 3
67 1
68 1
69 3
70 1
71 5
72 1
73 2
74 4
75 1
76 8
77 8
78 2
79 3
80 8
81 2
82 1
83 2
84 2
85 3
86 2
87 8
88 2
89 1
90 3
91 2
92 2
93 2
94 3
95 1
96 2
97 2
98 5
99 3
100 3
101 3
102 2
103 8
104 1
105 2
106 1
107 1
108 3
109 1
110 1
111 7
112 8
113 2
114 1
115 2
116 8
117 3
118 2
119 2
120 1
121 1
122 4
123 4
124 4
125 1
126 2
127 2
128 7
129 2
130 1
131 5
132 4
133 2
134 6
135 3
136 2
137 2
138 1
139 1
140 2
141 2
142 2
143 2
144 5
145 1
146 2
147 5
148 1
149 4
150 2
151 7
152 5
153 1
154 2
155 4
156 6
157 2
158 8
159 1
160 6
161 2
162 3
163 1
164 1
165 2
166 4
167 3
168 1
169 3
170 7
171 3
172 1
173 1
174 8
175 2
176 3
177 5
178 2
179 1
180 3
181 6
182 8
183 2
184 8
185 2
186 5
187 5
188 6
189 7
190 2
191 3
192 2
193 2
194 5
195 2
196 5
197 1
198 4
199 3
200 1
201 1
202 6
203 5
204 1
205 1
206 2
207 1
208 7
209 3
210 2
211 3
212 2
213 4
214 1
215 5
216 4
217 2
218 1
219 1
220 1
221 7
222 5
223 2
224 5
225 8
226 2
227 3
228 4
229 6
230 2
231 5
232 4
233 4
234 2
235 2
236 3
237 1
238 2
239 4
240 2
241 2
242 5
243 1
244 2
245 8
246 1
247 7
248 2
249 2
250 1
251 4
252 2
253 1
254 4
255 1
256 4
257 1
258 5
259 8
260 5
261 2
262 3
263 2
264 6
265 1
266 1
267 2
268 2
269 6
270 2
271 5
272 1
273 3
274 5
275 3
276 1
277 7
278 4
279 3
280 5
281 6
282 1
283 5
284 1
285 8
286 5
287 5
288 1
289 7
290 3
291 4
292 1
293 1
294 4
295 8
296 5
297 2
298 1
299 8
300 4
301 1
302 2
303 4
304 4
305 7
306 2
307 1
308 7
309 3
310 1
311 7
312 1
313 3
314 4
315 3
316 3
317 1
318 2
319 1
320 2
321 4
322 5
323 2
324 2
325 2
326 2
327 4
328 3
329 5
330 2
331 1
332 2
333 2
334 6
335 3
336 2
337 4
338 2
339 1
340 1
341 1
342 3
343 2
344 3
345 3
346 4
347 7
348 2
349 7
350 5
351 2
352 2
353 4
354 1
355 1
356 1
357 1
358 2
359 6
360 7
361 6
362 2
363 2
364 3
365 4
366 5
367 1
368 8
369 1
370 1
371 2
372 3
373 6
374 7
375 2
376 2
377 5
378 6
379 1
380 1
381 1
382 7
383 7
384 1
385 1
386 8
387 7
388 4
389 3
390 1
391 3
392 8
393 4
394 3
395 1
396 2
397 1
398 7
399 8
400 2
401 1
402 2
403 2
404 4
405 2
406 1
407 2
408 2
409 2
410 5
411 2
412 2
413 4
414 2
415 7
416 2
417 1
418 2
419 1
420 2
421 4
422 2
423 6
424 3
425 2
426 1
427 7
428 2
429 2
430 1
431 2
432 2
433 1
434 8
435 3
436 7
437 5
438 4
439 3
440 1
441 2
442 2
443 2
444 1
445 2
446 2
447 3
448 7
449 1
450 1
451 4
452 2
453 2
454 2
455 6
456 3
457 2
458 1
459 8
460 4
461 6
462 2
463 5
464 6
465 2
466 7
467 5
468 1
469 2
470 5
471 2
472 2
473 1
474 2
475 2
476 2
477 1
478 1
479 1
480 2
481 4
482 2
483 2
484 2
485 8
486 7
487 5
488 5
489 2
490 2
491 1
492 1
493 6
494 3
495 4
496 2
497 1
498 5
499 1
500 2