807798
1 0
2 0
3 0
4 0
5 0
6 6
7 0
8 3
9 2
10 1
11 3
12 4
13 0
14 5
15 1
16 1
17 5
18 8
19 7
20 0
1 1
2 5
3 8
4 1
5 3
6 1
7 2
8 3
9 2
10 8
11 6
12 4
13 7
14 5
15 7
16 1
17 2
18 6
19 1
20 6
21 1
22 1
23 1
24 1
25 8
26 6
27 1
28 1
29 1
30 1
31 4
32 4
33 1
34 1
35 2
36 1
37 2
38 5
39 1
40 3
41 8
42 3
43 3
44 1
45 2
46 1
47 3
48 1
49 3
50 2
51 4
52 1
53 4
54 5
55 4
56 1
57 2
58 4
59 4
60 1
61 4
62 6
63 4
64 1
65 2
66 2
67 1
68 3
69 3
70 1
71 1
72 8
73 4
74 5
75 2
76 4
77 2
78 1
79 1
80 2
81 5
82 1
83 1
84 1
85 7
86 7
87 5
88 1
89 1
90 1
91 2
92 1
93 2
94 6
95 4
96 1
97 7
98 7
99 4
100 2
101 1
102 2
103 3
104 2
105 1
106 4
107 1
108 4
109 1
110 1
111 8
112 1
113 2
114 1
115 5
116 1
117 8
118 1
119 8
120 4
121 6
122 5
123 1
124 8
125 1
126 1
127 6
128 2
129 3
130 1
131 4
132 4
133 2
134 1
135 1
136 1
137 1
138 1
139 1
140 2
141 1
142 2
143 1
144 1
145 5
146 2
147 8
148 1
149 5
150 7
151 5
152 4
153 3
154 2
155 6
156 2
157 1
158 2
159 1
160 4
161 5
162 8
163 1
164 7
165 1
166 3
167 5
168 7
169 5
170 6
171 6
172 4
173 3
174 1
175 1
176 1
177 4
178 4
179 4
180 2
181 1
182 1
183 1
184 1
185 1
186 3
187 1
188 1
189 4
190 1
191 2
192 3
193 3
194 3
195 1
196 6
197 3
198 2
199 8
200 2
201 4
202 3
203 8
204 4
205 2
206 4
207 1
208 3
209 2
210 6
211 1
212 1
213 1
214 7
215 4
216 1
217 8
218 3
219 1
220 6
221 3
222 1
223 4
224 1
225 2
226 3
227 6
228 1
229 2
230 1
231 5
232 2
233 6
234 2
235 1
236 2
237 4
238 4
239 1
240 1
241 4
242 2
243 2
244 3
245 1
246 1
247 6
248 3
249 5
250 2
251 3
252 1
253 3
254 2
255 4
256 6
257 4
258 7
259 2
260 1
261 6
262 1
263 4
264 2
265 2
266 1
267 3
268 5
269 6
270 1
271 5
272 4
273 2
274 4
275 6
276 2
277 2
278 3
279 2
280 2
281 2
282 8
283 5
284 1
285 3
286 4
287 1
288 1
289 3
290 1
291 1
292 1
293 6
294 5
295 1
296 8
297 2
298 1
299 1
300 8
301 1
302 3
303 3
304 3
305 8
306 4
307 8
308 1
309 2
310 4
311 4
312 4
313 2
314 1
315 4
316 2
317 2
318 7
319 1
320 2
321 1
322 2
323 7
324 4
325 4
326 4
327 4
328 4
329 7
330 2
331 3
332 2
333 1
334 3
335 1
336 1
337 1
338 3
339 4
340 5
341 4
342 6
343 2
344 3
345 1
346 1
347 2
348 2
349 1
350 1
351 4
352 1
353 2
354 5
355 4
356 2
357 1
358 5
359 7
360 2
361 8
362 3
363 1
364 3
365 2
366 3
367 4
368 1
369 1
370 6
371 1
372 5
373 2
374 1
375 7
376 1
377 1
378 1
379 1
380 1
381 1
382 3
383 6
384 5
385 2
386 2
387 1
388 1
389 2
390 3
391 1
392 1
393 3
394 1
395 3
396 1
397 1
398 1
399 4
400 1
401 2
402 8
403 1
404 1
405 1
406 7
407 3
408 1
409 5
410 6
411 1
412 6
413 6
414 1
415 4
416 1
417 1
418 3
419 1
420 2
421 2
422 6
423 2
424 1
425 1
426 3
427 3
428 8
429 1
430 3
431 1
432 1
433 3
434 1
435 5
436 5
437 3
438 8
439 3
440 3
441 1
442 5
443 5
444 2
445 2
446 3
447 3
448 7
449 5
450 1
451 1
452 2
453 4
454 2
455 4
456 3
457 3
458 1
459 1
460 1
461 1
462 1
463 4
464 5
465 3
466 5
467 1
468 8
469 2
470 2
471 1
472 2
473 2
474 4
475 7
476 3
477 1
478 3
479 3
480 4
481 2
482 1
483 8
484 4
485 3
486 2
487 2
488 1
489 2
490 2
491 7
492 2
493 6
494 1
495 6
496 1
497 1
498 1
499 2
500 6
501 3
502 5
503 7
504 1
505 1
506 4
507 1
508 1
509 1
510 8
511 1
512 2
513 1
514 7
515 4
516 3
517 6
518 4
519 6
520 2
521 6
522 4
523 3
524 8
525 7
526 3
527 2
528 4
529 4
530 1
531 1
532 2
533 3
534 3
535 7
536 7
537 3
538 4
539 5
540 2
541 8
542 3
543 1
544 1
545 2
546 5
547 6
548 5
549 2
550 8
551 1
552 2
553 1
554 1
555 2
556 1
557 8
558 1
559 5
560 1
561 3
562 6
563 4
564 3
565 1
566 1
567 8
568 1
569 1
570 5
571 6
572 6
573 5
574 4
575 3
576 1
577 4
578 6
579 2
580 5
581 1
582 7
583 8
584 1
585 1
586 2
587 4
588 3
589 6
590 1
591 5
592 6
593 1
594 5
595 2
596 5
597 5
598 1
599 6
600 7
601 1
602 2
603 4
604 1
605 4
606 2
607 2
608 2
609 2
610 3
611 1
612 5
613 1
614 1
615 1
616 3
617 3
618 1
619 3
620 1
621 3
622 4
623 1
624 1
625 3
626 1
627 2
628 3
629 8
630 6
631 6
632 3
633 2
634 2
635 1
636 1
637 2
638 1
639 4
640 5
641 3
642 1
643 2
644 1
645 1
646 5
647 4
648 1
649 4
650 1
651 1
652 5
653 6
654 3
655 2
656 2
657 7
658 1
659 4
660 3
661 1
662 2
663 5
664 3
665 4
666 2
667 7
668 1
669 6
670 2
671 2
672 4
673 1
674 3
675 1
676 7
677 2
678 8
679 1
680 3
681 5
682 6
683 6
684 1
685 1
686 3
687 2
688 3
689 2
690 3
691 2
692 2
693 2
694 3
695 5
696 1
697 2
698 7
699 2
700 1
701 2
702 2
703 1
704 1
705 1
706 1
707 3
708 5
709 2
710 4
711 6
712 2
713 8
714 1
715 6
716 4
717 2
718 3
719 1
720 4
721 3
722 6
723 1
724 1
725 2
726 1
727 1
728 5
729 6
730 5
731 8
732 4
733 5
734 2
735 1
736 1
737 1
738 3
739 6
740 2
741 1
742 2
743 1
744 6
745 8
746 1
747 5
748 2
749 1
750 4
751 2
752 2
753 1
754 2
755 1
756 1
757 8
758 4
759 4
760 1
761 1
762 2
763 6
764 1
765 1
766 7
767 1
768 1
769 3
770 4
771 8
772 1
773 1
774 3
775 8
776 2
777 2
778 2
779 8
780 7
781 2
782 8
783 1
784 1
785 1
786 5
787 3
788 2
789 1
790 6
791 5
792 4
793 2
794 7
795 3
796 1
797 1
798 2
799 2
800 3
801 7
802 4
803 4
804 2
805 1
806 4
807 1
808 6
809 8
810 4
811 1
812 1
813 1
814 3
815 1
816 5
817 2
818 2
819 3
820 1
821 1
822 5
823 1
824 1
825 1
826 5
827 1
828 2
829 3
830 5
831 8
832 5
833 2
834 2
835 1
836 1
837 1
838 3
839 8
840 4
841 1
842 5
843 1
844 1
845 1
846 6
847 5
848 2
849 3
850 4
851 5
852 3
853 1
854 1
855 1
856 1
857 4
858 1
859 6
860 1
861 4
862 1
863 2
864 1
865 3
866 8
867 2
868 6
869 2
870 2
871 5
872 2
873 2
874 2
875 2
876 2
877 4
878 2
879 8
880 8
881 2
882 7
883 1
884 7
885 1
886 4
887 2
888 4
889 2
890 4
891 1
892 7
893 3
894 7
895 5
896 3
897 1
898 6
899 1
900 3
901 2
902 8
903 3
904 3
905 1
906 5
907 1
908 4
909 7
910 7
911 4
912 3
913 1
914 5
915 3
916 2
917 4
918 1
919 1
920 1
921 6
922 1
923 1
924 1
925 1
926 1
927 8
928 8
929 5
930 1
931 7
932 1
933 8
934 5
935 5
936 3
937 1
938 2
939 4
940 5
941 6
942 2
943 1
944 6
945 7
946 5
947 1
948 1
949 8
950 1
951 3
952 6
953 6
954 1
955 6
956 2
957 1
958 8
959 1
960 1
961 4
962 3
963 3
964 7
965 1
966 1
967 1
968 8
969 2
970 6
971 3
972 2
973 2
974 2
975 3
976 1
977 7
978 1
979 7
980 7
981 2
982 1
983 2
984 1
985 1
986 5
987 5
988 1
989 3
990 3
991 4
992 5
993 1
994 6
995 5
996 3
997 3
998 2
999 3
1000 2