529254
1 6
2 8
3 4
4 1
5 0
6 0
7 0
8 3
9 0
10 0
11 2
12 0
13 0
14 0
15 0
16 5
17 0
18 0
19 0
20 7
1 5
2 6
3 2
4 2
5 7
6 1
7 1
8 8
9 2
10 3
11 4
12 6
13 4
14 3
15 7
16 4
17 5
18 3
19 5
20 2
21 4
22 2
23 8
24 6
25 3
26 7
27 6
28 7
29 8
30 1
31 1
32 2
33 2
34 2
35 2
36 6
37 3
38 8
39 3
40 1
41 5
42 7
43 5
44 7
45 3
46 8
47 4
48 4
49 3
50 3
51 2
52 2
53 4
54 7
55 2
56 2
57 4
58 2
59 1
60 5
61 6
62 6
63 2
64 2
65 5
66 2
67 3
68 3
69 2
70 6
71 5
72 3
73 2
74 7
75 5
76 5
77 2
78 5
79 3
80 2
81 4
82 2
83 1
84 2
85 2
86 4
87 3
88 3
89 6
90 5
91 5
92 5
93 3
94 2
95 2
96 4
97 2
98 2
99 6
100 3
101 3
102 5
103 4
104 3
105 1
106 6
107 2
108 3
109 3
110 3
111 4
112 8
113 2
114 2
115 2
116 8
117 5
118 3
119 1
120 1
121 4
122 4
123 2
124 3
125 2
126 5
127 2
128 5
129 4
130 3
131 2
132 4
133 1
134 7
135 1
136 5
137 1
138 5
139 6
140 2
141 4
142 3
143 3
144 6
145 1
146 1
147 2
148 6
149 1
150 2
151 2
152 4
153 3
154 5
155 4
156 2
157 3
158 5
159 3
160 3
161 2
162 4
163 5
164 5
165 2
166 4
167 2
168 1
169 1
170 4
171 4
172 6
173 5
174 1
175 6
176 5
177 1
178 2
179 4
180 2
181 2
182 4
183 2
184 3
185 3
186 2
187 2
188 1
189 3
190 7
191 5
192 3
193 2
194 3
195 1
196 6
197 4
198 2
199 3
200 2
201 5
202 2
203 6
204 3
205 2
206 1
207 3
208 4
209 8
210 2
211 1
212 1
213 4
214 1
215 4
216 2
217 6
218 3
219 2
220 2
221 7
222 3
223 7
224 2
225 3
226 3
227 4
228 5
229 7
230 2
231 3
232 5
233 3
234 4
235 1
236 5
237 2
238 7
239 3
240 2
241 4
242 2
243 3
244 5
245 7
246 6
247 6
248 2
249 7
250 5
251 2
252 2
253 3
254 3
255 1
256 2
257 3
258 1
259 4
260 6
261 3
262 3
263 1
264 2
265 6
266 6
267 3
268 1
269 3
270 6
271 3
272 5
273 2
274 4
275 5
276 7
277 2
278 8
279 4
280 2
281 8
282 4
283 2
284 3
285 5
286 2
287 3
288 3
289 6
290 2
291 2
292 6
293 6
294 4
295 3
296 3
297 7
298 2
299 2
300 4
301 2
302 7
303 2
304 2
305 3
306 2
307 3
308 7
309 4
310 2
311 5
312 3
313 3
314 2
315 2
316 2
317 8
318 5
319 3
320 6
321 3
322 5
323 2
324 2
325 2
326 2
327 4
328 7
329 5
330 5
331 4
332 4
333 4
334 3
335 6
336 1
337 3
338 1
339 2
340 2
341 4
342 3
343 3
344 5
345 7
346 2
347 7
348 2
349 6
350 6
351 2
352 4
353 3
354 4
355 2
356 1
357 3
358 3
359 6
360 2
361 2
362 3
363 4
364 1
365 1
366 2
367 3
368 2
369 2
370 6
371 5
372 4
373 2
374 4
375 1
376 6
377 4
378 3
379 7
380 3
381 4
382 2
383 3
384 2
385 8
386 5
387 2
388 2
389 3
390 2
391 3
392 6
393 4
394 4
395 4
396 8
397 3
398 4
399 1
400 1
401 6
402 2
403 6
404 3
405 3
406 3
407 7
408 3
409 7
410 2
411 3
412 1
413 2
414 2
415 3
416 3
417 3
418 2
419 6
420 2
421 2
422 5
423 2
424 2
425 3
426 3
427 2
428 3
429 2
430 1
431 2
432 1
433 2
434 5
435 3
436 3
437 5
438 2
439 4
440 1
441 5
442 2
443 2
444 3
445 1
446 6
447 7
448 6
449 3
450 2
451 4
452 6
453 3
454 3
455 3
456 1
457 4
458 2
459 3
460 2
461 3
462 2
463 4
464 6
465 3
466 5
467 5
468 2
469 2
470 2
471 3
472 5
473 7
474 7
475 5
476 2
477 3
478 3
479 4
480 7
481 6
482 3
483 2
484 7
485 3
486 1
487 8
488 8
489 7
490 6
491 5
492 4
493 2
494 2
495 2
496 2
497 4
498 5
499 2
500 3
501 8
502 1
503 2
504 8
505 6
506 7
507 3
508 2
509 1
510 8
511 7
512 1
513 2
514 8
515 5
516 3
517 2
518 3
519 3
520 1
521 3
522 8
523 2
524 7
525 2
526 3
527 2
528 5
529 3
530 2
531 6
532 5
533 2
534 1
535 8
536 2
537 6
538 3
539 2
540 2
541 8
542 2
543 8
544 2
545 3
546 4
547 7
548 2
549 5
550 5
551 3
552 2
553 1
554 6
555 5
556 2
557 1
558 8
559 3
560 1
561 4
562 6
563 2
564 3
565 8
566 4
567 2
568 4
569 2
570 2
571 3
572 2
573 7
574 2
575 4
576 2
577 8
578 2
579 2
580 3
581 8
582 2
583 2
584 4
585 3
586 1
587 1
588 1
589 5
590 6
591 7
592 4
593 1
594 3
595 8
596 5
597 3
598 2
599 3
600 7
601 6
602 8
603 4
604 2
605 2
606 2
607 2
608 1
609 6
610 5
611 5
612 2
613 1
614 7
615 2
616 6
617 1
618 3
619 4
620 5
621 3
622 3
623 2
624 2
625 1
626 3
627 8
628 6
629 6
630 2
631 8
632 5
633 2
634 3
635 2
636 4
637 4
638 4
639 2
640 6
641 3
642 2
643 5
644 1
645 5
646 8
647 3
648 2
649 2
650 3
651 1
652 6
653 4
654 6
655 7
656 1
657 2
658 5
659 3
660 5
661 6
662 2
663 2
664 5
665 4
666 8
667 4
668 6
669 3
670 6
671 2
672 4
673 3
674 7
675 1
676 2
677 2
678 2
679 2
680 3
681 2
682 4
683 1
684 3
685 1
686 1
687 3
688 8
689 4
690 4
691 2
692 3
693 5
694 4
695 3
696 5
697 1
698 5
699 6
700 4
701 1
702 2
703 3
704 2
705 3
706 2
707 3
708 4
709 3
710 6
711 3
712 2
713 1
714 1
715 4
716 2
717 2
718 2
719 5
720 3
721 5
722 1
723 4
724 8
725 3
726 2
727 3
728 2
729 4
730 8
731 4
732 4
733 4
734 3
735 5
736 5
737 2
738 2
739 2
740 2
741 7
742 2
743 5
744 6
745 1
746 2
747 2
748 2
749 4
750 3
751 7
752 1
753 2
754 1
755 4
756 3
757 2
758 3
759 3
760 4
761 5
762 5
763 2
764 4
765 8
766 6
767 7
768 6
769 4
770 8
771 2
772 7
773 1
774 2
775 4
776 4
777 6
778 6
779 2
780 5
781 1
782 3
783 7
784 1
785 4
786 3
787 1
788 5
789 2
790 3
791 6
792 5
793 3
794 6
795 2
796 2
797 2
798 6
799 4
800 2
801 4
802 2
803 8
804 5
805 2
806 2
807 4
808 7
809 4
810 1
811 4
812 1
813 2
814 4
815 3
816 6
817 1
818 7
819 2
820 5
821 4
822 2
823 2
824 3
825 3
826 3
827 2
828 1
829 2
830 2
831 4
832 5
833 3
834 3
835 8
836 3
837 2
838 5
839 5
840 8
841 7
842 2
843 4
844 3
845 2
846 2
847 2
848 6
849 3
850 2
851 8
852 3
853 2
854 3
855 1
856 3
857 5
858 1
859 4
860 2
861 5
862 4
863 3
864 3
865 1
866 6
867 5
868 1
869 4
870 3
871 7
872 7
873 3
874 7
875 2
876 5
877 2
878 2
879 3
880 2
881 2
882 2
883 3
884 6
885 2
886 2
887 2
888 1
889 3
890 4
891 2
892 4
893 2
894 3
895 4
896 3
897 3
898 3
899 4
900 2
901 1
902 2
903 2
904 1
905 1
906 3
907 5
908 8
909 1
910 4
911 5
912 6
913 2
914 4
915 1
916 2
917 6
918 3
919 2
920 4
921 2
922 2
923 4
924 4
925 1
926 2
927 2
928 5
929 2
930 6
931 8
932 5
933 6
934 3
935 4
936 1
937 2
938 2
939 2
940 1
941 4
942 2
943 2
944 3
945 3
946 2
947 2
948 2
949 8
950 8
951 6
952 5
953 8
954 6
955 6
956 6
957 2
958 3
959 2
960 3
961 2
962 2
963 4
964 5
965 8
966 5
967 1
968 4
969 4
970 4
971 2
972 5
973 2
974 2
975 7
976 2
977 2
978 4
979 4
980 4
981 2
982 3
983 2
984 2
985 2
986 1
987 1
988 2
989 1
990 2
991 7
992 2
993 8
994 7
995 4
996 2
997 3
998 3
999 6
1000 4