287171
1 7
2 0
3 0
4 4
5 6
6 8
7 3
8 0
9 0
10 0
11 0
12 1
13 0
14 0
15 0
16 5
17 0
18 0
19 0
20 0
21 0
22 0
23 0
24 2
25 0
26 0
27 0
28 0
29 0
30 0
1 1
2 2
3 2
4 4
5 5
6 1
7 2
8 3
9 1
10 7
11 6
12 3
13 1
14 3
15 1
16 8
17 5
18 5
19 2
20 3
21 1
22 3
23 2
24 2
25 5
26 1
27 5
28 3
29 5
30 4
31 8
32 3
33 5
34 2
35 1
36 6
37 4
38 6
39 1
40 2
41 4
42 5
43 3
44 3
45 2
46 1
47 1
48 2
49 7
50 4
51 1
52 3
53 2
54 2
55 4
56 3
57 3
58 3
59 4
60 7
61 4
62 1
63 1
64 1
65 4
66 1
67 7
68 2
69 8
70 1
71 4
72 2
73 2
74 8
75 5
76 5
77 8
78 2
79 3
80 2
81 2
82 3
83 3
84 1
85 7
86 2
87 6
88 2
89 2
90 2
91 4
92 1
93 1
94 3
95 4
96 3
97 1
98 6
99 2
100 2
101 4
102 3
103 2
104 4
105 2
106 7
107 4
108 5
109 7
110 6
111 3
112 2
113 2
114 8
115 2
116 3
117 5
118 3
119 1
120 1
121 1
122 7
123 5
124 5
125 1
126 5
127 5
128 2
129 1
130 7
131 2
132 2
133 2
134 4
135 4
136 6
137 2
138 2
139 4
140 1
141 3
142 4
143 5
144 7
145 2
146 2
147 1
148 1
149 7
150 2
151 2
152 3
153 7
154 5
155 1
156 5
157 1
158 1
159 1
160 7
161 7
162 3
163 1
164 3
165 4
166 2
167 2
168 2
169 2
170 3
171 3
172 1
173 6
174 3
175 6
176 7
177 1
178 5
179 1
180 5
181 8
182 5
183 1
184 1
185 1
186 1
187 2
188 1
189 2
190 3
191 4
192 4
193 1
194 6
195 3
196 5
197 4
198 1
199 1
200 7
201 1
202 7
203 3
204 7
205 3
206 1
207 2
208 4
209 7
210 8
211 2
212 1
213 4
214 3
215 3
216 1
217 1
218 3
219 1
220 3
221 3
222 3
223 4
224 7
225 4
226 1
227 3
228 2
229 3
230 1
231 2
232 4
233 4
234 2
235 1
236 5
237 1
238 2
239 2
240 2
241 8
242 3
243 3
244 1
245 2
246 4
247 1
248 2
249 1
250 1
251 5
252 2
253 2
254 7
255 4
256 4
257 2
258 3
259 1
260 2
261 1
262 2
263 3
264 3
265 2
266 3
267 1
268 6
269 3
270 5
271 2
272 3
273 4
274 3
275 1
276 6
277 2
278 1
279 4
280 1
281 2
282 3
283 1
284 5
285 1
286 6
287 4
288 1
289 6
290 2
291 3
292 6
293 3
294 5
295 4
296 4
297 8
298 2
299 4
300 2
301 1
302 3
303 1
304 3
305 4
306 1
307 1
308 1
309 2
310 2
311 4
312 1
313 4
314 2
315 2
316 1
317 8
318 3
319 3
320 3
321 5
322 3
323 4
324 2
325 2
326 2
327 2
328 1
329 3
330 3
331 4
332 1
333 1
334 6
335 3
336 6
337 2
338 1
339 4
340 1
341 4
342 1
343 2
344 4
345 6
346 1
347 2
348 8
349 6
350 4
351 1
352 1
353 2
354 2
355 3
356 1
357 1
358 8
359 1
360 1
361 2
362 2
363 5
364 1
365 1
366 1
367 2
368 3
369 2
370 1
371 1
372 7
373 7
374 4
375 3
376 6
377 7
378 5
379 2
380 8
381 2
382 2
383 8
384 2
385 1
386 2
387 6
388 2
389 4
390 6
391 2
392 1
393 8
394 5
395 5
396 6
397 7
398 5
399 7
400 2
401 3
402 5
403 2
404 1
405 6
406 7
407 5
408 2
409 2
410 8
411 5
412 7
413 2
414 6
415 8
416 1
417 2
418 3
419 1
420 1
421 5
422 2
423 1
424 5
425 4
426 1
427 7
428 2
429 1
430 1
431 5
432 5
433 6
434 3
435 5
436 6
437 3
438 2
439 5
440 2
441 4
442 1
443 2
444 5
445 1
446 1
447 4
448 3
449 8
450 3
451 6
452 3
453 6
454 1
455 1
456 6
457 3
458 2
459 2
460 1
461 2
462 2
463 1
464 8
465 1
466 2
467 4
468 1
469 7
470 8
471 7
472 5
473 6
474 1
475 7
476 8
477 1
478 2
479 1
480 2
481 4
482 8
483 6
484 4
485 1
486 6
487 2
488 5
489 1
490 2
491 3
492 4
493 2
494 2
495 4
496 1
497 2
498 1
499 2
500 2