232129
1 0
2 0
3 1
4 4
5 0
6 4
7 1
8 3
9 4
10 1
11 1
12 0
13 0
14 4
15 3
16 0
17 1
18 4
19 2
20 0
1 1
2 2
3 4
4 4
5 2
6 3
7 2
8 2
9 1
10 1
11 1
12 1
13 3
14 1
15 2
16 1
17 1
18 1
19 4
20 1
21 2
22 4
23 1
24 3
25 3
26 3
27 1
28 2
29 3
30 2
31 2
32 4
33 2
34 2
35 1
36 1
37 3
38 1
39 4
40 1
41 2
42 1
43 1
44 2
45 1
46 4
47 2
48 1
49 1
50 4
51 1
52 4
53 2
54 1
55 4
56 1
57 2
58 2
59 2
60 2
61 4
62 2
63 2
64 2
65 3
66 2
67 2
68 2
69 2
70 2
71 1
72 2
73 4
74 2
75 4
76 1
77 3
78 2
79 3
80 1
81 1
82 1
83 1
84 2
85 1
86 2
87 1
88 2
89 1
90 3
91 1
92 3
93 2
94 1
95 2
96 2
97 2
98 4
99 2
100 1
101 2
102 1
103 1
104 1
105 3
106 1
107 3
108 4
109 2
110 1
111 1
112 4
113 4
114 2
115 4
116 3
117 1
118 3
119 4
120 2
121 3
122 2
123 2
124 2
125 4
126 2
127 2
128 1
129 2
130 3
131 4
132 1
133 1
134 4
135 4
136 3
137 3
138 4
139 3
140 4
141 4
142 2
143 3
144 4
145 4
146 2
147 2
148 2
149 3
150 1
151 2
152 1
153 1
154 2
155 2
156 3
157 2
158 2
159 1
160 4
161 4
162 1
163 1
164 4
165 1
166 3
167 1
168 4
169 3
170 3
171 4
172 3
173 1
174 4
175 2
176 3
177 2
178 4
179 3
180 4
181 1
182 3
183 4
184 3
185 1
186 2
187 1
188 2
189 2
190 3
191 3
192 2
193 2
194 4
195 4
196 4
197 4
198 1
199 2
200 4
201 3
202 1
203 2
204 1
205 1
206 3
207 3
208 3
209 3
210 3
211 3
212 4
213 4
214 2
215 4
216 2
217 4
218 4
219 4
220 4
221 4
222 2
223 4
224 1
225 1
226 3
227 4
228 1
229 2
230 2
231 2
232 2
233 1
234 4
235 2
236 2
237 1
238 1
239 2
240 3
241 2
242 2
243 3
244 4
245 1
246 2
247 4
248 2
249 2
250 1