400793
1 4
2 5
3 1
4 0
5 2
6 0
7 6
8 0
9 0
10 0
11 0
12 0
13 8
14 0
15 5
16 1
17 0
18 0
19 2
20 0
21 0
22 7
23 0
24 6
25 0
26 0
27 3
28 0
29 0
30 0
1 1
2 3
3 3
4 4
5 4
6 6
7 1
8 1
9 5
10 5
11 2
12 6
13 5
14 6
15 5
16 2
17 4
18 3
19 5
20 2
21 3
22 8
23 5
24 3
25 2
26 4
27 2
28 4
29 7
30 1
31 6
32 5
33 1
34 3
35 2
36 3
37 3
38 1
39 3
40 7
41 8
42 2
43 7
44 4
45 6
46 3
47 8
48 4
49 3
50 7
51 4
52 3
53 2
54 6
55 2
56 8
57 1
58 2
59 4
60 5
61 3
62 2
63 1
64 1
65 7
66 6
67 5
68 4
69 6
70 1
71 8
72 3
73 1
74 6
75 4
76 7
77 2
78 3
79 6
80 3
81 3
82 1
83 1
84 2
85 8
86 2
87 4
88 1
89 2
90 1
91 7
92 3
93 3
94 4
95 3
96 1
97 1
98 5
99 3
100 2
101 4
102 3
103 6
104 7
105 5
106 5
107 1
108 8
109 5
110 4
111 1
112 2
113 3
114 3
115 3
116 6
117 4
118 8
119 2
120 1
121 2
122 2
123 1
124 3
125 4
126 3
127 2
128 4
129 1
130 5
131 3
132 5
133 6
134 5
135 4
136 5
137 3
138 6
139 6
140 6
141 2
142 1
143 7
144 2
145 2
146 1
147 4
148 2
149 2
150 4
151 2
152 5
153 4
154 6
155 2
156 6
157 6
158 4
159 2
160 2
161 1
162 2
163 5
164 3
165 1
166 1
167 1
168 2
169 2
170 2
171 4
172 6
173 6
174 2
175 2
176 6
177 8
178 2
179 4
180 4
181 3
182 2
183 2
184 8
185 2
186 4
187 1
188 2
189 2
190 5
191 1
192 3
193 1
194 2
195 2
196 7
197 2
198 8
199 4
200 2
201 2
202 1
203 5
204 5
205 3
206 4
207 4
208 6
209 1
210 4
211 8
212 2
213 1
214 1
215 5
216 4
217 2
218 4
219 3
220 3
221 1
222 3
223 1
224 2
225 1
226 2
227 6
228 3
229 6
230 2
231 3
232 6
233 1
234 2
235 3
236 7
237 4
238 4
239 2
240 3
241 3
242 4
243 1
244 1
245 1
246 3
247 7
248 4
249 3
250 1
251 4
252 3
253 5
254 1
255 6
256 3
257 8
258 5
259 3
260 2
261 1
262 2
263 4
264 4
265 5
266 2
267 7
268 2
269 7
270 8
271 2
272 5
273 2
274 2
275 3
276 3
277 3
278 8
279 4
280 5
281 3
282 1
283 1
284 2
285 8
286 2
287 3
288 3
289 8
290 2
291 6
292 8
293 6
294 1
295 2
296 2
297 5
298 8
299 4
300 3
301 2
302 6
303 1
304 1
305 5
306 6
307 1
308 3
309 2
310 6
311 2
312 2
313 1
314 2
315 4
316 4
317 4
318 2
319 6
320 2
321 4
322 4
323 4
324 4
325 8
326 5
327 5
328 2
329 2
330 6
331 2
332 7
333 2
334 7
335 2
336 8
337 1
338 1
339 3
340 3
341 2
342 3
343 3
344 6
345 1
346 3
347 2
348 1
349 3
350 1
351 4
352 3
353 2
354 4
355 1
356 2
357 2
358 1
359 4
360 2
361 2
362 7
363 4
364 1
365 1
366 2
367 3
368 2
369 3
370 5
371 2
372 8
373 2
374 4
375 2
376 2
377 3
378 5
379 3
380 5
381 3
382 1
383 4
384 2
385 8
386 3
387 6
388 3
389 2
390 3
391 1
392 8
393 4
394 8
395 2
396 2
397 6
398 8
399 2
400 3
401 4
402 1
403 4
404 2
405 2
406 6
407 7
408 7
409 8
410 4
411 2
412 1
413 1
414 4
415 3
416 3
417 2
418 1
419 2
420 4
421 4
422 6
423 4
424 3
425 5
426 3
427 5
428 6
429 1
430 2
431 4
432 4
433 2
434 1
435 4
436 2
437 7
438 4
439 2
440 6
441 3
442 7
443 5
444 1
445 8
446 4
447 2
448 6
449 6
450 7
451 7
452 2
453 7
454 6
455 3
456 4
457 5
458 6
459 5
460 5
461 1
462 1
463 3
464 2
465 2
466 3
467 1
468 8
469 2
470 3
471 2
472 2
473 2
474 3
475 5
476 1
477 1
478 3
479 4
480 6
481 2
482 1
483 2
484 1
485 5
486 8
487 2
488 1
489 2
490 3
491 2
492 1
493 3
494 2
495 5
496 5
497 2
498 3
499 4
500 2