1224115
1 6
2 0
3 0
4 9
5 5
6 0
7 0
8 2
9 7
10 10
11 0
12 1
13 0
14 1
15 9
16 0
17 8
18 1
19 0
20 0
21 8
22 12
23 8
24 3
25 1
26 4
27 5
28 8
29 0
30 11
1 10
2 5
3 2
4 1
5 4
6 1
7 1
8 11
9 1
10 7
11 11
12 1
13 2
14 8
15 2
16 2
17 2
18 2
19 4
20 7
21 7
22 6
23 4
24 4
25 10
26 1
27 7
28 7
29 9
30 12
31 3
32 5
33 2
34 2
35 3
36 1
37 3
38 1
39 5
40 2
41 8
42 2
43 3
44 3
45 5
46 8
47 5
48 3
49 1
50 1
51 7
52 1
53 9
54 5
55 7
56 2
57 1
58 9
59 4
60 1
61 1
62 2
63 4
64 10
65 2
66 3
67 1
68 5
69 4
70 1
71 9
72 7
73 5
74 12
75 10
76 8
77 4
78 4
79 2
80 2
81 2
82 1
83 1
84 5
85 1
86 1
87 6
88 1
89 7
90 8
91 1
92 8
93 4
94 6
95 8
96 2
97 10
98 1
99 6
100 1
101 7
102 6
103 2
104 5
105 6
106 6
107 5
108 2
109 1
110 3
111 5
112 1
113 2
114 9
115 1
116 2
117 6
118 2
119 1
120 2
121 6
122 5
123 1
124 7
125 12
126 3
127 1
128 10
129 9
130 2
131 1
132 7
133 1
134 2
135 2
136 3
137 3
138 5
139 1
140 4
141 1
142 1
143 3
144 11
145 2
146 1
147 12
148 6
149 4
150 1
151 2
152 8
153 1
154 4
155 1
156 1
157 7
158 1
159 1
160 4
161 1
162 1
163 11
164 1
165 6
166 4
167 1
168 1
169 1
170 6
171 9
172 1
173 4
174 1
175 11
176 1
177 4
178 3
179 1
180 3
181 1
182 5
183 1
184 2
185 6
186 5
187 1
188 5
189 7
190 2
191 6
192 4
193 2
194 12
195 2
196 3
197 1
198 7
199 5
200 7
201 2
202 1
203 5
204 1
205 4
206 2
207 1
208 8
209 5
210 1
211 3
212 1
213 6
214 2
215 3
216 1
217 1
218 4
219 8
220 7
221 1
222 4
223 2
224 8
225 1
226 4
227 8
228 5
229 6
230 4
231 1
232 1
233 1
234 8
235 5
236 1
237 1
238 2
239 2
240 8
241 3
242 9
243 2
244 3
245 2
246 1
247 1
248 12
249 10
250 1
251 1
252 5
253 2
254 1
255 10
256 9
257 7
258 1
259 1
260 1
261 6
262 2
263 3
264 2
265 1
266 6
267 6
268 1
269 4
270 2
271 5
272 8
273 1
274 2
275 4
276 2
277 4
278 2
279 1
280 1
281 5
282 3
283 2
284 1
285 1
286 1
287 2
288 11
289 2
290 7
291 12
292 1
293 1
294 1
295 11
296 1
297 1
298 1
299 4
300 2
301 1
302 7
303 5
304 4
305 8
306 1
307 6
308 4
309 10
310 9
311 3
312 7
313 1
314 3
315 1
316 8
317 10
318 1
319 1
320 5
321 1
322 8
323 9
324 3
325 2
326 8
327 6
328 1
329 7
330 4
331 2
332 1
333 2
334 2
335 5
336 4
337 6
338 3
339 4
340 4
341 7
342 5
343 3
344 5
345 12
346 4
347 4
348 3
349 4
350 1
351 1
352 2
353 7
354 6
355 3
356 8
357 6
358 6
359 3
360 3
361 4
362 1
363 1
364 1
365 6
366 3
367 1
368 4
369 2
370 3
371 1
372 7
373 3
374 5
375 10
376 1
377 2
378 1
379 1
380 3
381 7
382 9
383 8
384 10
385 8
386 4
387 4
388 1
389 8
390 3
391 1
392 5
393 2
394 1
395 3
396 2
397 3
398 10
399 10
400 4
401 2
402 8
403 2
404 8
405 1
406 7
407 1
408 5
409 1
410 10
411 9
412 3
413 2
414 6
415 2
416 9
417 6
418 9
419 4
420 2
421 1
422 3
423 2
424 11
425 7
426 5
427 4
428 4
429 11
430 8
431 4
432 2
433 10
434 1
435 11
436 2
437 2
438 2
439 3
440 2
441 1
442 1
443 6
444 1
445 2
446 1
447 3
448 6
449 5
450 1
451 2
452 1
453 1
454 1
455 7
456 5
457 5
458 3
459 7
460 2
461 6
462 1
463 6
464 5
465 1
466 8
467 4
468 2
469 9
470 3
471 2
472 10
473 2
474 1
475 1
476 1
477 1
478 1
479 1
480 8
481 1
482 3
483 1
484 9
485 3
486 2
487 8
488 3
489 1
490 7
491 2
492 1
493 2
494 2
495 1
496 1
497 4
498 1
499 2
500 1
501 1
502 1
503 1
504 2
505 2
506 2
507 2
508 8
509 2
510 2
511 2
512 8
513 7
514 6
515 8
516 5
517 1
518 1
519 5
520 4
521 2
522 1
523 5
524 1
525 4
526 12
527 2
528 6
529 9
530 6
531 9
532 2
533 5
534 7
535 2
536 9
537 1
538 9
539 4
540 5
541 8
542 3
543 4
544 1
545 6
546 1
547 6
548 6
549 2
550 4
551 1
552 2
553 10
554 5
555 2
556 1
557 4
558 5
559 9
560 4
561 2
562 2
563 4
564 4
565 2
566 6
567 1
568 8
569 2
570 9
571 1
572 6
573 11
574 4
575 1
576 5
577 6
578 6
579 1
580 4
581 1
582 5
583 1
584 1
585 11
586 5
587 3
588 8
589 1
590 5
591 9
592 1
593 1
594 1
595 12
596 1
597 2
598 6
599 1
600 1
601 1
602 9
603 3
604 2
605 3
606 1
607 5
608 6
609 1
610 1
611 8
612 1
613 6
614 1
615 1
616 1
617 4
618 1
619 7
620 4
621 1
622 7
623 2
624 10
625 1
626 5
627 4
628 2
629 4
630 1
631 6
632 4
633 1
634 3
635 1
636 3
637 10
638 1
639 1
640 7
641 5
642 1
643 1
644 1
645 4
646 2
647 6
648 1
649 3
650 1
651 4
652 4
653 7
654 3
655 2
656 3
657 8
658 5
659 5
660 5
661 11
662 1
663 2
664 6
665 1
666 2
667 2
668 1
669 2
670 2
671 1
672 6
673 1
674 5
675 6
676 2
677 11
678 12
679 2
680 12
681 2
682 9
683 4
684 7
685 4
686 5
687 2
688 4
689 5
690 3
691 10
692 8
693 3
694 3
695 8
696 3
697 4
698 1
699 1
700 4
701 7
702 7
703 6
704 1
705 8
706 2
707 10
708 3
709 1
710 5
711 3
712 8
713 5
714 2
715 10
716 1
717 1
718 3
719 9
720 3
721 5
722 10
723 12
724 6
725 2
726 2
727 6
728 12
729 4
730 4
731 1
732 6
733 6
734 5
735 2
736 1
737 7
738 1
739 8
740 1
741 2
742 3
743 1
744 3
745 6
746 1
747 11
748 10
749 5
750 1
751 1
752 5
753 10
754 2
755 4
756 4
757 7
758 1
759 1
760 10
761 10
762 4
763 2
764 4
765 8
766 4
767 12
768 11
769 10
770 1
771 3
772 5
773 1
774 12
775 3
776 2
777 2
778 10
779 1
780 2
781 5
782 2
783 6
784 8
785 2
786 8
787 1
788 2
789 1
790 8
791 3
792 10
793 8
794 1
795 2
796 1
797 1
798 3
799 11
800 2
801 4
802 1
803 1
804 5
805 2
806 1
807 1
808 5
809 4
810 8
811 1
812 1
813 1
814 3
815 12
816 2
817 12
818 9
819 1
820 12
821 7
822 1
823 4
824 7
825 1
826 5
827 1
828 11
829 3
830 3
831 8
832 1
833 1
834 9
835 1
836 1
837 9
838 1
839 11
840 6
841 5
842 12
843 6
844 5
845 9
846 4
847 2
848 4
849 9
850 1
851 4
852 4
853 3
854 1
855 1
856 2
857 11
858 4
859 11
860 8
861 3
862 3
863 5
864 1
865 2
866 1
867 1
868 12
869 7
870 3
871 5
872 1
873 1
874 6
875 12
876 3
877 6
878 6
879 5
880 5
881 8
882 5
883 7
884 6
885 1
886 7
887 7
888 4
889 2
890 6
891 1
892 5
893 3
894 1
895 1
896 2
897 3
898 7
899 1
900 10
901 3
902 2
903 9
904 1
905 4
906 2
907 2
908 1
909 7
910 4
911 2
912 1
913 4
914 3
915 4
916 1
917 1
918 3
919 7
920 4
921 1
922 2
923 1
924 7
925 3
926 3
927 5
928 2
929 2
930 2
931 6
932 9
933 9
934 1
935 4
936 8
937 1
938 1
939 4
940 11
941 8
942 5
943 1
944 2
945 1
946 2
947 3
948 1
949 2
950 1
951 1
952 1
953 2
954 5
955 3
956 2
957 3
958 6
959 2
960 1
961 2
962 7
963 2
964 5
965 3
966 9
967 4
968 1
969 12
970 5
971 1
972 6
973 4
974 1
975 5
976 9
977 2
978 3
979 2
980 11
981 1
982 6
983 4
984 6
985 5
986 1
987 5
988 1
989 3
990 1
991 7
992 2
993 10
994 1
995 2
996 1
997 4
998 9
999 7
1000 1