228604
1 0
2 0
3 0
4 6
5 0
6 0
7 3
8 0
9 0
10 0
11 0
12 0
13 0
14 0
15 0
16 0
17 4
18 2
19 0
20 0
21 0
22 10
23 0
24 5
25 0
26 0
27 1
28 9
29 0
30 0
31 0
32 0
33 0
34 0
35 0
36 0
37 0
38 0
39 0
40 8
41 0
42 7
43 0
44 0
45 0
46 0
47 11
48 0
49 12
50 0
1 4
2 4
3 6
4 3
5 3
6 2
7 1
8 9
9 11
10 6
11 7
12 5
13 4
14 1
15 4
16 1
17 1
18 2
19 2
20 2
21 2
22 6
23 1
24 11
25 10
26 8
27 7
28 1
29 3
30 1
31 1
32 4
33 1
34 7
35 8
36 7
37 7
38 1
39 2
40 7
41 1
42 1
43 2
44 5
45 7
46 12
47 6
48 12
49 1
50 5
51 12
52 3
53 1
54 7
55 8
56 10
57 2
58 12
59 1
60 1
61 2
62 11
63 3
64 1
65 2
66 5
67 3
68 3
69 2
70 7
71 3
72 9
73 10
74 2
75 1
76 1
77 4
78 5
79 5
80 7
81 10
82 6
83 11
84 9
85 2
86 2
87 4
88 11
89 4
90 4
91 2
92 11
93 4
94 1
95 7
96 2
97 8
98 12
99 1
100 8
101 4
102 1
103 1
104 3
105 3
106 5
107 4
108 1
109 1
110 1
111 3
112 2
113 7
114 8
115 7
116 1
117 2
118 2
119 5
120 1
121 1
122 1
123 4
124 2
125 6
126 4
127 5
128 2
129 1
130 2
131 5
132 1
133 7
134 1
135 2
136 12
137 6
138 6
139 1
140 8
141 1
142 9
143 8
144 1
145 12
146 9
147 5
148 4
149 2
150 2
151 2
152 6
153 3
154 3
155 3
156 1
157 5
158 6
159 2
160 1
161 5
162 2
163 6
164 6
165 1
166 6
167 2
168 1
169 2
170 1
171 1
172 9
173 4
174 1
175 1
176 3
177 2
178 1
179 1
180 2
181 3
182 5
183 2
184 4
185 1
186 1
187 2
188 1
189 12
190 8
191 1
192 2
193 1
194 2
195 3
196 1
197 1
198 9
199 2
200 1
201 2
202 2
203 1
204 2
205 2
206 1
207 5
208 8
209 1
210 6
211 1
212 1
213 3
214 7
215 1
216 2
217 4
218 1
219 6
220 10
221 4
222 2
223 4
224 3
225 3
226 2
227 3
228 4
229 4
230 1
231 7
232 1
233 12
234 1
235 1
236 1
237 1
238 7
239 8
240 10
241 1
242 11
243 4
244 6
245 10
246 2
247 1
248 1
249 7
250 1