271628
1 5
2 0
3 0
4 0
5 6
6 0
7 0
8 4
9 0
10 7
11 0
12 1
13 0
14 0
15 4
16 0
17 0
18 0
19 0
20 0
21 5
22 7
23 0
24 0
25 0
26 0
27 0
28 6
29 0
30 0
31 0
32 8
33 0
34 2
35 3
36 0
37 0
38 0
39 0
40 0
41 1
42 0
43 0
44 0
45 0
46 3
47 0
48 0
49 6
50 3
1 7
2 1
3 5
4 4
5 2
6 2
7 3
8 3
9 3
10 5
11 3
12 5
13 8
14 3
15 4
16 3
17 1
18 4
19 3
20 1
21 2
22 8
23 3
24 5
25 6
26 5
27 2
28 2
29 2
30 4
31 1
32 5
33 2
34 7
35 1
36 2
37 4
38 3
39 3
40 3
41 5
42 5
43 1
44 7
45 6
46 8
47 8
48 4
49 5
50 4
51 2
52 2
53 7
54 6
55 6
56 6
57 7
58 3
59 7
60 8
61 4
62 4
63 5
64 2
65 3
66 3
67 6
68 3
69 5
70 6
71 1
72 7
73 4
74 3
75 6
76 7
77 3
78 5
79 5
80 3
81 8
82 2
83 4
84 3
85 3
86 2
87 2
88 3
89 2
90 2
91 5
92 3
93 6
94 3
95 2
96 8
97 2
98 3
99 3
100 5
101 8
102 1
103 7
104 7
105 3
106 7
107 3
108 5
109 8
110 2
111 7
112 1
113 7
114 6
115 8
116 4
117 7
118 1
119 6
120 6
121 3
122 6
123 6
124 6
125 6
126 4
127 8
128 1
129 2
130 4
131 4
132 3
133 7
134 8
135 6
136 3
137 8
138 8
139 4
140 7
141 3
142 5
143 1
144 3
145 4
146 3
147 2
148 3
149 2
150 5
151 1
152 2
153 1
154 4
155 5
156 5
157 4
158 1
159 4
160 4
161 4
162 3
163 4
164 4
165 3
166 6
167 2
168 1
169 2
170 2
171 4
172 5
173 3
174 2
175 1
176 2
177 3
178 1
179 8
180 2
181 5
182 5
183 5
184 2
185 4
186 1
187 2
188 5
189 4
190 4
191 2
192 4
193 4
194 7
195 6
196 8
197 1
198 5
199 3
200 3
201 2
202 4
203 3
204 4
205 8
206 2
207 3
208 6
209 6
210 3
211 4
212 7
213 4
214 3
215 2
216 8
217 1
218 5
219 4
220 1
221 4
222 1
223 4
224 1
225 1
226 4
227 3
228 2
229 2
230 2
231 2
232 6
233 3
234 3
235 4
236 5
237 3
238 8
239 5
240 2
241 2
242 5
243 4
244 1
245 2
246 1
247 3
248 8
249 2
250 1