525009
1 0
2 0
3 6
4 0
5 0
6 0
7 0
8 0
9 0
10 0
11 0
12 5
13 8
14 0
15 0
16 0
17 7
18 0
19 0
20 0
21 1
22 0
23 3
24 4
25 2
26 0
27 0
28 0
29 0
30 0
1 5
2 8
3 4
4 2
5 2
6 4
7 2
8 4
9 2
10 4
11 2
12 4
13 2
14 2
15 3
16 2
17 2
18 2
19 6
20 3
21 7
22 3
23 3
24 5
25 8
26 2
27 2
28 2
29 3
30 4
31 2
32 3
33 2
34 4
35 3
36 2
37 7
38 4
39 2
40 3
41 5
42 2
43 4
44 6
45 2
46 7
47 2
48 7
49 2
50 6
51 2
52 6
53 1
54 2
55 7
56 2
57 2
58 7
59 2
60 4
61 1
62 2
63 3
64 5
65 6
66 7
67 2
68 8
69 3
70 4
71 4
72 4
73 1
74 7
75 1
76 2
77 5
78 6
79 4
80 4
81 4
82 7
83 6
84 2
85 2
86 5
87 4
88 1
89 5
90 8
91 5
92 3
93 1
94 5
95 1
96 5
97 6
98 2
99 2
100 1
101 5
102 5
103 6
104 2
105 4
106 4
107 3
108 2
109 6
110 5
111 3
112 3
113 1
114 5
115 2
116 8
117 3
118 3
119 2
120 6
121 4
122 2
123 8
124 1
125 7
126 7
127 1
128 8
129 4
130 4
131 3
132 2
133 6
134 2
135 2
136 3
137 3
138 5
139 4
140 1
141 1
142 3
143 4
144 4
145 2
146 2
147 7
148 3
149 1
150 1
151 5
152 3
153 3
154 2
155 6
156 4
157 4
158 4
159 7
160 1
161 5
162 5
163 5
164 2
165 6
166 2
167 2
168 1
169 1
170 3
171 2
172 5
173 3
174 2
175 2
176 4
177 8
178 3
179 1
180 2
181 2
182 7
183 3
184 2
185 5
186 2
187 3
188 1
189 3
190 8
191 2
192 8
193 2
194 2
195 3
196 2
197 5
198 8
199 4
200 2
201 2
202 3
203 2
204 2
205 5
206 3
207 4
208 1
209 2
210 2
211 8
212 6
213 2
214 2
215 5
216 3
217 4
218 2
219 1
220 3
221 3
222 1
223 2
224 2
225 3
226 2
227 2
228 2
229 7
230 2
231 5
232 2
233 6
234 5
235 2
236 5
237 7
238 6
239 2
240 1
241 2
242 5
243 1
244 2
245 6
246 2
247 2
248 2
249 1
250 2
251 4
252 1
253 1
254 2
255 4
256 2
257 3
258 1
259 4
260 5
261 1
262 2
263 2
264 6
265 2
266 2
267 7
268 1
269 2
270 3
271 3
272 8
273 2
274 2
275 5
276 2
277 5
278 8
279 2
280 3
281 2
282 4
283 2
284 2
285 2
286 2
287 6
288 3
289 2
290 2
291 2
292 2
293 3
294 1
295 8
296 8
297 2
298 1
299 5
300 6
301 2
302 3
303 2
304 5
305 8
306 7
307 1
308 5
309 2
310 6
311 5
312 2
313 2
314 2
315 8
316 1
317 3
318 2
319 2
320 2
321 2
322 2
323 7
324 4
325 8
326 3
327 2
328 1
329 1
330 2
331 2
332 6
333 3
334 1
335 2
336 5
337 2
338 6
339 6
340 2
341 2
342 3
343 2
344 2
345 4
346 1
347 2
348 7
349 2
350 6
351 2
352 2
353 2
354 2
355 2
356 2
357 4
358 2
359 2
360 1
361 2
362 3
363 8
364 1
365 4
366 2
367 4
368 2
369 8
370 4
371 3
372 2
373 3
374 5
375 2
376 3
377 3
378 2
379 2
380 8
381 3
382 5
383 2
384 2
385 2
386 1
387 4
388 5
389 7
390 4
391 3
392 3
393 6
394 2
395 2
396 2
397 4
398 6
399 7
400 8
401 7
402 1
403 3
404 3
405 5
406 2
407 2
408 2
409 3
410 8
411 4
412 1
413 2
414 2
415 6
416 3
417 3
418 6
419 2
420 4
421 7
422 4
423 8
424 2
425 3
426 6
427 2
428 3
429 3
430 2
431 1
432 8
433 5
434 4
435 2
436 3
437 2
438 1
439 2
440 2
441 3
442 2
443 2
444 2
445 6
446 4
447 3
448 8
449 2
450 2
451 1
452 2
453 6
454 2
455 2
456 3
457 1
458 2
459 1
460 4
461 2
462 4
463 4
464 3
465 6
466 6
467 4
468 2
469 5
470 4
471 4
472 2
473 6
474 2
475 2
476 8
477 3
478 6
479 3
480 2
481 1
482 3
483 4
484 5
485 6
486 4
487 1
488 2
489 6
490 1
491 3
492 1
493 8
494 2
495 8
496 3
497 2
498 6
499 1
500 4
501 7
502 5
503 1
504 2
505 1
506 2
507 1
508 8
509 2
510 1
511 2
512 3
513 2
514 2
515 3
516 1
517 3
518 5
519 2
520 2
521 5
522 7
523 6
524 2
525 6
526 7
527 2
528 3
529 2
530 7
531 3
532 2
533 4
534 3
535 3
536 4
537 3
538 3
539 2
540 4
541 6
542 2
543 7
544 2
545 4
546 2
547 1
548 4
549 8
550 2
551 4
552 3
553 1
554 2
555 6
556 3
557 6
558 7
559 2
560 2
561 2
562 1
563 2
564 2
565 2
566 5
567 2
568 2
569 4
570 4
571 2
572 2
573 7
574 1
575 2
576 3
577 8
578 7
579 6
580 4
581 6
582 2
583 3
584 3
585 7
586 3
587 2
588 2
589 2
590 5
591 3
592 4
593 6
594 5
595 7
596 6
597 5
598 2
599 6
600 5
601 1
602 3
603 4
604 3
605 6
606 4
607 4
608 8
609 2
610 4
611 4
612 5
613 5
614 6
615 8
616 4
617 3
618 2
619 8
620 5
621 4
622 8
623 3
624 2
625 7
626 2
627 6
628 2
629 1
630 2
631 1
632 2
633 2
634 7
635 3
636 5
637 2
638 2
639 1
640 1
641 8
642 3
643 2
644 5
645 3
646 4
647 3
648 2
649 2
650 3
651 5
652 2
653 2
654 6
655 1
656 6
657 6
658 2
659 6
660 2
661 2
662 2
663 2
664 7
665 8
666 8
667 4
668 3
669 2
670 1
671 7
672 2
673 2
674 3
675 5
676 3
677 2
678 2
679 7
680 5
681 1
682 5
683 3
684 2
685 7
686 5
687 4
688 2
689 2
690 2
691 2
692 1
693 2
694 6
695 4
696 1
697 2
698 2
699 6
700 8
701 2
702 7
703 4
704 1
705 2
706 3
707 2
708 2
709 3
710 4
711 8
712 4
713 2
714 2
715 4
716 3
717 2
718 6
719 2
720 2
721 2
722 2
723 2
724 7
725 1
726 2
727 4
728 4
729 3
730 7
731 4
732 6
733 2
734 2
735 5
736 2
737 4
738 4
739 2
740 3
741 7
742 2
743 2
744 7
745 5
746 2
747 6
748 6
749 2
750 5
751 5
752 5
753 2
754 5
755 8
756 2
757 2
758 7
759 2
760 2
761 2
762 2
763 1
764 7
765 5
766 2
767 7
768 5
769 8
770 2
771 6
772 3
773 2
774 2
775 2
776 3
777 2
778 4
779 2
780 2
781 8
782 5
783 1
784 2
785 2
786 3
787 2
788 2
789 2
790 4
791 4
792 1
793 2
794 1
795 4
796 5
797 2
798 4
799 2
800 3
801 7
802 4
803 5
804 2
805 4
806 3
807 2
808 1
809 7
810 1
811 8
812 3
813 2
814 2
815 6
816 2
817 2
818 2
819 2
820 4
821 6
822 2
823 6
824 3
825 1
826 3
827 7
828 3
829 3
830 2
831 4
832 2
833 1
834 6
835 7
836 2
837 2
838 8
839 2
840 2
841 4
842 2
843 3
844 3
845 5
846 5
847 4
848 2
849 4
850 4
851 6
852 5
853 3
854 2
855 2
856 2
857 2
858 2
859 2
860 3
861 1
862 3
863 2
864 3
865 2
866 6
867 8
868 1
869 5
870 2
871 6
872 2
873 5
874 3
875 2
876 5
877 2
878 1
879 4
880 2
881 2
882 2
883 1
884 2
885 7
886 2
887 1
888 2
889 2
890 4
891 2
892 1
893 2
894 2
895 2
896 5
897 5
898 4
899 4
900 2
901 2
902 2
903 2
904 6
905 2
906 3
907 2
908 5
909 2
910 4
911 1
912 2
913 2
914 3
915 4
916 5
917 2
918 5
919 4
920 1
921 2
922 4
923 2
924 1
925 1
926 3
927 5
928 3
929 5
930 7
931 4
932 2
933 2
934 2
935 7
936 2
937 6
938 7
939 3
940 6
941 3
942 2
943 2
944 8
945 7
946 2
947 3
948 2
949 3
950 5
951 1
952 6
953 2
954 4
955 2
956 1
957 2
958 7
959 8
960 1
961 1
962 8
963 2
964 4
965 8
966 3
967 2
968 2
969 5
970 3
971 5
972 2
973 2
974 2
975 4
976 5
977 6
978 2
979 5
980 7
981 3
982 7
983 2
984 7
985 3
986 4
987 1
988 3
989 7
990 4
991 4
992 3
993 2
994 5
995 2
996 4
997 1
998 2
999 4
1000 2