87633
1 0
2 0
3 3
4 0
5 0
6 2
7 4
8 0
9 0
10 0
11 0
12 0
13 0
14 0
15 0
16 0
17 0
18 1
19 0
20 0
1 2
2 1
3 1
4 3
5 2
6 2
7 3
8 3
9 1
10 3
11 2
12 1
13 2
14 1
15 1
16 4
17 1
18 1
19 1
20 4
21 1
22 3
23 3
24 1
25 4
26 2
27 1
28 3
29 3
30 4
31 2
32 4
33 3
34 2
35 1
36 2
37 1
38 3
39 3
40 1
41 4
42 1
43 2
44 4
45 1
46 1
47 1
48 4
49 2
50 3
51 4
52 1
53 1
54 2
55 2
56 3
57 2
58 3
59 2
60 1
61 2
62 1
63 4
64 4
65 1
66 1
67 2
68 1
69 4
70 4
71 1
72 3
73 1
74 3
75 4
76 2
77 3
78 2
79 3
80 1
81 1
82 1
83 1
84 1
85 1
86 1
87 4
88 2
89 2
90 4
91 1
92 2
93 2
94 4
95 4
96 2
97 1
98 2
99 2
100 2
101 3
102 4
103 4
104 2
105 2
106 2
107 1
108 4
109 1
110 3
111 1
112 1
113 2
114 2
115 4
116 4
117 3
118 4
119 3
120 1
121 4
122 1
123 3
124 4
125 3
126 4
127 2
128 1
129 2
130 1
131 1
132 2
133 1
134 2
135 3
136 1
137 2
138 3
139 4
140 1
141 2
142 4
143 4
144 1
145 4
146 3
147 4
148 1
149 4
150 1
151 3
152 1
153 1
154 1
155 1
156 4
157 2
158 1
159 4
160 3
161 2
162 4
163 3
164 4
165 2
166 3
167 1
168 4
169 1
170 3
171 2
172 4
173 2
174 2
175 1
176 2
177 2
178 4
179 3
180 1
181 2
182 1
183 4
184 3
185 1
186 1
187 1
188 2
189 2
190 1
191 1
192 2
193 2
194 4
195 2
196 1
197 4
198 3
199 1
200 1
201 3
202 1
203 3
204 1
205 1
206 3
207 4
208 4
209 2
210 2
211 3
212 1
213 1
214 4
215 2
216 1
217 4
218 1
219 1
220 3
221 2
222 2
223 4
224 3
225 4
226 4
227 2
228 3
229 1
230 1
231 2
232 1
233 1
234 2
235 2
236 2
237 1
238 2
239 3
240 3
241 2
242 4
243 2
244 1
245 1
246 4
247 1
248 1
249 1
250 1