161142
1 0
2 0
3 3
4 2
5 7
6 0
7 0
8 6
9 1
10 0
11 0
12 0
13 4
14 0
15 8
16 0
17 0
18 0
19 0
20 5
1 3
2 1
3 8
4 8
5 1
6 1
7 6
8 1
9 2
10 1
11 1
12 8
13 4
14 1
15 2
16 1
17 1
18 6
19 1
20 8
21 1
22 1
23 1
24 1
25 1
26 1
27 1
28 2
29 1
30 1
31 2
32 6
33 1
34 1
35 6
36 3
37 1
38 2
39 3
40 6
41 6
42 1
43 1
44 3
45 1
46 5
47 1
48 1
49 2
50 7
51 4
52 4
53 1
54 1
55 1
56 2
57 3
58 6
59 1
60 2
61 1
62 2
63 1
64 7
65 1
66 2
67 5
68 5
69 1
70 2
71 1
72 1
73 5
74 2
75 4
76 1
77 1
78 1
79 3
80 3
81 1
82 1
83 1
84 7
85 1
86 1
87 3
88 2
89 1
90 1
91 4
92 1
93 8
94 2
95 2
96 5
97 4
98 3
99 2
100 1
101 4
102 3
103 1
104 1
105 5
106 2
107 2
108 4
109 1
110 1
111 3
112 1
113 7
114 2
115 7
116 7
117 1
118 1
119 2
120 6
121 3
122 1
123 5
124 4
125 1
126 7
127 4
128 3
129 3
130 3
131 5
132 5
133 4
134 6
135 2
136 3
137 6
138 3
139 4
140 8
141 1
142 5
143 2
144 7
145 1
146 1
147 8
148 1
149 6
150 1
151 1
152 1
153 4
154 7
155 2
156 7
157 1
158 2
159 3
160 1
161 1
162 6
163 1
164 1
165 8
166 3
167 1
168 2
169 1
170 1
171 2
172 6
173 1
174 1
175 1
176 1
177 1
178 8
179 5
180 3
181 5
182 1
183 4
184 8
185 1
186 2
187 1
188 1
189 2
190 1
191 4
192 1
193 3
194 1
195 1
196 5
197 4
198 7
199 4
200 1
201 1
202 7
203 2
204 3
205 2
206 4
207 5
208 2
209 1
210 5
211 5
212 4
213 1
214 1
215 1
216 7
217 5
218 6
219 1
220 1
221 7
222 1
223 1
224 5
225 1
226 4
227 4
228 4
229 1
230 4
231 5
232 2
233 7
234 2
235 1
236 1
237 7
238 1
239 4
240 8
241 2
242 6
243 1
244 4
245 2
246 6
247 5
248 1
249 3
250 3