20 100 8
1 1 1 1 1 1 1 1
9 36 48 66 75 83 91 100
13243 12467 11701 10543 8830 7247 6413 5545
85 64 14 17 49 91 74 37
43 68 57 69 31 47 47 81
88 10 75 54 100 99 82 88
34 30 35 95 11 96 41 41
11 12 65 88 85 79 16 67
62 35 74 21 36 66 38 46
60 33 23 66 80 93 57 63
83 11 41 90 65 58 73 11
50 30 84 35 41 85 67 94
40 90 36 57 90 54 99 12
59 59 62 17 66 47 68 20
82 60 35 87 32 11 40 100
68 80 61 35 62 31 78 17
26 29 38 79 84 16 41 56
55 91 20 48 45 96 96 100
20 97 14 69 80 64 38 61
26 98 91 71 42 70 94 95
43 98 22 42 88 43 37 61
33 26 14 78 62 71 62 68
49 76 12 98 79 45 96 90
38 50 63 57 52 91 99 39
30 64 65 72 56 85 28 81
60 95 59 31 61 57 31 78
57 75 39 11 79 73 29 34
84 71 62 82 41 56 50 100
80 10 97 81 32 85 80 61
67 85 85 86 40 100 27 81
30 61 68 99 82 19 65 32
86 27 83 64 51 13 70 79
27 65 64 19 88 79 30 11
40 18 28 91 74 13 55 48
21 31 47 40 86 10 43 53
19 49 12 82 80 43 78 69
19 51 84 96 35 39 41 70
66 80 66 79 27 78 81 75
73 86 90 73 18 72 21 41
54 80 30 77 28 32 23 12
96 93 20 61 10 38 69 18
13 42 85 72 89 75 58 41
97 26 32 77 58 87 100 14
23 19 71 33 82 77 86 65
51 75 84 97 37 63 26 69
32 34 34 57 46 78 61 38
45 99 86 69 78 95 90 76
40 93 72 89 96 94 50 86
99 60 45 52 61 52 16 98
78 14 84 35 14 82 69 70
35 85 62 50 19 19 97 51
18 68 34 46 38 25 93 45
50 48 81 78 56 44 57 56
44 95 63 28 72 55 11 85
12 96 71 43 27 54 44 19
56 56 61 73 40 30 76 21
90 70 93 28 87 40 82 58
31 20 81 93 74 70 94 29
18 66 55 95 98 33 13 94
68 82 73 95 98 89 11 60
91 38 87 15 30 57 20 30
83 25 34 48 74 48 10 89
69 64 99 74 67 16 23 23
72 71 75 57 59 71 38 78
99 22 62 67 84 34 51 71
24 21 27 25 48 73 39 40
15 41 23 99 25 17 74 82
27 98 43 76 17 30 14 84
27 14 87 93 23 29 87 46
42 86 92 13 57 48 32 54
21 24 73 63 41 72 15 65
91 83 37 57 94 98 33 50
80 71 49 78 69 64 40 39
92 24 92 29 38 27 47 67
17 69 80 73 26 35 37 83
60 10 76 36 83 90 60 79
14 21 17 79 13 23 66 11
78 79 51 65 26 57 81 70
63 90 24 87 88 52 86 21
73 15 93 27 86 79 55 50
83 29 76 85 99 69 15 11
25 20 47 79 86 88 88 26
90 13 50 26 40 75 99 69
35 31 20 83 78 23 40 87
78 74 44 76 19 86 71 26
53 14 19 71 53 46 57 57
55 48 28 79 11 84 88 51
27 47 58 55 10 91 49 15
14 14 48 74 92 39 97 10
35 21 92 26 17 24 46 27
57 35 95 50 55 78 26 98
86 42 96 58 70 94 25 57
69 62 49 72 77 42 83 58
55 94 59 49 57 49 26 82
52 89 30 74 69 52 84 52
40 58 86 49 93 73 31 38
86 100 80 24 58 95 11 56
84 86 76 49 83 28 74 77
31 18 20 70 62 58 25 46
89 41 44 66 87 93 82 54
77 71 47 79 86 56 51 15
22 25 77 69 58 33 50 26
81 69 55 50 81 43 78 64
13444 11850 11307 9885 8221 8056 6238 4877
80 76 74 87 83 87 54 87
37 30 73 71 16 45 50 100
80 74 93 62 11 50 73 80
11 58 22 39 68 51 16 46
93 55 92 31 18 36 88 18
95 74 12 68 70 31 13 83
77 93 51 35 54 29 41 59
45 82 49 39 88 16 31 53
59 93 34 94 12 61 63 28
37 62 90 19 81 52 85 100
16 87 35 55 58 32 47 39
12 98 46 97 57 95 78 19
71 90 47 31 79 93 50 40
36 47 30 100 74 12 93 47
94 40 42 79 42 92 48 96
75 68 32 21 80 48 97 38
22 42 98 52 77 75 97 24
51 35 12 87 10 52 13 56
53 37 72 76 62 94 10 27
25 84 36 69 34 87 59 76
75 92 25 32 90 85 80 20
91 37 32 49 69 39 40 38
92 40 69 54 98 98 52 12
41 95 35 55 14 61 57 48
14 16 36 88 51 96 83 67
70 79 62 14 13 71 34 29
82 53 53 57 51 35 88 98
81 58 91 31 12 80 70 54
39 17 39 55 59 70 52 65
50 80 65 53 22 20 23 22
56 57 86 23 98 33 23 65
87 67 47 94 43 88 63 41
56 73 75 89 92 48 34 16
16 24 55 37 45 20 88 10
82 31 36 46 14 62 92 26
25 49 77 76 13 17 53 65
34 79 23 53 38 98 29 48
90 82 47 22 90 84 88 28
72 62 20 72 60 47 53 50
31 75 56 95 14 29 53 92
68 63 27 49 31 30 97 90
56 46 96 89 78 93 18 91
100 65 25 72 18 53 58 96
67 36 55 62 25 53 90 100
97 73 79 73 76 74 99 69
40 59 60 14 98 82 55 84
83 70 72 95 63 72 30 22
40 56 52 100 20 47 93 82
82 84 40 31 60 35 97 41
72 31 38 66 45 88 60 95
81 100 32 83 21 23 100 72
65 30 72 68 40 54 27 58
22 56 24 96 77 78 78 65
25 47 46 98 11 37 83 72
93 19 17 29 29 33 88 20
19 25 50 37 25 67 26 22
55 70 35 70 33 86 51 93
30 19 43 44 98 94 41 18
65 49 32 33 96 30 40 50
63 42 100 63 54 65 76 77
65 25 17 80 18 56 54 61
42 51 98 69 30 21 61 35
38 26 20 58 82 42 14 99
28 54 19 20 88 47 28 61
77 99 95 53 76 35 94 68
64 99 84 98 81 29 55 64
21 90 82 42 55 98 60 24
90 100 76 63 16 23 66 17
17 59 47 37 44 45 93 95
74 72 53 91 96 56 27 59
24 24 93 31 11 54 46 52
82 74 44 71 83 13 76 83
99 24 56 49 15 36 83 83
26 85 68 35 58 99 70 71
13 86 93 69 50 50 57 29
41 28 35 49 25 96 97 21
30 65 29 28 58 43 94 59
65 45 49 13 89 27 11 71
91 40 56 81 39 43 56 23
98 74 81 82 79 30 80 15
28 90 10 68 43 10 52 28
15 36 19 53 82 43 60 80
66 20 50 65 27 62 64 66
35 76 98 58 87 38 39 42
77 14 14 77 90 32 82 78
76 49 41 43 86 52 34 79
64 41 78 47 23 51 51 85
44 76 94 83 84 94 57 97
15 13 63 53 51 53 63 83
92 83 44 65 57 71 43 46
96 76 97 67 48 96 99 35
23 59 75 95 28 98 10 79
39 14 28 77 88 68 51 80
14 82 11 54 64 75 55 48
61 65 94 91 68 64 13 67
11 36 71 62 10 67 53 13
46 35 45 47 58 82 58 46
85 67 41 35 33 12 97 56
35 31 88 99 55 76 81 39
45 30 50 27 20 95 86 77
13264 11840 10349 9381 8050 7301 5911 5042
23 95 10 62 45 23 56 46
37 52 97 70 87 22 31 34
88 98 45 75 63 85 13 48
52 75 96 67 66 84 42 100
53 19 47 31 53 57 11 32
27 32 34 49 70 51 14 77
47 13 66 11 71 60 72 98
35 30 87 68 32 93 18 11
10 50 72 24 43 78 93 71
93 63 86 30 72 42 98 82
50 29 27 87 43 65 62 54
81 63 72 64 88 79 54 84
35 40 10 30 11 66 74 89
81 30 100 35 92 78 72 15
42 21 78 57 93 52 17 89
67 63 31 52 62 85 35 15
96 70 59 90 41 86 11 22
40 47 48 56 26 30 100 29
94 41 100 97 67 22 65 41
47 76 94 21 98 19 19 27
96 72 66 97 38 67 56 100
21 67 82 32 64 54 60 73
46 71 74 37 38 92 99 89
24 82 39 28 10 76 77 11
27 99 73 64 39 10 46 84
52 94 37 57 67 84 70 96
94 19 58 60 93 49 90 79
89 23 43 19 42 16 24 80
28 69 55 65 77 92 88 56
35 98 96 60 57 61 80 50
10 39 69 64 74 27 98 58
97 83 37 72 24 19 47 62
77 75 95 51 22 99 56 46
65 19 13 22 73 80 68 77
76 81 72 32 52 40 59 93
29 87 58 55 25 69 36 91
21 58 77 82 72 74 52 36
26 68 47 56 71 54 76 63
50 15 74 31 40 12 79 99
39 98 57 13 99 22 24 52
11 78 31 21 78 11 11 30
45 86 73 97 12 71 61 44
89 33 90 54 23 33 43 12
39 93 53 82 50 36 45 100
76 87 56 98 26 50 88 96
17 36 50 15 99 12 66 96
45 57 57 32 80 62 21 41
75 91 75 50 67 61 28 74
70 20 10 84 70 52 76 78
96 100 62 73 65 87 88 59
91 99 48 90 70 44 93 23
27 36 31 33 86 81 47 40
27 80 82 13 55 26 88 66
38 69 22 40 94 73 27 28
87 11 10 87 79 70 89 84
78 53 38 55 77 16 79 45
57 15 86 86 14 70 47 47
15 83 49 56 66 37 53 84
25 60 33 70 37 94 46 66
75 33 95 83 23 72 75 12
27 41 90 70 71 64 10 63
52 29 29 40 68 22 88 24
54 20 91 53 35 23 56 75
64 54 62 25 87 57 45 38
83 40 82 65 24 30 29 81
100 85 97 47 37 63 83 80
56 71 94 36 31 30 99 79
98 93 20 25 99 22 68 90
54 29 63 62 71 78 83 86
10 79 40 21 93 44 77 50
52 50 41 49 35 42 59 11
32 44 13 10 94 53 90 38
77 27 53 79 51 42 81 56
61 58 25 51 32 15 92 99
24 39 71 29 87 90 60 71
25 95 82 94 33 58 80 87
67 17 17 56 82 68 18 41
10 61 97 14 13 72 66 22
31 43 12 31 43 31 27 65
69 49 23 42 99 38 79 19
14 78 45 95 39 99 33 11
12 31 51 16 55 21 41 14
76 75 67 48 30 83 29 85
84 11 97 65 12 30 98 43
86 10 35 22 38 79 88 88
21 65 25 23 16 62 44 16
47 74 49 89 95 23 67 100
94 76 31 43 13 60 26 32
23 32 75 65 64 59 100 28
82 25 81 100 37 98 64 33
40 85 65 26 63 15 27 13
43 91 58 41 40 44 71 64
68 94 88 84 17 74 61 95
78 27 22 29 12 50 86 87
43 98 93 72 97 34 75 82
78 60 90 98 37 45 50 82
43 22 28 96 45 16 55 90
22 40 16 80 93 79 33 38
38 12 64 69 86 11 67 11
31 38 29 34 34 21 18 58
12733 11544 11001 9906 9078 7941 7206 4883
44 85 33 46 92 22 67 18
41 22 95 64 30 76 49 44
89 61 22 20 65 57 66 26
52 52 24 41 88 52 49 16
30 85 45 30 87 38 61 70
24 90 87 54 21 69 31 65
75 57 10 46 43 21 41 17
45 67 74 78 42 61 99 79
63 61 87 43 48 36 26 50
45 22 88 76 10 25 86 55
70 20 79 53 90 32 73 75
100 53 86 77 76 56 72 17
54 41 89 78 89 63 65 86
90 74 40 58 52 57 96 84
53 16 30 11 41 36 53 66
31 25 29 98 97 90 74 80
85 82 64 21 35 73 29 21
79 22 45 62 48 68 70 24
98 49 11 68 14 44 43 19
96 70 11 17 86 67 49 86
49 81 31 84 84 49 91 81
70 65 59 23 66 18 16 52
100 15 26 36 31 58 88 11
83 19 56 36 47 91 17 35
97 48 11 49 75 85 86 34
99 19 65 86 75 95 87 88
27 85 90 93 36 33 62 58
67 79 45 52 83 16 65 50
31 21 51 63 79 99 27 35
15 16 20 45 66 15 77 18
25 33 35 19 72 48 16 26
55 56 42 35 62 10 70 34
28 94 12 51 58 37 92 36
54 71 93 49 47 40 10 61
83 29 84 40 84 23 74 15
79 95 94 55 85 62 54 43
64 53 52 58 54 80 81 37
65 98 33 53 88 13 59 81
81 40 48 81 89 84 34 48
92 79 90 61 20 99 92 87
62 89 29 93 55 51 21 73
34 31 55 100 17 86 26 76
74 32 45 24 26 15 38 81
65 39 46 34 17 30 24 25
75 41 91 28 35 76 22 98
91 39 41 59 53 20 67 21
93 21 74 28 31 35 82 75
72 93 70 14 14 96 83 94
59 52 29 35 98 38 95 84
88 92 65 79 69 34 12 98
90 98 26 64 58 70 61 11
82 82 58 66 88 66 51 39
31 46 38 80 93 100 52 16
20 66 70 91 85 42 55 13
80 75 47 85 48 31 30 42
69 25 81 77 99 96 56 31
90 55 59 39 10 91 49 36
26 62 44 76 34 16 36 73
98 71 47 67 35 66 48 83
68 95 97 77 43 92 95 76
59 49 61 60 70 35 31 44
88 20 19 100 47 26 44 72
24 32 61 52 14 31 16 23
79 71 86 81 29 62 39 53
75 19 65 84 97 34 66 14
27 53 84 35 47 14 14 86
96 92 39 23 95 67 35 50
83 60 90 86 53 50 18 14
87 30 69 61 71 65 43 71
96 40 17 35 76 100 11 95
67 39 46 10 50 96 92 83
44 72 44 68 30 77 89 87
60 36 50 81 41 84 94 78
74 84 66 33 19 80 69 36
31 95 69 67 63 85 66 50
20 49 24 93 43 76 77 48
48 24 59 63 100 60 52 45
47 29 18 90 46 39 81 50
70 32 72 100 48 96 58 93
89 16 95 39 90 35 68 33
87 80 54 74 60 22 14 45
77 55 10 83 83 89 100 48
13 38 91 98 28 51 11 97
85 28 83 55 80 80 32 44
11 70 68 44 85 47 92 29
45 19 58 17 61 79 35 64
51 51 43 50 16 88 23 84
40 25 24 99 42 64 64 18
78 52 42 53 94 98 48 55
87 64 39 83 92 42 16 23
59 38 95 100 62 61 77 70
18 15 42 55 91 38 50 29
59 65 19 23 46 23 38 82
85 37 58 52 44 63 67 92
72 26 36 44 38 63 84 65
99 60 99 77 40 69 33 33
83 35 73 40 51 51 47 10
32 14 37 55 16 83 27 86
11 14 59 44 31 82 24 100
34 49 51 21 98 95 38 23
13130 12771 11668 9789 8830 8479 6084 5836
59 60 75 42 54 19 57 80
53 23 40 76 74 16 20 24
57 53 49 76 88 88 25 96
40 73 23 85 27 31 33 49
74 83 58 17 52 40 85 55
43 79 75 81 11 44 45 36
90 73 34 78 74 95 68 44
35 86 26 77 68 94 24 51
72 40 53 90 31 39 57 65
97 28 64 46 34 57 25 59
18 78 15 48 53 55 21 64
53 37 28 99 97 71 87 22
18 86 68 24 31 22 36 59
62 30 55 45 14 29 28 90
38 23 96 40 34 61 45 82
58 74 15 42 17 19 92 55
92 91 19 13 69 73 55 73
97 93 30 48 10 88 38 54
85 61 52 11 42 31 91 26
83 64 10 67 67 78 19 35
19 57 38 100 72 56 96 83
74 31 76 46 97 36 45 22
16 19 20 68 28 39 68 34
64 33 25 54 89 49 35 36
50 73 91 81 96 45 62 28
17 68 77 61 58 93 35 52
43 98 55 71 32 93 47 76
92 93 45 45 89 68 45 36
20 75 59 76 11 51 29 36
88 63 75 100 47 48 17 46
60 92 95 98 46 87 77 94
16 60 66 48 39 10 67 54
27 11 89 17 37 46 79 93
49 25 55 35 28 91 17 28
95 37 32 42 68 48 47 91
15 100 74 100 82 73 71 36
87 78 29 10 14 66 56 68
38 42 59 31 73 95 20 63
32 81 89 32 17 46 31 70
95 53 41 38 12 28 91 63
24 19 67 37 59 54 61 32
20 23 93 92 70 94 93 18
13 93 15 86 95 19 77 28
82 40 82 21 73 71 40 59
68 40 92 33 32 10 29 29
71 17 27 42 49 85 67 17
69 100 89 34 38 70 64 27
61 89 65 57 31 44 68 30
88 41 18 38 87 20 39 62
19 35 13 98 52 56 32 24
34 72 20 13 94 17 99 77
71 32 68 63 56 32 76 27
30 58 20 96 10 71 27 82
13 38 39 94 84 19 82 78
88 42 56 65 31 11 20 52
85 86 19 96 100 42 40 97
66 28 15 92 55 45 33 70
11 96 12 21 74 91 75 37
96 66 26 95 77 35 20 80
56 59 46 51 59 33 46 60
87 57 52 17 90 24 97 71
21 26 95 20 79 15 20 75
41 17 40 52 14 52 23 60
73 78 40 59 78 54 38 88
21 39 47 84 58 78 52 98
94 77 75 26 16 37 69 75
52 26 66 70 14 64 64 30
44 38 38 16 49 38 46 86
67 69 70 98 10 59 75 35
37 72 63 12 34 11 28 53
54 58 95 95 67 58 89 90
55 62 21 99 19 39 26 98
67 18 12 60 69 54 84 77
98 21 47 73 69 33 84 68
11 50 26 91 39 84 70 52
45 80 17 90 15 36 91 47
50 41 49 12 41 74 46 21
11 53 94 44 72 66 61 89
65 86 11 66 86 24 63 73
69 43 12 61 100 18 34 62
10 95 71 18 59 28 59 88
80 97 92 57 52 69 26 29
50 38 26 72 34 14 70 19
15 93 35 54 84 34 42 54
77 28 37 47 28 53 48 100
29 12 23 85 13 15 20 94
87 61 27 73 35 16 45 54
86 11 28 13 80 61 25 96
69 94 95 14 81 73 76 39
42 93 96 30 58 41 14 22
55 59 51 49 91 10 82 84
58 91 71 48 82 78 59 75
93 62 87 63 35 36 41 95
42 34 90 13 46 13 13 24
20 10 75 76 60 39 97 62
16 27 62 37 59 82 37 60
59 35 53 45 27 80 53 40
28 20 51 16 82 16 76 52
69 65 43 63 15 19 35 99
13 84 23 23 64 28 63 50
12763 11672 11188 9745 8275 7865 7002 5283
75 98 22 100 33 22 82 26
27 60 74 72 85 36 58 51
99 79 99 39 41 84 92 77
100 70 84 95 53 55 44 34
39 10 10 28 90 46 80 14
28 97 25 48 84 18 75 99
84 29 96 76 87 22 48 51
80 61 96 77 89 42 15 71
37 63 27 47 86 16 93 18
22 48 31 59 21 51 40 23
55 98 63 99 32 42 47 49
50 99 81 84 76 36 19 91
40 46 49 60 20 79 88 55
11 82 78 29 48 100 20 86
15 83 71 28 39 100 28 20
34 95 39 83 66 35 13 75
95 59 74 100 19 39 86 60
77 65 25 74 48 57 70 12
84 50 86 14 67 66 23 31
84 57 70 69 19 75 93 63
28 13 90 22 34 33 72 58
80 56 44 15 24 34 16 70
25 14 83 62 91 46 91 72
22 16 64 70 61 11 26 73
47 55 65 72 31 85 83 42
89 47 18 90 66 88 40 83
45 15 43 97 56 14 63 42
42 95 55 98 23 19 21 25
66 46 37 100 62 45 82 77
88 19 35 80 35 87 76 46
79 90 65 33 83 27 24 53
20 47 44 32 10 30 73 29
31 62 21 31 32 87 18 73
53 20 13 40 95 88 39 53
31 81 95 13 13 77 54 50
66 66 31 25 18 48 91 95
83 93 53 81 49 25 46 90
70 88 54 50 97 26 17 54
23 59 100 88 35 88 15 11
98 86 16 94 31 62 97 79
48 66 98 27 93 92 94 87
95 94 74 49 91 22 70 54
34 15 80 67 48 38 78 100
20 52 69 99 38 42 83 39
20 47 51 65 55 89 33 76
76 98 33 60 57 39 50 66
65 11 12 88 92 68 84 75
70 71 34 71 48 39 53 68
69 55 24 95 50 96 43 92
84 80 92 51 18 16 59 81
85 65 60 98 92 61 37 96
78 93 90 20 39 56 12 67
23 97 30 12 84 49 31 81
21 20 27 89 57 30 47 53
34 71 32 41 99 38 10 59
77 36 77 60 15 93 32 88
90 95 93 76 95 27 93 66
46 32 16 73 20 83 38 84
78 16 25 86 61 30 50 89
15 82 47 67 10 31 59 90
11 63 26 94 52 13 54 87
50 63 98 51 38 32 95 28
28 81 43 96 83 56 69 94
21 62 66 83 91 18 61 64
69 57 34 90 17 70 78 70
88 61 84 89 32 11 96 43
81 71 95 20 34 43 98 94
98 41 29 38 47 22 33 76
38 36 73 65 87 14 99 20
36 70 24 30 39 37 49 67
94 79 40 40 35 18 61 69
66 62 54 45 42 94 40 36
70 79 44 19 70 68 23 82
75 11 75 14 87 80 18 67
75 11 46 57 67 84 52 96
59 43 29 61 74 83 22 82
25 20 64 70 59 57 34 79
58 78 92 17 71 32 35 88
32 33 42 89 100 68 76 29
96 14 65 97 86 78 21 80
74 38 41 57 93 21 17 90
58 73 49 20 77 75 49 58
30 93 13 29 73 90 37 84
45 83 71 76 97 85 75 45
11 36 13 65 71 96 62 50
14 29 100 86 36 22 19 89
44 94 78 59 13 64 91 59
27 10 92 22 18 64 28 39
19 15 70 70 88 32 23 45
42 38 44 49 10 46 59 64
96 100 53 35 52 84 78 48
32 55 96 52 92 92 21 34
23 52 74 43 29 75 21 57
30 37 52 57 47 26 83 35
63 50 51 33 82 49 99 47
27 85 39 82 90 63 88 66
41 17 26 98 61 38 68 62
49 38 91 32 53 96 89 67
45 96 54 49 52 82 61 44
100 33 77 14 21 88 54 72
13383 11668 11453 9699 8312 7845 6659 5191
78 13 99 25 86 93 31 96
66 42 92 24 18 22 20 55
93 68 62 32 45 41 32 13
69 29 15 37 30 18 70 35
10 22 48 99 86 46 100 98
43 56 33 13 29 98 57 90
53 63 13 38 87 18 62 19
56 70 94 19 88 97 49 48
92 95 72 63 67 87 43 73
36 30 64 25 56 20 37 64
39 40 94 37 27 73 57 66
31 91 50 95 83 38 18 26
40 39 44 42 82 17 44 73
83 27 13 75 68 66 42 77
34 64 31 41 46 19 63 10
85 27 53 100 92 97 10 62
31 41 22 43 64 22 60 100
18 55 84 83 54 47 95 28
76 68 97 12 48 66 81 12
88 67 35 73 94 52 65 59
61 90 87 10 30 16 54 50
91 75 30 10 13 78 17 83
72 51 18 21 94 94 70 16
22 68 59 16 82 12 67 50
28 79 53 30 77 72 41 80
99 55 50 17 81 11 14 41
11 88 10 78 40 57 59 89
16 24 16 46 26 61 34 84
12 78 62 37 85 45 58 11
29 98 47 56 23 58 52 99
13 35 26 11 86 80 93 12
59 97 31 95 34 97 81 15
63 41 80 93 82 72 27 48
24 77 30 38 82 77 30 57
22 78 14 23 65 88 35 71
32 98 99 95 44 20 78 69
52 39 82 42 87 73 40 18
23 66 44 64 17 37 37 68
61 96 97 34 42 49 84 51
87 18 16 10 53 74 16 23
100 99 65 82 48 35 89 43
19 91 18 98 78 75 16 62
53 43 47 51 26 79 59 64
94 95 49 52 22 69 18 73
32 18 90 55 80 23 94 60
64 60 99 39 83 28 52 73
34 97 45 63 62 34 60 22
77 71 98 72 25 95 33 73
60 59 39 92 73 93 75 60
70 61 72 32 67 55 52 45
86 15 44 82 76 90 42 69
66 95 71 25 63 27 33 28
63 73 24 52 83 91 23 47
97 43 92 73 61 74 20 45
51 77 59 68 82 72 96 45
90 100 55 71 84 48 32 50
16 94 32 59 52 28 59 52
89 10 18 45 44 89 18 38
17 24 73 58 51 70 78 67
84 25 85 83 56 26 22 75
65 59 99 87 30 36 72 94
37 77 85 51 87 59 67 93
46 26 68 19 39 57 89 66
43 31 32 82 58 42 60 53
100 24 82 49 39 90 39 10
87 90 49 50 100 50 96 16
60 42 33 79 82 39 17 62
94 10 22 16 69 34 30 73
66 40 41 13 18 89 98 85
45 97 93 32 65 80 57 43
87 23 13 81 52 20 81 79
18 94 22 70 75 41 34 99
19 35 51 85 23 71 62 35
78 17 57 85 13 75 24 26
40 38 62 92 64 21 67 61
70 42 80 65 22 84 93 19
49 71 99 75 23 84 15 16
47 53 14 18 48 87 49 82
76 85 29 54 77 93 32 90
27 29 37 58 21 43 88 100
94 71 41 12 17 22 87 76
82 84 50 72 56 58 84 12
13 79 79 21 26 44 41 74
97 11 31 12 99 41 79 53
36 41 12 86 13 30 41 84
50 50 91 65 39 66 15 95
82 41 73 81 39 98 70 32
73 19 14 38 17 13 99 51
40 28 36 99 10 16 45 68
48 32 36 54 42 75 12 89
81 46 31 95 83 91 98 23
63 79 63 29 68 47 60 85
15 49 19 60 78 59 43 47
48 84 79 87 22 11 60 44
100 38 16 81 97 45 56 29
78 51 21 29 16 39 47 27
95 54 33 69 72 99 42 11
43 79 48 87 64 81 93 30
39 88 88 77 24 65 71 55
52 89 70 99 10 12 96 51
13951 12602 11477 10014 8205 7868 6708 5918
11 74 28 98 10 29 58 19
71 35 53 70 90 89 49 90
96 69 35 61 59 43 32 34
83 29 56 65 97 43 59 18
90 66 57 17 12 56 37 16
72 32 67 87 73 74 69 25
68 92 86 60 66 39 48 93
95 23 46 42 30 14 97 87
66 16 28 13 10 77 39 47
20 94 58 74 10 54 58 57
38 31 81 87 13 32 89 99
24 62 86 39 80 99 46 33
26 84 93 53 91 64 89 56
56 96 49 45 31 29 65 70
74 96 73 11 86 45 100 15
41 45 17 94 39 23 44 70
79 34 30 58 49 90 98 52
92 57 24 71 77 60 88 56
33 94 86 19 90 84 56 77
48 62 84 64 76 42 11 79
97 43 63 55 79 60 17 56
54 100 14 14 32 44 37 22
53 14 47 37 67 75 84 55
80 32 59 63 91 57 72 84
81 66 12 97 91 93 54 30
33 42 56 15 93 17 84 70
88 49 52 39 81 80 60 42
65 61 16 26 97 27 89 32
90 91 39 88 23 96 12 57
66 38 79 68 59 83 89 11
94 21 61 58 57 66 68 25
52 20 18 19 60 96 97 30
52 37 69 11 69 51 65 46
72 25 89 32 31 31 95 23
47 30 48 50 16 10 36 31
68 31 61 28 85 72 82 39
63 35 81 46 28 87 41 84
91 95 30 60 28 59 17 86
61 50 76 72 88 36 37 94
24 88 10 73 28 73 24 27
15 41 64 47 48 81 42 46
79 46 79 22 41 52 13 55
26 66 65 80 87 41 17 95
75 39 76 48 65 14 87 28
88 34 33 45 14 32 31 21
88 78 65 22 54 49 75 70
27 78 13 75 17 94 74 45
100 54 83 32 84 89 59 41
37 98 66 88 52 97 63 26
51 34 80 46 25 82 99 11
90 44 100 31 15 16 52 68
93 42 94 69 47 28 62 29
86 10 86 89 52 77 86 64
57 33 79 83 83 28 14 19
90 23 43 38 78 17 64 100
38 92 56 21 95 30 96 51
74 19 37 95 78 32 52 55
89 29 53 43 20 77 26 55
97 69 38 46 51 47 69 31
87 100 87 32 52 13 65 17
62 84 50 27 48 31 88 41
65 17 72 44 55 67 61 13
49 25 42 72 54 54 66 85
58 15 44 56 22 91 85 22
88 64 17 79 24 62 98 11
83 13 41 53 51 47 20 97
31 15 68 14 53 79 33 66
80 52 14 42 83 41 86 55
76 53 55 98 11 66 17 48
79 68 97 15 81 68 36 36
91 10 21 32 88 77 14 57
24 83 37 81 68 65 71 61
25 38 85 85 50 73 44 35
89 90 10 56 37 19 13 44
28 35 92 42 84 75 86 25
70 63 69 77 64 43 22 25
83 56 21 51 90 59 88 80
15 71 59 83 44 45 91 40
54 12 37 14 15 42 36 50
66 21 29 27 98 39 47 59
59 45 89 89 71 13 18 55
14 98 71 83 66 37 13 22
51 62 72 57 93 62 72 23
58 84 96 44 27 22 23 87
70 34 66 41 56 86 61 10
17 89 46 57 56 54 39 32
31 82 47 95 56 51 87 73
87 94 56 50 30 70 98 18
95 54 94 82 61 16 30 51
74 12 20 11 65 82 30 89
88 69 14 10 70 64 41 69
24 25 74 23 93 28 44 56
52 37 53 13 90 94 27 39
60 42 85 18 25 63 20 30
58 77 39 40 47 22 100 54
41 48 60 78 98 76 94 88
65 62 56 66 52 70 59 61
76 16 74 17 15 94 53 15
97 100 52 34 73 10 42 23
69 71 34 81 79 68 16 69
13065 11669 11333 9778 8928 6746 6047 5491
72 62 95 43 16 70 90 93
93 60 20 80 65 40 27 21
67 60 49 80 73 16 60 28
35 88 78 85 68 80 88 12
66 26 43 18 29 36 42 55
50 44 47 15 96 54 27 56
73 67 72 66 53 37 85 54
28 46 22 33 44 42 90 27
35 94 65 86 42 33 87 35
90 53 92 28 50 83 54 28
46 95 14 37 66 39 54 76
28 43 81 75 47 71 24 33
60 62 83 93 18 17 50 14
21 80 25 50 93 80 42 45
99 84 13 80 63 77 97 84
48 73 46 22 28 61 81 66
63 27 95 14 29 84 93 32
19 42 13 40 54 76 97 76
69 54 76 38 28 64 74 65
61 48 66 33 24 84 93 54
14 18 48 60 47 54 20 68
25 95 57 30 90 28 22 99
80 88 50 84 93 57 60 40
51 21 36 58 92 74 85 26
86 28 92 43 22 30 93 39
48 16 82 97 79 100 85 37
39 33 10 93 70 47 69 31
45 51 38 28 18 48 80 64
20 58 60 94 69 99 17 50
15 85 45 85 37 90 47 34
19 38 90 97 28 82 58 50
82 69 31 31 11 21 24 13
40 47 97 55 16 88 30 32
83 89 20 18 65 60 52 54
33 70 12 11 42 54 53 79
34 94 33 67 68 69 11 57
71 84 80 96 32 86 50 70
36 34 100 45 30 23 61 29
34 84 51 21 71 34 67 68
93 88 68 99 39 16 79 60
73 13 55 34 88 76 23 81
73 63 24 64 37 24 57 36
22 39 82 46 47 64 31 33
81 100 12 60 50 85 38 59
29 72 58 12 50 92 24 20
14 79 38 64 56 66 34 97
80 60 17 33 21 64 91 35
31 51 42 95 18 56 14 13
99 99 25 34 80 44 97 45
89 81 96 35 32 94 88 16
86 96 53 67 94 21 62 87
41 64 28 16 55 22 58 57
80 36 59 63 45 83 18 48
92 11 13 99 41 85 54 71
15 57 94 17 24 64 54 25
60 46 32 86 74 61 100 38
100 49 94 36 66 34 16 24
11 35 17 16 34 50 100 28
97 67 62 46 31 46 29 49
43 83 82 65 28 50 63 22
95 75 48 20 94 52 32 30
26 75 14 13 64 68 33 64
15 37 93 88 12 36 62 47
49 65 44 89 28 89 35 57
34 46 29 78 93 15 97 32
21 92 12 100 76 25 99 65
59 57 12 36 97 55 42 55
92 77 69 20 72 78 16 85
75 81 46 64 50 21 61 62
32 54 76 72 92 29 68 68
96 27 18 61 84 83 46 22
19 94 37 21 36 16 72 63
77 54 56 55 22 66 100 32
70 12 38 67 30 44 43 99
60 97 25 29 92 12 64 86
17 84 50 64 40 55 59 33
75 59 91 46 77 97 93 63
18 17 23 30 52 91 18 35
83 82 33 36 91 90 69 87
93 86 85 73 77 60 85 59
44 21 87 14 40 22 26 98
13 77 18 31 31 77 49 35
75 12 81 25 90 35 92 92
90 88 99 41 60 88 64 10
99 47 82 89 39 63 10 30
28 83 32 84 93 71 19 87
97 16 51 34 64 27 53 67
98 59 21 88 100 33 25 25
29 30 35 52 29 90 89 55
73 38 24 34 43 56 84 43
38 97 53 42 52 35 75 88
42 39 28 69 77 78 78 31
55 66 73 85 93 11 44 68
20 37 76 15 16 28 36 14
69 34 42 62 41 99 28 22
52 35 14 98 26 76 53 59
57 90 76 10 70 61 51 82
53 13 86 93 26 65 90 99
10 81 61 72 22 100 43 10
80 14 59 51 62 84 10 93
12391 12432 10826 9467 9084 7145 6097 5484
41 67 36 41 23 74 56 42
43 85 39 35 89 72 84 16
54 64 29 33 33 55 97 63
41 19 22 63 23 88 49 44
86 46 21 50 52 99 30 91
41 21 55 86 71 90 60 98
96 89 83 56 40 41 40 25
97 10 46 49 68 38 31 67
16 98 85 48 40 93 91 32
87 28 81 21 89 59 75 92
41 31 30 38 39 93 81 81
67 80 15 33 67 93 32 45
31 43 32 65 83 14 28 34
96 83 16 29 92 83 72 18
62 72 36 11 23 99 55 70
61 24 77 46 95 70 26 34
70 27 91 98 34 74 55 40
88 10 73 44 45 48 65 88
50 84 71 68 17 62 62 99
50 21 18 12 10 99 68 75
64 38 79 57 80 48 88 15
84 38 32 92 63 46 72 43
30 76 18 79 37 23 91 84
29 15 23 62 29 41 64 85
19 46 82 11 59 90 53 43
43 39 68 97 31 54 66 74
34 32 80 54 54 86 15 65
75 69 51 21 46 85 14 97
84 56 25 27 31 40 37 29
82 55 74 88 92 92 53 41
56 42 12 45 28 74 24 55
92 85 16 61 59 40 14 59
33 87 60 55 35 48 42 91
65 78 87 21 17 42 87 36
32 96 73 33 79 13 38 61
91 47 99 28 23 79 20 71
74 65 26 29 76 57 23 63
58 88 80 64 83 38 71 48
15 69 67 25 53 40 54 72
44 70 67 51 13 48 77 30
37 82 12 47 93 48 78 92
45 78 48 94 50 36 16 21
46 78 81 54 88 95 75 97
43 79 38 76 36 60 58 13
81 73 77 58 49 47 47 22
44 42 74 31 67 28 11 64
98 20 39 92 99 47 87 67
51 91 21 49 20 68 79 62
91 30 92 96 37 57 97 88
40 82 44 35 66 54 19 61
49 10 14 72 43 35 12 47
88 27 31 79 12 64 24 11
97 90 41 62 61 78 44 88
73 20 74 20 24 70 31 36
70 43 36 33 47 27 94 21
55 86 10 11 84 37 66 38
48 26 45 68 90 26 27 86
92 58 31 29 59 68 70 69
90 28 94 41 86 39 55 95
41 51 96 14 94 89 68 82
43 66 65 17 43 29 96 70
88 10 43 89 37 29 39 15
58 62 21 39 76 51 47 90
31 94 56 78 14 18 51 52
95 82 32 49 92 100 26 92
20 72 38 54 81 21 11 43
59 21 58 46 43 28 73 71
100 97 45 54 71 37 22 93
61 42 62 20 88 10 20 59
40 74 67 82 36 58 77 76
53 32 64 67 24 95 60 33
40 41 58 31 26 72 64 67
38 31 28 49 81 48 33 61
50 27 42 16 30 52 42 58
52 70 48 27 36 58 18 84
42 74 81 70 89 49 39 33
65 92 47 48 92 69 67 33
69 60 87 67 79 57 32 74
75 30 36 13 78 39 21 30
33 68 37 74 80 95 50 74
43 15 46 34 66 94 90 20
88 91 30 77 46 63 65 30
82 43 24 35 65 55 72 52
14 26 24 50 31 10 70 99
14 66 26 97 96 34 93 71
19 92 80 84 61 42 84 55
91 96 35 39 89 76 21 13
71 78 38 62 27 40 82 86
85 74 36 26 79 89 13 55
40 92 35 95 88 68 67 27
20 12 78 68 98 50 49 43
19 62 49 24 97 97 85 77
48 58 41 81 82 96 16 38
96 30 54 57 23 42 49 99
29 75 65 83 90 50 26 71
79 36 32 29 25 15 19 12
92 94 25 49 28 83 48 33
56 60 42 53 10 61 80 70
52 33 33 46 13 22 24 62
98 29 16 18 11 60 58 15
13434 12766 10830 10172 8379 7626 6827 5397
63 73 10 65 71 32 63 30
94 89 77 84 96 95 80 65
91 29 30 63 25 76 66 21
99 98 54 68 38 94 23 83
68 12 55 31 99 70 81 31
44 42 16 50 72 74 58 85
13 18 52 26 77 78 35 20
17 39 77 33 34 54 44 12
35 71 73 31 16 44 58 43
19 64 27 89 45 76 27 15
27 58 23 22 98 75 11 52
40 52 90 48 80 45 86 85
74 16 63 32 85 90 80 75
75 22 60 56 71 35 49 53
71 32 78 42 53 93 44 97
95 84 63 25 81 52 83 78
39 31 18 66 59 89 88 65
79 36 43 41 83 81 22 19
23 79 17 19 13 47 22 51
23 16 38 71 71 52 10 53
78 17 45 87 82 75 63 28
82 44 49 91 10 42 26 35
93 28 43 36 79 10 67 43
11 93 85 40 69 50 20 22
99 92 46 22 49 83 16 49
28 41 73 49 100 24 76 75
93 100 52 55 35 35 69 69
77 43 51 56 54 97 10 74
58 66 73 11 85 16 12 44
40 22 45 49 11 100 56 58
66 65 43 43 32 73 73 37
26 19 92 12 11 96 10 23
22 72 47 96 47 81 60 41
87 62 21 71 88 87 63 96
100 31 14 65 88 13 16 52
52 80 33 33 42 39 20 76
65 90 66 47 79 25 18 41
33 37 12 73 19 32 49 22
64 47 64 27 18 92 36 64
70 49 97 27 31 90 90 99
43 63 38 80 56 18 14 67
34 21 16 32 12 28 14 92
55 87 86 53 84 67 37 79
61 67 77 72 96 53 21 55
80 31 12 35 81 58 93 97
69 10 75 61 10 42 26 36
40 54 68 73 84 100 52 42
46 23 46 84 83 12 63 56
48 49 33 12 20 84 100 79
73 79 22 22 97 51 100 87
44 79 33 44 56 11 31 50
31 98 17 67 100 92 85 51
61 20 44 33 70 28 67 100
69 46 60 76 47 45 27 10
35 56 81 10 16 30 66 54
95 92 77 85 31 58 55 50
30 77 11 61 40 82 84 95
64 42 39 39 78 30 72 46
94 90 24 44 69 28 72 56
56 50 67 28 62 18 73 14
90 37 90 56 85 49 61 68
56 35 14 37 54 31 10 80
61 37 18 50 47 28 92 25
28 100 28 70 63 63 80 63
51 95 100 86 12 90 71 89
16 87 17 27 49 67 21 53
31 92 27 40 82 45 86 95
40 82 85 31 67 13 23 69
25 84 54 91 11 17 58 56
95 95 61 62 17 25 40 17
92 12 98 94 55 34 41 38
56 27 99 71 38 15 64 91
77 74 24 28 99 97 69 28
79 76 38 13 85 39 43 72
34 16 73 72 83 68 27 61
35 30 73 91 28 91 49 95
69 83 40 70 45 42 85 81
71 48 56 53 89 87 58 57
42 75 53 15 70 63 70 79
12 94 33 36 55 49 10 97
13 49 28 100 85 30 57 86
47 46 80 96 70 15 60 71
49 10 85 83 26 25 30 86
78 73 26 86 43 79 79 69
59 82 86 37 25 11 14 76
18 41 41 71 86 31 20 31
47 44 74 90 29 80 97 100
65 55 34 15 81 95 26 71
23 96 75 93 16 71 72 66
83 27 46 78 67 49 93 66
98 12 69 61 16 64 26 59
16 23 79 74 25 29 48 10
48 63 69 25 80 60 12 31
56 25 72 22 12 36 87 64
53 49 14 19 74 16 72 62
56 58 13 62 56 42 88 48
88 85 27 46 69 57 77 14
12 11 85 59 45 21 84 65
47 15 76 35 65 43 82 73
14 86 98 18 19 64 91 92
13774 12035 11830 10170 9194 7513 7248 5596
47 92 33 37 45 23 80 41
67 78 33 43 93 66 32 93
89 89 72 75 48 40 87 74
39 89 33 95 55 80 16 58
98 56 92 22 68 77 80 28
28 27 33 89 52 30 53 37
40 26 83 93 11 92 29 61
92 14 27 72 51 89 54 50
63 78 33 54 63 54 74 64
22 86 61 100 23 33 87 41
54 49 70 53 10 77 24 60
50 75 37 38 54 83 15 76
89 75 10 30 44 57 63 50
80 89 30 50 67 66 28 55
10 32 68 76 24 61 15 15
60 98 61 25 63 73 89 34
64 25 27 89 29 54 81 11
24 91 100 91 78 65 48 17
57 79 39 56 54 66 65 73
47 10 73 17 45 60 51 84
23 10 92 37 100 40 50 74
81 65 50 81 25 100 15 46
31 89 41 29 45 73 28 96
35 77 17 84 60 18 78 86
82 78 23 42 74 37 83 77
49 74 13 73 68 81 94 25
16 90 14 89 32 20 71 78
81 50 70 11 85 99 46 85
97 48 95 49 80 48 62 31
16 70 76 32 10 86 64 44
27 23 61 21 55 12 82 57
34 38 78 27 79 71 100 36
58 94 28 75 75 39 66 73
64 71 86 67 50 97 40 85
32 100 61 81 49 78 49 38
85 39 90 33 41 59 61 88
93 79 95 15 75 95 42 86
100 56 32 35 69 67 46 97
97 88 34 21 13 91 69 65
94 57 89 65 88 17 95 31
87 26 77 35 63 28 99 91
57 44 57 62 81 69 78 84
37 28 12 92 79 100 79 20
29 85 88 90 15 20 37 44
56 77 45 67 43 71 11 15
75 51 58 54 34 15 44 68
36 17 88 96 76 38 98 92
13 46 68 17 80 26 95 16
60 86 54 92 65 83 61 73
56 82 25 63 83 85 98 74
33 83 91 96 12 53 24 63
40 76 80 44 72 63 74 36
31 94 18 96 84 16 43 84
21 55 37 30 53 96 86 31
42 27 44 37 43 51 18 83
31 82 84 13 52 36 52 81
18 71 36 52 65 74 30 58
41 75 46 51 59 48 88 11
25 17 80 93 20 78 80 38
22 64 81 69 52 49 26 94
78 19 45 46 46 89 68 32
84 82 16 83 46 51 53 91
33 11 58 33 58 62 80 49
88 12 97 10 89 46 41 60
79 60 83 14 98 72 14 46
12 12 48 92 42 13 14 93
99 98 12 43 98 43 18 22
39 66 75 56 88 52 47 49
70 58 76 47 91 53 48 74
17 64 68 27 16 45 47 23
11 25 57 22 76 84 23 39
23 70 28 71 10 38 64 81
34 60 76 31 78 64 90 81
80 29 72 57 52 64 14 55
18 20 43 30 72 32 17 21
41 23 18 70 74 66 81 78
96 56 94 100 83 35 47 66
72 64 60 50 74 31 28 62
36 27 21 100 36 21 56 30
90 42 52 52 32 27 78 47
31 64 92 53 72 54 54 68
89 33 21 37 18 17 75 14
80 47 73 52 60 89 56 60
21 85 70 79 61 74 72 56
35 15 68 33 89 60 46 43
32 55 55 74 79 50 23 61
94 39 89 88 96 63 61 71
10 59 18 80 35 39 72 39
15 98 29 58 64 84 62 91
82 44 25 45 55 64 95 50
57 70 10 90 43 51 36 22
63 32 11 27 43 40 70 78
52 38 45 37 55 69 79 32
53 39 68 97 67 87 50 49
43 37 19 39 81 46 17 46
98 58 73 51 82 24 74 97
98 73 35 81 47 58 15 51
27 52 73 66 97 90 96 35
66 90 12 79 72 75 80 26
81 40 82 15 76 37 94 51
13314 11656 11463 9645 9155 7566 7172 5494
97 18 62 66 72 34 79 86
14 17 72 28 32 50 40 11
25 76 61 88 88 91 53 91
68 71 77 68 90 30 29 92
83 60 88 90 41 25 50 11
52 14 75 23 45 95 48 75
49 25 68 68 18 88 29 61
76 87 58 33 17 40 19 27
48 77 58 47 40 89 15 85
21 10 95 50 48 62 19 16
73 36 69 98 71 59 86 39
72 96 63 78 12 78 93 28
90 23 55 30 20 55 14 57
27 42 61 74 48 92 23 47
99 44 66 55 39 18 16 32
57 74 64 49 93 28 88 35
38 57 75 87 36 61 46 18
18 41 82 45 45 11 61 96
25 95 58 22 71 32 43 91
43 88 22 71 89 77 61 49
68 11 44 59 20 31 37 47
79 62 95 83 26 77 78 30
37 80 23 39 93 64 29 36
64 54 79 28 98 65 46 47
86 45 65 20 71 57 52 84
74 98 65 88 50 31 88 99
55 18 75 68 15 45 29 20
63 61 70 98 85 54 99 30
92 12 28 25 12 60 20 26
73 25 70 41 13 59 24 84
97 65 75 43 10 10 42 30
74 23 17 20 95 60 22 16
86 24 54 94 65 22 73 33
56 51 36 49 56 65 16 92
12 63 25 93 46 31 93 65
57 82 45 58 35 48 27 60
15 34 54 43 90 52 70 40
86 57 16 22 79 98 72 59
42 86 85 30 12 85 78 62
86 36 55 90 52 94 27 61
51 21 71 95 96 73 61 99
86 61 58 61 38 85 24 42
15 45 11 93 95 49 61 88
65 30 12 24 31 89 14 69
98 97 59 13 16 88 56 83
92 81 29 80 17 76 59 51
10 24 75 39 69 81 51 88
59 53 38 82 91 38 66 53
53 12 30 70 47 38 14 15
57 53 93 87 56 51 73 48
16 33 28 78 15 97 99 32
28 78 36 55 71 35 21 35
58 49 21 67 68 66 69 77
96 63 77 81 68 85 43 79
22 38 97 79 91 66 28 13
91 10 58 65 70 44 58 73
100 60 62 83 66 84 11 28
15 47 51 36 11 40 74 85
63 18 42 87 71 47 74 36
92 25 40 24 44 45 36 55
66 51 86 59 28 99 31 21
80 24 64 90 45 96 77 20
18 62 60 72 20 19 21 24
32 41 96 54 10 20 60 45
65 69 56 33 17 63 76 89
75 58 70 31 76 82 56 26
55 43 24 80 54 37 59 23
29 82 55 26 13 32 77 59
14 99 57 61 76 24 47 63
34 96 95 95 39 64 46 17
82 68 62 82 27 99 93 66
19 82 21 40 37 93 17 52
52 98 18 62 36 20 77 13
100 50 74 100 71 91 37 68
10 56 63 36 33 16 98 42
99 22 34 16 25 90 18 67
26 15 17 14 73 35 46 40
32 42 66 43 40 77 92 17
20 50 18 98 58 40 84 85
53 45 80 87 46 97 100 34
45 73 35 68 79 45 65 82
59 61 59 96 62 43 18 53
48 87 45 96 17 91 85 26
46 27 84 83 72 41 98 32
86 48 29 73 79 32 60 68
37 89 66 75 17 93 51 67
49 56 77 22 10 41 29 76
36 91 46 37 77 11 51 42
94 56 65 54 52 39 26 91
44 44 33 26 93 45 52 66
19 33 69 85 86 81 87 93
90 58 26 66 94 79 65 35
82 85 17 18 21 18 28 15
41 63 10 13 67 40 87 79
70 95 75 72 33 94 83 64
67 33 61 21 95 74 84 31
22 16 56 17 24 20 74 60
88 97 76 55 21 95 13 62
60 100 37 87 49 49 78 43
61 27 68 36 57 71 94 59
13043 12606 11272 9581 9278 7385 6573 4990
62 35 51 99 31 37 16 25
95 48 59 44 31 44 39 63
95 68 58 80 34 99 11 62
41 64 61 93 40 65 86 24
40 25 26 69 68 95 49 77
37 45 80 40 17 54 24 78
66 57 40 43 73 18 31 92
50 61 52 27 98 96 85 79
94 99 68 40 49 80 12 41
19 75 72 49 75 72 58 100
28 54 83 84 74 14 44 21
48 44 56 85 65 82 92 88
32 28 29 61 57 10 34 79
69 68 78 98 82 91 96 46
40 74 17 89 35 49 65 100
45 76 37 23 20 68 57 27
63 58 73 34 16 14 99 79
52 70 50 80 68 58 19 51
55 42 87 72 38 48 48 13
85 19 93 90 20 50 38 75
61 41 85 14 35 39 55 67
14 20 66 55 77 30 40 73
93 11 97 94 53 99 35 100
62 73 13 62 53 28 45 19
13 75 12 43 56 93 74 64
66 74 68 53 80 90 80 98
10 65 46 43 62 42 19 65
52 27 27 71 79 22 90 10
90 62 67 72 48 100 32 86
59 95 39 87 59 73 20 60
41 50 24 67 18 61 43 90
87 52 93 30 66 90 75 31
70 40 33 30 25 33 73 90
73 94 84 77 33 23 93 64
31 86 28 84 30 34 27 81
30 48 53 95 83 56 97 88
15 62 95 93 91 78 95 61
53 36 13 83 45 38 72 50
34 91 21 49 73 46 60 48
60 100 98 20 42 68 59 37
31 79 32 50 98 80 96 67
63 15 13 29 47 59 81 43
36 93 48 21 47 16 99 89
59 51 56 80 64 46 47 85
81 10 43 20 74 14 91 85
80 76 23 20 78 54 40 89
78 56 19 94 73 15 83 14
20 81 42 98 18 86 66 34
72 91 40 97 32 81 24 97
59 69 92 42 10 72 55 51
87 95 44 97 17 11 23 75
63 92 44 98 94 70 16 24
61 43 57 52 56 61 38 77
61 69 32 72 98 91 46 24
55 87 62 94 95 67 23 41
12 74 99 66 14 64 27 91
96 36 70 33 82 27 44 32
99 15 11 52 80 39 95 61
65 36 11 68 19 40 19 93
51 15 96 47 55 65 12 100
51 79 81 59 39 60 75 71
67 57 62 39 15 52 23 47
19 43 39 78 54 60 10 29
58 84 42 25 11 22 45 83
68 90 85 47 38 72 80 66
55 18 93 32 35 72 22 98
48 28 87 88 26 28 45 77
99 86 82 68 51 19 28 42
76 47 33 15 92 19 28 25
41 27 66 19 21 39 28 53
60 38 26 72 62 18 21 63
36 64 33 91 92 75 83 76
91 69 31 67 36 24 32 50
53 50 55 21 59 82 16 32
88 34 58 47 91 10 76 22
32 87 58 60 64 94 91 59
13 54 14 95 92 25 99 15
73 65 43 92 85 15 53 56
30 20 93 36 12 40 34 31
86 78 97 58 18 50 67 58
57 50 99 93 23 89 35 36
17 18 47 69 15 92 97 54
48 34 88 36 17 18 48 11
17 76 87 77 40 88 13 99
39 19 38 62 70 97 65 28
10 28 71 22 30 77 64 97
50 44 45 86 85 27 50 44
95 41 18 29 77 62 44 53
70 100 78 30 10 80 49 15
99 98 51 82 78 19 58 45
11 13 100 61 63 97 29 30
73 95 52 57 57 14 88 49
11 98 16 23 81 46 36 30
28 67 56 17 54 40 98 87
100 97 81 26 90 98 37 35
64 12 34 41 75 49 87 14
14 59 59 38 93 68 22 94
24 21 89 84 68 74 39 27
55 92 30 45 81 18 75 39
95 95 22 32 14 94 58 25
13344 12164 10682 9947 8455 7297 6071 4899
100 49 53 52 54 50 17 45
30 96 32 42 89 58 73 48
62 54 56 95 85 51 31 78
50 16 93 75 98 16 12 52
78 38 26 24 54 51 72 42
45 38 68 82 28 86 15 74
59 28 56 98 49 83 68 93
21 24 35 77 72 46 99 91
57 70 37 48 30 11 84 74
100 51 77 51 39 93 98 21
17 66 39 10 30 97 49 91
89 94 70 21 14 24 59 53
81 98 28 23 78 44 88 68
59 64 17 93 64 100 31 47
95 38 29 18 69 20 50 32
39 97 21 65 28 76 25 13
51 95 39 70 78 94 34 39
25 44 96 49 41 77 17 39
16 37 52 28 26 99 62 61
15 43 100 43 26 99 37 77
82 90 67 99 82 17 54 39
68 28 18 43 34 85 88 50
73 91 85 94 88 18 34 15
18 85 25 42 82 56 91 13
57 74 62 94 65 76 53 58
46 76 51 70 23 68 52 75
53 27 74 58 67 18 64 72
95 52 53 58 80 98 88 42
36 25 55 87 77 77 74 76
40 69 98 19 97 41 26 17
89 42 67 72 60 50 63 60
14 44 34 29 94 71 28 80
20 27 58 10 45 33 51 39
28 50 41 99 28 77 83 38
56 65 48 63 33 39 67 15
67 49 71 70 62 22 32 72
81 68 91 26 64 98 72 41
14 96 24 98 47 76 70 88
84 47 100 94 30 85 29 97
92 80 100 72 90 38 77 23
86 53 35 21 70 85 31 90
17 79 33 73 99 71 36 39
15 60 89 40 14 60 34 27
93 73 35 59 81 76 10 96
13 70 73 100 17 87 42 44
98 51 16 35 37 66 61 33
51 48 46 28 51 55 69 83
36 71 17 43 46 62 91 66
85 99 34 15 55 62 95 99
29 86 99 65 80 99 21 66
96 98 55 96 95 64 46 54
26 27 95 51 81 63 33 66
15 96 48 19 41 20 27 15
97 89 76 83 41 46 54 45
29 46 45 45 69 73 79 89
64 61 27 63 27 47 19 41
47 60 19 66 68 75 16 13
71 28 62 54 44 99 42 32
57 37 56 29 58 83 91 20
31 78 28 36 28 69 81 79
87 27 69 76 48 63 25 81
71 68 68 66 26 98 56 12
83 12 78 43 61 37 23 90
16 94 38 16 49 96 65 64
38 80 75 13 29 23 50 16
12 94 25 18 62 52 93 93
15 80 58 81 88 90 93 68
90 20 31 61 64 98 23 70
79 83 78 49 99 50 35 67
51 44 61 65 92 22 60 26
50 59 32 53 46 61 92 54
22 98 86 45 84 79 67 50
82 82 28 81 63 28 73 93
82 47 37 28 72 86 63 48
65 60 75 28 90 82 47 19
60 58 74 48 84 79 26 60
54 99 30 54 19 100 73 46
52 64 93 10 32 44 68 74
61 72 43 57 58 82 58 46
34 51 56 37 24 94 49 13
82 45 68 70 88 23 37 53
79 21 70 19 44 75 57 96
13 77 10 22 79 76 18 39
35 35 27 64 30 36 85 98
34 14 80 40 25 72 37 64
26 42 57 21 64 64 91 74
10 91 62 22 86 26 23 99
51 14 34 98 23 65 93 76
36 75 69 52 66 23 37 79
30 28 73 58 71 56 37 93
34 60 16 27 94 40 85 59
59 47 97 22 94 95 54 53
27 56 79 64 98 10 22 80
18 81 30 48 53 20 28 42
84 12 83 93 69 71 30 67
15 77 70 66 10 29 36 52
55 66 41 69 18 62 13 32
100 54 73 89 52 36 66 87
99 32 35 51 20 53 30 84
38 65 77 30 94 67 77 30
12868 12292 10688 9527 8996 7331 6868 5911
58 88 38 18 67 37 43 92
65 70 33 45 17 54 79 79
40 90 39 36 32 21 26 59
55 68 15 48 23 97 55 82
80 46 95 74 94 71 48 34
22 94 35 49 12 88 60 96
58 68 78 15 71 35 22 97
23 28 48 94 57 44 16 51
29 18 32 15 59 24 16 51
62 20 97 33 71 24 65 100
36 52 18 59 21 58 84 32
72 81 25 63 99 12 94 95
81 55 29 16 38 53 58 50
90 24 17 27 21 58 49 91
75 70 63 58 84 42 39 71
30 27 77 98 16 58 18 27
85 27 20 98 29 69 40 48
29 19 11 17 33 74 70 71
96 74 52 29 92 40 44 33
21 58 94 16 31 69 60 18
62 57 29 89 62 19 69 95
55 11 42 83 11 14 46 65
80 33 53 44 74 64 24 68
88 37 64 65 57 19 51 73
22 80 36 33 39 87 30 52
54 51 37 35 19 20 27 65
79 41 65 66 29 21 53 60
68 90 52 62 60 59 57 13
22 97 60 41 42 61 24 34
70 100 39 16 71 33 59 27
19 56 60 55 52 79 85 47
99 91 99 14 31 89 43 33
34 33 44 94 84 98 41 45
78 100 85 40 11 45 17 76
81 86 40 31 15 93 20 17
43 79 57 57 40 42 27 73
30 26 37 24 13 67 67 51
46 32 90 17 47 71 77 22
93 65 32 76 61 56 16 23
28 96 25 10 41 98 66 14
21 26 23 65 32 96 78 32
83 62 12 42 41 54 11 35
90 50 46 67 24 36 27 67
57 67 73 97 44 11 65 44
63 26 19 88 54 31 65 90
18 33 53 59 86 71 75 60
21 22 100 32 16 17 84 71
77 51 77 51 61 21 92 11
98 61 100 73 17 40 82 35
96 32 95 93 33 45 26 59
74 66 16 63 19 90 67 36
83 89 41 50 24 100 87 30
68 58 40 86 49 92 11 47
23 84 40 37 47 48 68 93
57 98 98 23 80 83 34 20
29 50 31 16 32 23 48 67
97 60 45 100 40 38 40 12
25 64 63 89 49 74 89 24
60 72 61 12 23 54 28 67
12 10 56 92 96 45 95 14
85 10 60 61 69 78 59 39
97 95 75 95 36 78 26 21
52 95 42 44 44 100 49 62
52 58 30 40 91 26 75 20
38 36 23 44 96 74 29 56
68 76 15 28 52 97 81 66
43 91 28 94 100 87 67 75
30 87 78 28 69 71 36 93
24 22 31 89 76 34 73 35
54 54 57 57 27 45 36 38
78 66 72 39 43 18 12 63
62 60 92 62 44 81 29 17
11 13 72 75 71 83 79 99
47 14 94 78 63 88 87 30
89 25 41 91 47 94 43 24
88 43 47 80 59 86 78 25
77 70 46 16 51 47 84 38
52 89 95 74 36 51 90 24
45 64 64 90 65 32 85 57
93 60 46 37 35 42 46 29
28 51 79 22 99 16 37 70
32 84 48 82 95 74 66 71
56 47 67 70 13 34 90 41
88 23 29 59 27 78 98 85
39 37 16 83 93 38 12 52
46 75 88 58 54 31 34 83
10 85 65 88 79 80 51 51
100 35 23 85 74 76 54 43
40 22 25 33 27 45 31 62
60 84 88 16 47 72 99 46
96 75 81 56 95 85 55 93
83 48 79 27 86 63 49 63
94 65 47 82 73 53 66 15
19 51 65 21 45 78 12 71
50 11 11 73 75 69 40 80
14 97 89 29 52 95 58 31
51 69 50 34 100 28 20 53
69 46 61 42 80 71 96 98
25 56 62 44 15 98 34 79
15 80 48 47 26 56 34 95
13444 12187 11026 10139 8567 7693 6147 6081
51 32 80 37 56 50 40 68
20 19 60 71 47 58 39 66
85 79 54 61 18 28 33 64
96 24 43 32 71 15 59 25
31 80 45 43 81 54 54 71
26 82 31 63 79 14 91 55
29 41 98 70 17 77 68 93
10 26 70 15 68 32 90 85
11 57 55 80 59 45 78 22
31 97 47 50 68 47 100 43
43 66 67 73 53 49 64 16
83 98 24 40 71 25 21 34
62 67 78 61 68 34 12 72
47 62 61 94 26 32 68 40
45 79 30 67 47 93 93 98
83 56 26 19 65 80 17 55
35 67 67 97 43 68 17 41
70 93 27 45 88 61 11 92
44 83 19 71 20 82 28 84
46 60 89 21 62 84 29 99
20 87 72 11 15 23 79 22
41 65 65 75 52 85 52 42
90 91 41 69 53 49 59 79
67 49 32 48 82 64 98 39
31 83 87 55 41 76 22 73
61 51 25 51 88 84 90 35
34 31 32 73 28 87 72 95
50 26 31 33 74 51 56 95
44 31 61 87 67 17 11 39
44 74 89 92 23 100 13 44
30 23 45 84 50 87 34 15
26 26 68 81 17 77 53 17
48 31 33 25 19 44 59 44
13 56 80 96 44 55 20 66
54 87 54 58 43 82 22 39
24 79 55 46 82 23 98 29
58 72 18 62 14 93 39 11
28 15 79 93 18 59 20 67
92 19 92 46 29 32 45 61
76 61 91 20 41 53 84 100
12 32 35 86 15 24 51 44
83 89 61 24 32 15 78 57
20 60 55 92 93 14 75 50
12 44 98 56 46 39 94 73
59 83 23 64 96 42 52 93
38 26 66 75 10 62 10 99
85 91 44 99 70 58 49 52
11 16 57 45 59 80 66 11
65 21 62 79 51 44 20 55
32 60 78 92 77 51 99 68
59 76 38 21 95 44 41 19
11 53 45 18 64 72 25 100
87 23 23 22 93 26 27 99
73 26 85 20 64 50 61 68
85 35 17 15 65 43 50 75
41 100 78 15 20 100 95 12
42 33 10 29 93 96 87 49
99 39 40 22 49 21 56 79
19 20 20 96 30 47 89 82
43 11 58 76 24 68 55 36
36 42 91 20 30 97 42 99
88 97 72 51 94 90 46 69
27 91 81 37 82 42 96 42
24 27 33 88 99 66 81 36
50 82 83 58 45 82 38 92
95 94 66 29 71 11 87 78
27 77 12 97 45 59 53 78
19 52 68 30 59 49 75 47
100 78 12 54 63 55 43 48
90 55 13 79 71 71 75 82
56 18 94 64 87 52 99 47
74 85 15 45 32 77 63 63
67 30 64 53 34 31 52 96
93 63 52 39 36 44 50 69
67 43 13 60 92 14 81 55
32 12 91 77 10 14 97 93
40 61 64 24 50 49 32 85
16 27 24 67 17 32 54 53
10 84 49 73 77 89 92 66
20 74 33 61 77 27 64 45
34 19 87 21 26 40 72 39
86 63 99 57 62 48 30 85
80 54 98 88 72 96 73 94
56 66 96 42 39 89 91 73
44 52 44 62 89 93 97 90
82 96 23 38 15 66 90 53
34 32 59 79 69 50 46 15
100 89 70 24 34 60 15 89
22 96 58 75 10 48 85 25
97 14 94 91 32 43 44 59
15 53 29 27 24 93 20 24
80 75 12 64 91 69 93 58
31 69 100 21 36 18 68 56
35 25 32 66 45 24 94 25
29 63 67 25 33 34 16 32
59 54 11 53 80 61 64 15
81 39 84 78 53 49 43 58
17 22 59 12 19 45 63 41
43 97 70 23 84 18 68 29
25 58 48 50 50 70 53 83
12148 12089 9922 8961 8889 7334 6010 5084
78 41 72 94 63 95 81 17
31 80 25 33 49 100 85 97
52 94 92 99 62 76 79 62
97 27 85 38 67 11 25 34
73 86 96 31 19 92 30 14
34 46 16 76 60 46 67 47
67 69 93 32 78 89 14 100
23 79 50 73 15 93 27 70
47 69 53 98 29 29 52 70
100 95 65 72 17 80 42 40
99 53 59 95 60 96 72 14
20 51 92 93 37 70 10 50
96 77 53 36 47 79 66 60
67 94 89 83 54 69 72 35
32 97 25 69 35 48 36 42
44 80 52 46 67 94 25 35
36 35 81 14 16 85 51 78
50 69 56 94 76 30 27 68
19 64 46 68 17 93 10 93
94 83 29 59 18 88 96 58
79 77 62 94 20 82 25 94
23 90 65 48 96 93 66 100
55 46 44 61 43 51 67 19
86 14 62 60 41 89 66 27
64 26 62 54 72 52 14 67
65 100 61 73 13 13 73 53
81 44 37 20 10 64 66 14
81 11 16 58 76 28 56 48
43 71 81 32 42 35 98 28
23 70 84 89 86 52 40 70
48 69 23 83 74 50 78 80
27 28 20 25 47 29 38 53
26 21 21 35 92 74 63 21
79 77 84 31 60 27 41 73
87 28 91 12 41 97 66 32
44 24 34 56 55 52 94 24
37 92 93 13 69 47 42 19
96 74 24 45 46 85 15 24
17 19 44 91 20 20 82 10
49 60 84 98 40 48 40 18
37 31 88 20 26 42 83 78
35 29 97 75 45 26 27 59
11 48 84 67 28 11 76 31
12 69 79 65 35 78 96 39
11 83 95 60 83 12 59 10
64 18 76 89 26 49 12 55
57 14 47 100 69 41 46 78
80 16 97 23 23 22 17 47
55 55 47 13 65 19 70 10
39 77 90 15 23 98 17 94
85 36 34 23 63 14 35 70
72 33 27 14 17 63 91 10
10 77 80 53 10 42 55 14
84 45 99 58 27 89 22 51
10 88 16 24 43 22 25 47
58 74 70 28 43 15 99 94
25 52 75 74 25 81 63 30
99 84 58 93 94 86 44 80
68 57 78 25 93 14 45 53
24 81 87 79 45 99 96 82
47 32 85 48 60 64 13 70
61 100 91 10 18 92 59 37
71 80 56 94 62 56 31 51
27 53 25 97 31 35 86 52
78 27 48 74 54 92 62 48
79 87 87 64 46 41 98 97
61 72 43 74 84 81 54 70
17 52 99 32 16 90 14 17
24 16 98 44 58 15 27 61
41 50 65 31 92 44 79 19
22 11 94 100 82 42 66 88
62 35 29 74 58 82 71 43
44 41 36 51 63 100 66 44
51 95 11 54 75 63 52 74
47 34 19 61 98 77 67 99
27 24 96 22 60 71 63 75
45 51 73 14 35 22 24 26
23 11 43 56 58 32 74 53
21 10 74 99 32 92 26 49
96 24 70 49 68 27 85 18
69 20 21 58 27 78 38 17
74 81 52 92 69 34 51 18
72 87 61 39 35 85 64 97
59 61 83 36 17 91 15 23
64 44 35 37 51 80 61 40
38 26 33 50 73 35 82 57
29 28 42 40 51 78 98 73
21 61 40 52 24 96 76 21
91 20 21 92 31 99 56 84
87 36 22 96 43 14 86 25
99 28 35 24 86 64 21 77
54 55 14 84 46 85 31 38
19 61 68 79 76 95 39 45
58 22 71 16 45 65 98 86
38 42 39 49 86 38 89 85
79 25 89 69 82 44 84 93
26 68 77 94 27 54 41 73
43 96 50 61 17 67 16 39
63 20 19 88 73 15 80 52
43 85 83 55 48 98 12 26
13828 12262 11926 10230 9552 8144 7413 5857
41 37 22 97 87 72 40 82
67 92 85 21 28 34 26 48
49 50 88 15 53 77 77 64
66 83 46 88 16 77 22 16
15 49 71 19 41 95 16 80
28 16 43 55 99 80 63 59
85 55 20 52 18 86 90 79
62 73 12 42 96 74 92 42
12 38 33 27 54 63 60 30
94 64 54 24 22 45 26 45
36 86 16 85 34 15 81 100
97 94 66 38 13 87 34 24
45 10 69 59 40 84 39 60
21 31 61 10 85 87 89 34
55 78 11 71 80 67 83 81
19 88 37 31 16 61 29 44
73 80 78 74 14 82 62 49
94 41 85 11 81 81 78 75
90 45 23 26 96 24 48 54
34 70 65 62 77 90 37 44
76 64 70 97 43 72 80 72
74 90 15 90 65 88 57 47
66 34 45 94 61 100 22 66
82 29 52 87 29 35 23 98
10 17 66 61 88 62 24 61
29 89 48 90 96 62 56 14
99 28 89 54 19 30 21 87
10 71 63 59 36 81 59 85
38 73 98 94 64 40 14 59
54 20 54 44 21 61 87 33
77 55 78 15 99 65 17 25
74 52 82 77 44 91 63 78
83 48 75 33 23 42 71 47
78 92 75 48 30 98 76 11
10 46 87 41 54 48 59 93
40 94 78 11 63 31 86 90
56 28 82 63 16 67 58 39
92 70 75 55 98 11 60 90
60 26 60 97 91 37 48 59
70 14 97 12 41 40 51 79
35 20 47 21 79 72 55 84
75 60 30 27 85 18 13 61
40 89 35 14 30 100 92 30
30 79 22 55 14 48 12 38
44 77 15 42 30 87 69 17
18 23 63 25 73 85 94 21
100 82 19 33 98 68 19 39
72 94 92 43 62 58 48 29
15 50 52 82 63 29 85 58
57 41 39 27 89 62 92 71
41 33 83 45 80 71 95 51
18 85 72 34 62 25 80 94
31 36 13 35 46 11 59 22
53 58 91 26 73 76 33 87
93 14 23 33 55 64 96 32
94 95 83 87 19 44 18 47
52 21 17 86 18 75 37 20
96 100 38 71 95 67 57 41
46 93 17 45 11 16 64 30
100 37 42 85 94 54 49 65
14 50 35 82 80 19 39 38
94 39 99 96 12 93 23 44
49 25 90 33 64 33 36 60
20 41 58 95 47 25 95 11
65 64 35 87 91 31 62 52
58 38 43 58 63 96 29 74
29 53 30 86 58 23 40 21
62 38 18 82 77 31 72 62
31 10 58 34 71 21 42 34
55 80 53 72 26 90 43 16
15 29 24 98 15 16 23 27
49 10 53 81 91 10 19 20
30 28 64 61 12 21 60 38
51 82 51 42 51 69 50 87
73 29 86 10 39 13 64 18
95 41 19 36 71 42 51 20
50 66 87 40 98 99 30 45
77 36 94 12 34 85 27 97
23 76 63 87 21 41 72 28
36 51 27 76 47 75 76 26
42 59 60 53 73 78 15 38
58 19 68 40 90 84 49 66
21 21 29 88 50 54 80 71
22 56 35 89 75 22 44 86
65 65 100 95 55 35 60 57
14 100 80 19 23 33 38 18
43 72 21 55 23 52 82 36
98 83 24 48 36 39 44 51
21 43 62 77 49 94 99 10
99 90 58 42 64 96 97 67
64 87 96 22 57 97 88 33
81 85 41 55 95 43 59 92
71 63 84 31 70 88 26 97
54 57 51 81 11 69 37 10
45 34 49 44 71 74 97 33
27 24 96 71 45 31 76 24
97 77 93 49 25 10 67 56
97 54 88 30 99 93 56 90
63 54 66 23 32 47 63 46
13 72 57 83 26 26 18 20
13551 11783 10879 10362 8269 7548 6531 5606
46 25 88 28 40 37 46 99
55 36 21 70 43 41 27 60
80 51 95 68 100 95 11 92
33 49 78 54 20 93 77 13
53 33 45 91 41 76 18 35
44 93 87 60 70 32 10 44
85 84 59 98 75 94 76 62
85 45 18 55 58 74 36 89
61 73 88 42 59 92 68 71
17 53 81 83 97 56 66 18
73 69 24 25 41 35 46 29
27 14 69 88 76 86 46 90
54 66 98 97 45 37 68 41
39 37 50 47 40 13 64 92
83 20 46 42 69 28 68 82
42 76 81 79 46 90 43 19
59 73 48 49 56 97 55 44
14 91 48 95 30 55 88 14
96 18 29 37 60 29 24 44
83 76 89 45 77 49 41 26
20 71 14 36 32 25 21 95
46 97 86 16 85 98 72 36
35 15 56 15 98 46 69 68
55 52 37 40 49 76 87 25
40 69 96 16 90 64 72 56
78 27 74 75 82 62 73 44
28 74 59 76 12 86 51 70
66 57 10 42 71 22 41 95
29 67 55 21 54 49 21 56
60 31 95 73 39 25 49 39
62 97 33 37 29 22 41 42
95 21 35 57 87 53 26 37
93 26 46 70 100 48 28 40
25 77 46 56 29 61 12 22
59 87 90 10 54 79 56 71
20 79 95 16 37 13 62 46
11 65 48 94 20 27 20 47
34 76 17 45 47 36 97 74
13 54 11 68 29 33 30 13
75 55 43 81 18 98 15 76
92 68 30 44 18 47 66 82
66 26 45 95 59 32 77 36
71 52 19 87 29 29 20 73
30 33 81 15 74 29 97 41
31 75 35 18 69 50 70 17
77 28 69 54 20 84 62 93
26 87 47 15 53 75 21 28
91 20 25 93 28 25 62 82
44 62 27 46 20 59 32 48
66 61 92 75 17 42 29 31
15 63 13 81 81 17 82 27
97 64 19 65 96 14 82 18
67 89 52 73 60 87 59 54
14 96 36 24 17 66 58 15
79 52 80 13 13 31 53 49
69 16 94 52 37 39 86 74
41 32 33 40 85 89 18 11
45 40 27 78 84 50 98 13
54 84 95 25 75 56 36 67
51 55 14 53 72 25 79 10
65 27 43 97 57 27 32 95
21 78 76 64 97 83 38 64
75 69 56 84 14 18 46 37
50 87 73 82 32 28 79 51
94 58 60 12 47 24 20 79
83 29 25 30 18 94 44 26
51 85 60 60 69 66 34 68
54 85 80 39 20 18 94 51
28 43 29 21 69 76 79 59
12 33 44 46 13 100 37 41
29 100 37 86 33 47 59 30
46 99 32 43 36 38 54 28
30 25 52 14 83 11 35 68
47 32 58 99 85 43 39 49
33 73 75 12 11 68 86 28
11 68 75 99 37 22 99 67
98 69 18 77 32 74 66 58
35 77 62 38 73 67 86 98
45 32 62 20 99 93 97 82
94 62 45 25 35 78 73 49
42 26 11 75 77 69 76 43
45 21 47 78 43 53 37 19
18 66 49 21 10 90 40 89
88 10 50 83 15 36 61 44
29 90 32 91 97 81 70 98
54 59 38 59 80 18 69 70
15 89 95 39 22 91 62 14
76 33 36 60 13 34 77 16
60 13 81 39 69 14 94 42
12 94 20 78 23 59 68 35
30 100 31 58 72 48 71 45
21 60 77 65 66 86 26 30
24 56 85 30 39 48 73 54
96 63 64 62 88 55 46 29
65 85 56 84 42 32 60 53
83 93 19 25 30 74 29 31
38 95 49 67 68 33 17 26
67 55 40 28 13 14 93 64
54 86 98 37 98 27 28 98
14 12 73 88 75 24 66 59
