10 50 3
1 2 2
16 28 50
9739 7886 5543
96 18 69
93 14 81
61 97 10
82 58 69
40 80 76
82 71 82
12 60 86
47 97 31
39 33 94
50 58 60
71 22 87
88 62 74
77 60 12
45 53 99
45 19 60
12 32 19
26 98 80
13 28 37
97 17 37
86 77 90
12 71 32
28 23 84
81 40 81
88 20 88
93 53 69
62 14 95
38 70 22
71 69 31
81 92 55
34 34 97
88 60 94
90 93 82
53 60 49
78 94 83
13 68 88
50 20 79
28 17 22
11 56 98
49 36 48
68 35 36
98 30 13
67 17 12
55 10 48
74 76 54
63 87 60
49 35 35
77 87 80
47 97 29
73 58 79
86 56 58
8464 7214 5551
31 68 98
96 70 81
56 89 89
30 61 72
37 74 42
73 99 61
86 86 65
90 16 22
59 27 31
51 97 73
52 73 96
56 34 28
50 92 64
51 60 57
56 96 25
84 45 47
23 19 39
87 79 19
70 64 63
83 40 39
71 91 25
91 40 98
27 47 81
96 13 82
79 45 32
89 74 17
49 54 46
73 23 55
79 17 50
22 93 33
43 52 48
25 11 38
45 78 15
92 20 74
89 73 83
33 52 48
14 68 65
67 98 76
63 24 18
37 40 98
87 91 88
53 56 26
49 58 80
15 92 49
80 27 78
23 60 60
78 81 24
63 94 56
60 92 13
97 38 23
8304 6673 6223
23 66 22
61 87 17
95 94 89
91 97 27
25 36 84
80 77 56
14 49 58
23 79 30
35 57 56
65 31 95
90 71 32
78 65 38
86 92 30
49 81 41
69 50 86
27 66 20
13 53 41
30 74 87
99 75 19
66 56 11
82 67 76
79 64 53
39 41 73
27 25 84
78 48 80
47 33 71
36 48 68
54 22 15
68 98 53
92 18 80
93 71 57
35 31 59
56 95 37
41 78 97
93 51 74
34 39 46
31 75 83
78 68 66
36 57 62
10 58 61
70 51 71
75 55 16
19 25 98
13 51 41
38 51 53
80 88 26
35 24 11
61 86 43
83 46 77
78 38 88
9199 6777 5335
30 24 29
40 30 68
81 47 92
69 54 62
94 50 31
41 10 27
38 13 24
46 12 89
94 39 13
27 77 51
12 58 20
10 21 68
72 71 17
84 24 79
96 55 28
15 14 48
61 98 94
85 67 62
67 10 86
50 89 15
11 31 90
55 83 22
78 89 77
57 84 100
62 88 53
98 13 97
87 20 64
23 47 55
14 24 53
14 85 36
82 52 78
85 36 38
20 12 87
68 96 57
48 84 88
70 15 35
83 57 41
35 88 40
65 45 54
51 81 98
37 93 85
91 56 97
99 60 56
18 36 80
40 43 98
53 12 68
78 29 39
44 52 92
62 25 80
98 66 32
8525 7506 6596
95 88 65
20 99 91
33 99 54
16 22 25
55 79 70
50 16 34
79 17 36
83 28 62
92 100 29
37 78 62
51 21 100
100 26 20
13 78 44
58 84 47
29 10 33
46 55 60
32 88 37
88 95 63
19 74 32
38 15 53
41 58 21
38 12 85
20 43 95
34 60 87
41 40 66
32 36 98
15 57 17
13 21 98
71 90 25
75 60 45
54 87 87
71 80 32
51 97 61
25 65 21
25 42 60
68 11 90
26 32 21
25 80 42
46 93 68
75 43 66
51 69 10
75 70 80
66 92 18
96 97 62
52 74 32
32 44 47
32 78 41
47 76 40
20 19 99
27 30 58
8626 7754 5517
24 34 78
96 47 51
38 58 72
22 91 12
50 31 69
14 44 53
63 80 62
44 24 37
66 33 97
48 34 31
13 23 72
45 72 70
15 15 36
57 63 78
91 77 10
61 15 16
98 76 61
85 45 61
49 40 56
40 45 32
28 41 41
79 19 31
63 11 68
25 14 23
12 38 46
65 69 69
29 31 94
33 30 70
70 96 45
62 80 81
17 66 79
30 13 32
93 25 90
86 97 87
23 94 75
26 53 65
71 11 66
64 99 37
72 11 94
26 11 35
48 48 10
29 50 16
38 92 31
70 79 71
42 81 39
20 74 41
98 29 64
97 54 100
65 35 68
48 23 74
8426 7157 5704
18 33 88
88 99 82
64 48 27
18 75 13
16 27 32
33 35 73
39 22 86
74 79 77
34 11 16
32 50 96
100 40 93
77 87 18
73 85 85
51 19 54
77 57 24
67 46 23
34 40 50
37 40 33
44 74 17
31 42 84
11 76 17
50 75 54
76 95 11
14 33 64
74 89 98
67 50 91
28 70 11
92 91 57
12 35 85
71 87 98
69 52 38
23 81 57
70 91 65
78 48 37
23 70 48
33 65 28
10 30 88
55 81 44
57 79 57
56 61 71
45 70 64
19 59 15
28 30 55
37 10 41
93 35 49
84 72 25
88 60 71
98 40 54
95 62 72
30 28 86
9269 7827 5530
16 87 13
76 22 19
42 99 41
66 71 67
64 21 13
55 28 96
82 22 47
59 37 23
58 25 77
17 71 85
72 32 25
44 24 23
30 31 50
56 26 65
93 48 91
78 20 93
32 51 17
80 51 77
37 93 54
97 60 92
54 13 50
57 62 79
40 45 45
24 23 63
34 72 28
51 29 28
84 94 68
18 38 24
21 30 91
94 48 12
45 38 24
70 97 54
82 22 60
20 12 100
53 25 86
90 79 37
79 63 15
12 93 42
69 98 93
86 39 86
100 62 88
56 33 34
67 42 92
52 42 25
20 42 93
74 65 68
39 24 11
82 39 88
83 69 56
49 53 33
8477 6806 5302
51 53 41
63 16 76
33 77 15
90 25 79
84 86 40
25 14 37
16 76 77
87 99 100
30 85 74
20 28 34
75 52 70
21 72 53
79 36 24
86 15 70
69 18 71
72 82 75
20 22 72
100 45 17
86 50 49
12 22 62
47 40 67
37 55 98
78 64 43
94 53 15
25 59 36
53 97 22
59 41 99
69 12 72
71 58 66
39 26 90
26 97 67
33 13 61
77 98 26
35 87 83
54 31 27
49 35 85
18 89 99
23 11 98
91 78 76
49 38 99
28 89 47
96 40 33
13 59 15
52 96 69
64 89 20
55 10 13
36 85 48
21 17 54
16 80 77
12 73 69
7775 6331 5701
18 51 29
61 75 30
28 42 85
94 41 64
32 56 85
43 10 19
52 36 56
73 97 83
18 78 15
100 23 51
88 84 18
26 65 63
88 30 11
98 78 86
34 27 82
87 17 97
75 51 90
61 72 19
17 45 72
14 92 21
73 46 41
25 35 35
54 26 60
87 30 42
67 85 89
51 97 46
47 90 43
89 74 35
31 88 95
51 23 62
25 63 90
41 11 58
11 68 26
89 10 60
27 57 31
76 43 63
65 20 16
53 76 61
32 77 18
38 20 13
20 66 50
35 95 27
53 52 10
14 16 32
29 55 31
42 70 68
89 43 34
51 91 44
58 29 30
57 58 40
