20 250 4
2 1 1 1
123 166 208 250
25581 20450 15589 10856
80 100 37 84
87 48 39 42
70 89 74 98
22 54 19 63
57 60 29 73
58 85 43 25
34 14 59 18
55 19 22 22
49 30 79 94
81 38 34 25
57 13 81 69
23 100 24 48
46 51 42 34
19 61 27 90
68 75 95 69
79 31 83 31
81 27 29 79
85 81 75 37
57 95 80 26
57 66 17 24
51 100 39 59
79 22 36 43
82 81 36 43
73 40 19 93
84 68 42 53
91 90 59 39
84 64 68 45
95 89 10 21
98 35 72 40
25 100 37 15
72 37 71 11
56 52 63 12
87 18 48 98
62 59 26 58
58 88 59 77
54 49 40 87
41 91 75 25
84 76 65 67
41 24 76 37
23 82 12 51
65 46 21 46
26 12 72 47
21 89 20 29
30 21 56 56
72 52 77 13
51 38 43 55
23 76 69 18
51 59 38 24
15 62 48 67
24 65 96 30
30 53 49 41
48 62 20 57
39 77 63 32
24 85 87 22
93 19 77 72
33 73 80 34
68 19 42 91
66 30 20 39
80 90 59 50
66 11 48 23
25 51 12 10
41 40 71 53
88 47 63 21
29 60 27 98
65 59 94 82
66 53 50 88
65 36 27 80
37 71 77 44
75 68 13 27
15 55 65 15
68 14 85 21
54 66 86 82
25 70 92 70
36 25 44 21
63 17 67 70
77 55 13 11
42 95 96 12
18 100 22 93
31 41 68 14
94 28 86 80
58 30 74 48
71 39 60 63
50 35 99 42
56 72 37 80
53 13 23 37
82 66 36 78
73 34 14 66
76 76 13 45
28 37 25 66
49 64 36 24
42 60 27 38
25 57 65 92
19 44 53 44
33 33 28 89
51 90 20 44
21 48 96 77
75 44 84 90
23 27 84 27
78 19 78 89
17 83 95 53
44 91 73 14
12 53 93 27
94 49 70 63
56 95 17 82
38 96 82 96
16 67 20 41
49 54 70 39
57 69 38 45
86 88 70 56
34 52 23 34
89 41 26 23
48 22 29 27
58 82 94 22
74 22 25 35
37 93 29 91
99 82 25 62
57 32 65 100
61 41 89 67
44 61 82 89
93 68 85 70
94 40 31 78
96 22 15 36
88 11 23 12
61 33 60 27
70 27 95 70
18 56 43 14
97 99 14 99
85 30 30 99
53 84 22 87
71 47 39 46
68 82 68 63
58 29 92 55
100 33 50 52
19 35 87 98
32 30 46 76
22 77 87 49
71 93 22 82
53 38 97 51
79 74 18 96
45 60 46 20
86 72 30 67
51 19 50 36
82 63 25 86
38 86 34 49
76 99 11 100
67 71 44 20
37 68 39 55
20 42 55 46
59 87 44 17
70 91 69 50
47 58 35 93
62 41 62 87
43 45 85 19
47 67 18 10
88 46 57 29
39 60 78 22
17 62 11 69
40 30 71 99
50 33 66 40
67 65 82 93
21 75 75 90
47 26 61 100
33 66 52 53
11 91 11 35
92 55 77 86
22 25 67 68
88 18 13 19
29 71 46 85
19 70 29 57
74 20 18 33
43 25 59 41
89 66 35 76
13 30 82 23
51 79 39 67
41 94 56 12
37 17 57 31
84 59 62 26
38 68 95 44
41 71 80 88
77 65 83 64
56 54 25 73
29 89 23 35
55 56 39 74
44 55 72 12
49 58 83 63
51 87 95 54
27 12 61 45
70 37 99 34
31 11 36 95
61 18 73 77
80 83 18 40
78 72 78 99
70 70 94 88
39 51 87 64
90 42 26 19
20 38 64 30
71 81 93 79
16 85 80 62
92 17 62 80
58 48 100 55
60 36 80 92
42 26 80 26
38 60 43 50
37 17 61 92
37 33 91 74
39 72 46 59
68 27 46 54
62 19 18 34
95 41 14 54
40 34 88 98
34 50 85 49
87 65 50 22
94 88 69 63
37 24 54 46
43 43 51 73
85 45 93 41
97 35 52 70
95 85 42 29
51 49 93 40
14 35 98 41
61 32 14 86
38 56 50 47
18 12 27 54
53 80 14 15
78 66 54 57
96 70 59 29
41 49 13 30
100 48 36 31
60 91 96 78
62 67 78 49
34 59 54 49
64 70 49 92
24 89 30 73
73 59 55 19
53 65 31 65
21 68 99 38
47 68 32 99
85 47 47 100
13 69 12 32
20 88 35 91
36 35 94 31
57 97 86 78
30 10 13 88
12 43 70 29
75 45 68 44
54 66 78 27
22 68 42 44
42 35 70 86
30 19 42 70
91 15 83 30
25362 20303 14629 10107
70 47 61 56
12 61 97 72
25 84 63 29
13 32 47 71
31 76 72 14
45 30 37 87
13 68 19 32
85 86 27 93
64 50 48 90
83 32 40 48
68 77 76 63
75 70 46 15
44 67 28 13
35 16 79 58
89 83 98 98
53 91 61 12
85 33 46 42
24 59 75 26
41 43 89 82
15 15 41 46
32 74 47 22
20 10 99 57
70 84 52 21
88 57 35 53
38 34 23 64
40 55 10 34
11 41 46 52
89 86 23 62
69 95 40 91
72 76 19 24
39 22 57 95
20 82 11 100
85 65 41 90
82 59 38 88
10 59 35 26
55 12 23 87
18 62 89 60
37 96 69 98
16 49 92 13
30 96 19 89
73 88 44 96
95 60 16 26
89 68 18 57
33 87 47 23
85 30 96 38
83 56 91 43
65 88 97 12
12 26 73 79
83 50 85 84
60 81 79 27
40 73 84 63
45 83 32 34
95 54 81 20
47 24 32 66
17 79 29 24
50 28 49 53
60 96 34 33
78 29 59 42
19 93 65 99
76 49 15 56
27 36 68 18
90 24 73 89
80 39 53 71
33 30 64 99
54 37 62 90
41 47 69 61
33 11 93 39
18 50 97 46
17 18 97 23
11 100 14 92
79 43 80 69
51 49 30 28
93 92 15 100
80 30 22 46
52 71 29 62
44 66 15 88
76 58 76 48
20 45 87 76
62 19 37 88
99 83 77 35
70 66 66 67
18 54 19 90
76 93 37 64
32 37 72 85
48 49 28 69
32 25 82 46
51 10 30 74
48 91 37 18
34 59 38 31
29 20 68 93
74 87 17 76
75 30 79 88
58 14 33 81
79 72 86 46
80 32 47 79
50 74 50 75
58 19 41 54
51 11 88 89
36 81 25 38
47 47 32 71
96 68 24 44
45 60 82 67
99 26 79 29
42 55 38 35
92 77 26 28
20 52 100 89
31 32 24 31
36 71 40 20
11 45 88 54
13 73 20 31
65 29 63 61
83 97 14 90
67 40 24 96
93 42 91 67
26 11 100 23
73 72 42 76
86 43 97 26
67 61 85 43
85 49 74 69
64 53 34 75
89 99 19 23
94 31 59 43
83 88 38 43
86 75 31 94
31 67 54 65
90 47 42 90
100 13 14 84
99 97 43 85
16 30 40 48
77 91 53 71
32 30 53 38
51 62 13 26
100 54 11 100
21 48 95 83
57 58 45 83
35 89 42 40
86 69 19 71
79 96 87 58
50 10 53 86
27 10 32 67
69 40 73 56
19 84 34 27
68 76 91 38
45 70 92 71
87 21 77 30
71 80 63 97
78 43 51 64
43 71 76 90
62 40 82 57
84 84 96 83
46 38 26 47
92 68 26 37
61 54 25 68
61 59 28 78
22 68 83 85
29 63 50 100
45 13 95 22
21 45 71 76
94 63 84 36
27 85 100 17
100 34 56 70
70 51 61 94
33 42 88 58
80 49 33 92
28 35 28 63
15 28 34 58
98 67 38 10
73 54 52 24
19 57 51 60
84 96 51 22
97 53 59 90
79 42 43 11
50 91 70 57
43 62 63 67
18 94 95 36
52 63 93 99
24 68 64 38
12 13 54 67
92 37 31 20
14 98 49 46
35 83 65 30
87 62 28 43
34 19 75 79
26 20 25 87
82 91 26 30
16 22 98 15
78 65 98 75
26 25 100 19
19 89 67 33
80 12 66 32
17 64 80 78
46 29 44 75
81 21 87 22
32 100 70 68
94 63 97 34
33 38 79 50
68 38 73 90
27 62 33 21
48 44 40 95
30 35 55 10
41 16 25 54
12 73 92 61
52 32 63 77
30 31 92 55
78 37 27 41
47 44 84 55
39 83 88 39
36 85 96 66
49 91 59 91
63 98 92 97
85 38 96 10
82 80 24 32
96 61 20 77
22 56 69 44
88 58 73 67
71 26 22 57
20 11 75 56
84 35 79 56
29 72 58 88
58 89 55 91
96 35 80 53
41 79 12 97
47 93 40 71
37 68 33 98
93 46 51 85
56 57 19 47
93 68 26 98
26 34 61 67
21 19 18 58
19 88 88 24
30 77 93 86
63 49 44 17
81 85 19 50
57 27 39 18
94 73 73 53
37 17 99 86
86 28 29 49
83 67 32 28
45 93 42 44
70 76 52 10
20 70 84 53
84 42 31 68
93 68 93 13
23 54 20 55
65 19 91 55
59 59 90 11
82 99 80 49
88 40 20 43
67 68 82 17
61 87 76 73
25484 21258 15166 9314
17 64 95 20
13 36 38 76
58 53 73 38
19 20 61 45
57 87 40 26
65 50 96 57
37 96 78 44
87 99 50 24
93 15 50 15
10 98 50 37
11 40 71 67
11 91 53 84
89 66 63 14
15 21 73 91
60 43 77 14
76 92 46 28
61 74 30 20
88 95 77 80
56 86 35 69
11 68 44 61
16 80 85 47
54 24 60 81
41 14 29 84
96 13 54 34
99 78 39 81
96 68 64 33
46 28 91 78
45 91 11 73
51 11 90 10
93 16 46 86
99 71 15 69
34 59 62 69
46 33 45 87
49 12 11 64
47 25 15 46
52 11 46 91
29 50 47 76
93 33 48 23
48 38 88 54
48 11 91 65
93 41 59 92
84 35 42 11
81 92 17 50
73 28 36 81
94 86 80 74
34 54 50 89
61 15 35 96
72 25 30 67
57 35 61 44
77 54 27 58
83 25 54 64
56 86 42 57
42 48 23 48
63 31 42 67
54 65 35 36
98 67 71 89
17 90 97 20
80 17 83 86
99 25 90 17
74 98 91 72
93 32 22 14
73 41 90 92
33 33 78 87
33 68 99 15
49 11 14 43
44 35 29 55
95 62 76 72
45 27 54 33
20 74 24 95
25 17 33 87
88 90 28 45
56 50 29 62
58 25 53 32
48 79 26 24
37 100 14 59
83 29 57 13
34 14 14 57
43 53 12 26
26 39 18 59
36 42 20 81
87 61 90 80
80 78 99 54
56 22 63 77
79 17 23 27
52 22 96 87
97 23 17 75
25 22 56 50
95 83 43 74
62 66 45 84
99 33 71 94
46 88 58 87
56 87 92 77
90 32 42 74
92 16 91 11
15 78 23 79
74 97 20 65
84 43 85 17
100 90 26 86
76 22 88 12
37 16 65 44
38 79 41 37
36 17 58 59
50 36 80 87
38 100 82 81
20 42 88 33
76 17 30 45
71 96 68 37
65 91 94 88
86 84 74 22
90 79 63 98
59 20 41 87
89 31 72 23
21 70 62 88
43 19 45 40
59 21 65 48
62 41 22 27
33 15 17 12
38 17 99 58
88 17 40 51
96 69 49 82
37 41 50 17
13 18 44 68
66 28 94 55
20 96 10 94
96 49 41 55
98 52 25 90
52 42 36 53
13 67 18 52
90 30 55 47
51 27 35 88
81 19 29 79
45 29 15 52
13 78 44 88
97 53 34 14
24 99 64 27
100 53 46 14
77 53 77 64
81 17 84 25
20 46 72 22
100 61 31 79
27 64 98 54
59 16 32 34
96 88 23 27
57 32 94 22
49 61 70 40
90 22 56 46
97 96 30 54
74 92 74 91
16 96 61 78
72 43 85 36
41 87 95 18
81 23 50 58
29 48 97 31
52 14 100 65
16 88 75 11
76 32 20 92
59 100 14 79
24 73 92 40
30 14 76 51
34 33 51 91
65 29 23 55
59 64 17 94
64 35 95 24
66 93 18 92
34 83 39 73
92 41 29 25
73 60 89 31
92 63 35 49
30 92 42 78
64 90 49 95
100 89 20 57
12 17 57 17
65 51 36 66
69 10 88 92
81 94 76 98
62 72 46 58
39 18 18 56
38 10 56 65
84 79 66 65
18 67 16 35
38 20 82 35
32 40 30 84
36 43 15 74
11 93 70 91
26 80 24 23
46 94 52 69
38 54 44 24
28 51 63 19
51 78 70 94
49 74 93 30
25 17 95 83
91 100 91 43
43 28 26 22
76 20 47 89
18 42 95 99
53 39 27 82
94 60 45 43
34 39 30 18
46 65 81 39
27 74 39 45
54 79 87 50
44 92 62 32
41 96 48 91
59 54 58 13
42 72 67 67
70 70 85 53
46 82 76 14
48 23 50 99
18 46 59 15
58 72 44 38
64 29 89 34
76 69 45 67
32 61 84 39
76 73 40 17
91 32 47 92
70 18 11 94
73 30 12 77
96 72 49 18
24 88 40 72
49 99 51 82
98 54 89 73
71 68 46 24
69 57 51 44
71 73 34 63
28 62 98 19
83 67 33 63
83 67 25 33
29 10 11 78
54 100 17 49
80 25 94 55
49 91 21 38
48 29 93 56
49 86 18 81
78 12 19 14
71 46 51 11
64 30 95 73
96 92 23 33
43 49 13 19
69 53 63 84
85 46 92 48
84 78 59 76
21 30 68 89
31 23 79 93
71 66 86 19
78 15 51 73
48 61 63 77
92 21 37 33
32 20 89 37
75 92 41 50
85 46 61 30
26270 21132 14409 10182
56 22 24 51
46 85 73 26
55 73 18 77
23 97 80 35
15 28 29 53
93 32 59 41
25 19 64 33
56 62 70 19
54 26 35 95
44 11 62 67
33 66 58 94
70 60 13 33
67 46 70 68
29 59 75 28
83 58 92 96
41 17 68 71
57 61 87 57
77 41 70 89
18 75 80 97
72 30 57 79
20 56 57 49
75 58 76 16
32 48 91 91
73 35 33 12
22 91 34 94
60 25 56 89
57 26 60 16
23 97 82 58
97 94 96 11
76 72 54 81
81 35 30 90
37 73 89 45
91 56 100 30
56 64 68 65
24 28 93 21
82 22 77 32
42 76 60 42
92 38 95 40
99 87 15 52
78 30 58 30
28 62 73 87
11 38 15 34
44 64 56 97
90 20 99 96
55 38 19 93
17 54 68 80
31 11 92 19
71 55 51 29
49 97 53 11
56 11 41 56
55 20 81 67
30 19 49 47
47 82 46 58
44 70 72 31
85 57 99 32
72 22 33 10
73 74 16 81
63 87 83 11
53 86 74 49
54 54 32 56
98 63 59 20
11 35 15 54
11 10 92 100
88 41 42 48
69 82 95 15
91 36 85 76
23 94 79 96
34 65 51 36
35 92 71 81
50 54 12 60
65 59 14 74
85 47 48 18
89 81 50 12
16 53 43 99
35 95 23 91
89 49 56 57
25 68 49 91
67 70 86 66
40 89 45 73
70 80 68 68
21 86 38 17
80 68 11 87
61 63 28 74
77 88 89 18
33 50 57 78
100 47 64 52
30 71 97 48
13 34 27 42
72 98 67 79
19 82 24 71
98 67 30 64
26 41 63 16
54 32 95 60
48 66 99 84
62 40 77 29
41 17 83 27
67 93 87 84
47 68 45 73
31 75 53 72
47 12 79 57
85 56 83 76
67 87 27 47
15 66 45 78
64 94 90 50
61 49 100 67
58 20 38 22
70 12 24 53
88 83 11 85
11 65 55 55
30 45 36 50
37 37 23 71
98 46 64 89
15 63 81 21
79 47 30 36
23 73 39 10
62 51 14 57
52 37 94 62
56 24 77 10
64 67 70 27
83 52 72 98
73 38 67 52
16 50 55 63
12 93 80 52
85 65 95 56
31 67 56 21
28 39 46 84
11 51 62 94
81 16 44 86
96 28 15 53
77 41 61 69
75 54 45 94
84 28 78 72
43 90 85 44
49 63 35 81
31 51 54 50
14 95 76 55
79 19 68 56
63 90 86 38
62 11 78 29
37 96 40 89
10 21 81 89
23 93 27 18
66 51 73 78
83 50 80 98
25 29 94 94
17 43 22 52
12 46 40 79
62 44 82 71
72 30 20 71
47 95 33 66
62 28 15 84
45 64 15 94
51 41 23 32
70 17 30 21
39 39 27 10
70 81 93 85
32 55 49 98
47 13 79 78
95 31 11 44
19 39 89 11
64 93 51 34
36 56 40 23
72 88 73 43
15 70 13 71
99 28 37 43
25 57 100 12
12 72 41 30
81 19 28 74
90 18 64 44
58 84 62 34
19 99 30 11
82 78 100 31
74 92 38 63
96 41 20 43
33 96 53 84
50 72 35 27
39 46 87 27
94 23 31 11
77 63 29 18
92 31 13 82
95 51 49 52
67 67 81 26
71 83 58 14
88 84 64 15
35 18 71 80
81 10 68 14
28 63 93 36
96 33 44 94
73 71 91 19
34 15 100 43
30 20 30 58
20 78 58 32
24 76 90 53
39 50 78 30
16 64 35 34
77 46 71 48
54 52 87 53
23 60 75 43
90 26 12 30
28 37 99 69
100 94 76 19
79 74 43 76
64 16 62 22
99 77 33 52
82 65 78 11
59 46 86 42
81 78 32 87
14 14 30 83
47 64 79 77
98 11 12 77
19 53 78 62
56 33 51 79
16 49 69 79
94 21 74 66
72 67 98 53
33 49 10 98
15 69 29 99
61 93 27 64
26 43 28 17
34 95 80 65
21 17 11 98
43 60 48 77
14 67 54 20
80 48 35 66
79 72 49 82
36 71 73 41
39 23 77 86
71 62 81 84
18 72 25 57
92 27 69 74
27 86 91 43
65 15 45 75
75 24 30 49
82 68 56 54
28 55 25 35
30 25 32 20
31 90 30 86
43 61 80 10
84 64 95 26
71 29 50 92
18 78 72 10
17 29 49 11
100 22 84 25
50 42 57 51
97 57 52 63
73 76 61 63
16 99 59 62
61 84 12 22
98 39 28 97
27 49 99 21
24847 18896 14677 9655
53 40 81 36
49 66 14 20
46 91 93 58
39 94 91 56
80 87 72 83
89 82 35 95
20 51 86 59
40 30 88 78
73 38 22 80
49 52 46 44
78 78 31 24
44 19 12 62
60 10 30 14
37 91 34 54
26 25 78 82
60 73 62 89
11 33 60 44
92 63 64 16
24 27 25 76
84 15 44 20
91 51 75 66
89 74 97 99
91 25 20 16
52 70 36 46
49 95 57 24
58 67 24 43
30 88 86 64
77 17 25 98
23 71 32 80
46 59 15 84
47 94 66 91
29 33 26 19
46 59 74 16
30 16 77 95
95 69 75 57
29 71 66 23
95 64 68 37
61 75 36 63
85 44 76 59
24 18 67 48
60 90 47 76
37 26 42 81
45 53 55 92
55 31 66 89
25 44 37 51
92 65 12 98
57 65 20 24
63 48 68 37
98 92 97 70
56 91 74 100
53 95 97 53
32 69 98 39
20 38 40 77
49 43 92 19
30 70 82 99
81 39 39 14
49 49 62 29
32 76 79 94
88 81 94 41
40 33 22 26
34 26 42 44
96 54 13 60
84 22 41 72
86 31 18 81
77 62 65 81
76 84 11 74
45 35 40 18
93 70 20 33
11 68 52 34
55 73 49 22
81 50 22 67
69 20 53 89
28 12 73 21
58 60 35 40
99 32 33 87
43 41 78 57
92 79 50 32
39 70 75 53
89 46 77 21
83 87 92 53
84 74 74 16
100 61 58 41
99 68 18 25
93 54 35 31
72 49 77 47
68 98 93 98
56 51 65 43
89 66 61 65
29 50 38 24
18 29 73 21
58 48 81 27
98 78 31 65
51 34 23 13
41 83 95 73
20 66 24 22
34 93 66 90
21 80 62 93
66 81 13 89
99 70 86 40
10 64 100 22
76 20 52 36
59 61 36 25
86 96 54 43
80 48 63 51
28 69 97 57
60 46 40 22
46 60 79 89
53 67 55 16
86 22 66 35
92 60 40 70
11 40 22 31
48 29 88 57
44 10 89 89
91 17 81 82
22 70 91 58
67 16 90 52
89 84 33 41
51 95 88 97
77 72 65 89
45 76 18 14
34 88 10 50
52 66 74 18
51 92 88 28
73 78 42 82
35 97 19 12
20 38 50 74
43 46 51 78
33 81 96 39
51 71 68 23
68 33 70 76
43 10 90 83
50 60 14 55
13 100 92 80
39 76 56 46
39 44 97 45
100 96 79 25
29 40 56 45
50 85 52 73
86 48 71 88
76 23 39 87
55 38 45 46
95 83 52 12
71 75 65 51
49 99 47 18
24 87 61 51
44 20 73 88
92 66 58 81
19 36 78 93
22 91 12 73
18 52 55 29
44 40 64 30
74 34 49 89
97 42 89 75
36 84 74 34
39 15 75 77
58 12 82 61
19 97 65 71
10 85 26 93
75 64 10 48
11 24 13 38
91 26 69 56
53 95 39 77
40 29 36 54
43 12 27 35
44 96 42 99
93 45 62 77
85 15 16 29
84 34 99 55
22 47 29 11
16 92 93 38
62 76 35 39
91 94 97 19
61 36 31 41
29 71 77 82
89 53 24 10
81 36 13 86
40 48 66 11
14 93 76 35
55 22 69 70
16 35 65 36
53 31 44 10
68 47 59 11
67 74 94 69
51 91 78 92
34 73 83 10
15 53 43 68
79 64 60 38
62 25 41 76
63 67 25 47
54 15 88 58
58 40 35 90
60 55 75 67
73 86 45 17
99 86 38 14
55 73 92 33
55 12 83 37
15 28 62 65
36 52 57 50
86 44 61 71
75 43 43 44
66 80 51 57
51 32 10 99
34 59 43 81
60 26 75 65
26 78 50 70
34 54 63 41
76 72 50 71
80 13 13 63
73 81 38 32
43 78 51 15
45 12 33 92
76 57 56 89
20 26 10 79
47 74 21 50
22 32 51 41
81 99 83 87
51 15 28 17
67 51 50 71
36 68 54 21
17 35 56 28
43 94 68 55
23 34 60 85
60 87 25 35
26 18 97 29
82 64 35 51
59 39 17 71
29 60 65 49
40 21 84 61
45 93 69 88
47 91 57 87
72 92 25 65
69 10 100 45
90 40 88 65
34 21 49 58
13 55 28 78
98 25 55 43
77 74 15 26
99 93 15 62
100 65 92 42
10 51 32 58
64 84 14 66
47 54 16 13
98 58 38 22
95 35 100 35
15 66 73 75
63 79 92 66
49 32 18 25
46 34 23 88
36 98 97 10
76 17 53 38
27459 21413 15523 10485
34 76 89 75
39 93 44 58
78 66 14 63
14 21 47 42
86 90 66 77
22 84 54 34
15 47 20 58
99 64 31 62
47 57 38 75
26 100 61 33
94 82 50 95
80 67 62 37
33 37 24 55
68 23 37 22
28 18 64 28
19 86 18 64
26 12 98 26
29 66 52 96
37 58 61 68
16 35 16 27
84 31 63 95
20 28 41 93
74 18 51 15
99 35 48 44
16 84 84 88
26 68 48 100
28 25 28 14
41 84 38 32
55 25 100 25
39 64 89 69
30 51 52 27
33 95 63 11
35 74 58 34
11 48 79 24
93 30 78 55
22 76 92 35
25 78 30 50
80 91 52 97
27 59 18 56
76 85 58 36
98 84 64 63
86 58 98 98
33 55 62 31
24 72 70 21
39 50 40 86
40 62 63 65
99 18 51 99
96 73 36 41
91 16 79 25
88 100 82 16
18 42 50 60
79 31 99 34
90 46 58 34
23 69 15 87
58 52 47 89
12 32 56 34
57 45 34 100
76 88 27 66
88 52 42 83
40 86 87 97
22 48 64 53
27 46 60 84
76 61 21 90
23 23 34 61
72 59 66 88
30 61 93 23
39 67 20 87
92 96 70 22
51 43 84 62
31 81 17 87
57 28 45 54
18 54 13 76
55 48 45 38
80 25 59 48
49 99 51 79
58 52 60 32
56 57 14 40
94 19 42 86
94 94 100 90
43 26 32 61
84 27 18 50
75 75 41 52
11 97 18 98
98 36 68 43
20 28 89 57
57 25 17 76
86 57 46 75
81 30 83 56
86 35 49 53
52 22 21 69
55 10 74 62
94 80 13 71
52 67 30 34
49 73 51 45
78 81 56 49
34 26 32 68
85 89 28 55
45 40 82 60
84 35 73 98
43 36 96 42
37 84 26 71
37 27 84 86
25 68 16 30
61 73 44 32
74 65 70 92
95 78 94 28
79 82 65 78
46 45 84 83
98 91 86 67
76 55 41 16
89 48 67 52
60 28 44 97
22 63 58 95
35 76 48 71
54 43 46 87
81 84 58 54
54 90 93 87
46 13 18 13
64 16 68 96
22 17 55 34
95 77 22 42
99 82 72 98
35 45 93 27
60 26 29 33
86 31 11 31
81 14 94 20
35 69 82 86
83 14 32 20
34 73 39 32
69 32 85 78
27 19 51 70
37 35 10 22
28 78 16 35
42 25 70 10
70 94 10 18
56 85 68 13
61 19 50 42
22 84 100 37
99 68 22 41
68 16 42 90
96 94 63 43
33 36 63 55
24 73 38 17
19 67 51 37
76 95 44 15
88 74 94 64
51 68 37 33
67 31 52 56
24 35 97 48
94 53 42 25
82 60 57 32
37 10 69 38
12 44 60 54
35 71 91 74
87 22 12 95
53 96 99 87
22 25 67 68
10 38 36 27
73 50 27 36
88 80 56 84
82 15 80 16
58 38 78 34
99 61 14 88
34 28 50 16
72 88 34 49
84 28 39 57
18 89 54 19
74 18 94 30
72 78 20 29
76 88 77 91
23 97 52 77
62 12 100 69
15 58 69 11
41 68 78 33
54 100 20 30
69 100 72 92
92 100 100 65
17 68 25 11
30 37 59 53
56 93 47 12
26 67 52 80
14 28 79 69
82 41 18 91
18 35 51 33
27 65 44 46
47 35 86 50
43 89 14 74
97 73 49 25
78 14 57 37
37 18 13 68
34 53 88 92
82 23 21 98
40 90 71 31
42 44 23 27
65 71 91 94
60 93 19 79
41 34 35 84
50 86 50 47
44 91 88 86
62 93 77 51
21 64 62 65
18 71 87 67
27 28 76 24
67 64 70 12
38 89 77 71
49 100 95 73
48 38 21 21
63 78 27 80
95 100 81 24
28 93 58 86
72 53 68 90
91 50 77 37
41 45 53 59
97 51 33 45
81 36 37 63
94 93 26 34
53 93 38 14
66 62 95 100
77 97 35 21
74 47 47 46
19 11 52 79
25 72 41 20
32 95 87 40
99 93 60 64
18 100 55 99
20 81 15 48
17 81 14 50
48 15 60 16
14 73 95 82
21 100 48 26
84 58 40 33
50 41 90 18
25 46 96 26
55 58 54 69
59 63 85 25
17 35 68 48
72 25 31 98
48 25 44 44
87 69 83 92
77 76 28 31
83 29 25 76
75 43 78 22
91 26 39 16
70 42 35 32
17 90 79 55
45 67 25 45
53 26 67 39
100 65 28 68
65 36 55 65
53 59 82 35
26804 20090 14808 9202
27 23 23 35
36 39 97 58
82 37 36 22
96 93 99 45
37 78 29 20
60 75 62 27
30 98 27 73
35 99 33 92
92 46 39 79
67 10 34 43
81 75 95 15
39 63 68 45
37 40 33 47
21 28 89 24
25 14 66 16
66 84 50 18
14 95 65 45
95 70 65 37
63 86 87 22
45 86 38 55
97 44 19 31
60 87 87 15
26 38 32 10
29 39 98 61
97 98 23 88
59 17 32 20
90 25 95 77
44 94 96 19
48 36 16 36
88 23 49 44
25 58 62 89
44 43 83 23
68 55 52 87
13 48 75 41
78 54 40 64
35 82 99 70
25 20 14 42
81 36 89 79
55 98 44 52
56 38 23 96
92 76 83 10
18 91 55 98
14 82 39 40
18 82 40 17
49 52 28 15
15 42 14 29
98 98 88 29
38 74 65 65
16 91 31 96
83 88 15 73
56 68 35 71
16 88 29 88
64 99 20 93
77 15 15 18
100 61 60 83
89 49 70 62
30 98 62 23
11 89 77 92
31 96 30 12
100 86 65 63
48 23 28 35
100 15 85 59
20 54 12 36
65 83 89 62
75 85 93 95
19 11 39 19
23 18 90 77
30 46 65 36
48 51 72 93
89 78 85 69
41 19 46 78
87 37 86 24
40 52 99 21
82 92 85 63
26 23 64 20
81 64 75 46
75 59 47 90
34 68 97 64
57 13 55 28
65 60 68 57
52 17 49 22
25 86 21 38
36 61 43 62
70 99 30 72
66 100 32 92
20 87 56 73
17 63 88 79
77 32 69 34
16 47 46 32
39 26 28 93
67 17 36 66
72 10 50 98
27 28 16 35
88 74 13 94
44 50 81 60
41 58 25 25
69 35 83 99
80 59 44 93
28 16 60 47
41 58 100 95
15 85 85 13
53 96 58 77
30 80 58 96
39 22 34 83
68 13 55 24
10 56 72 67
69 33 82 41
44 14 81 56
52 83 39 18
85 18 63 61
81 41 17 27
72 57 47 88
54 14 48 61
80 84 83 15
34 24 68 82
56 79 64 30
22 29 70 29
48 26 19 16
12 95 81 83
75 60 99 29
52 99 37 81
78 76 78 100
24 97 57 19
89 57 99 54
56 41 64 14
42 73 61 10
93 90 81 66
44 47 69 82
68 21 88 58
94 10 43 27
53 34 24 21
70 93 97 11
83 23 46 21
10 61 29 77
13 11 71 60
78 95 57 72
44 41 53 47
48 36 70 91
12 33 53 71
65 48 18 32
77 82 74 52
56 59 48 66
26 21 78 75
14 66 70 89
44 67 97 27
95 97 50 65
70 60 89 52
91 42 80 98
47 64 25 30
39 85 41 51
22 41 67 32
39 95 67 79
21 44 56 29
95 73 23 71
14 55 10 90
28 18 26 43
90 71 54 20
51 36 90 31
26 53 11 20
25 57 50 85
90 63 65 44
65 26 13 85
63 11 87 64
99 21 65 24
82 43 50 15
27 87 55 34
73 96 65 15
69 14 82 54
71 18 86 77
32 73 62 92
54 58 89 49
18 66 99 34
14 12 38 90
92 37 83 91
51 22 92 41
63 81 100 69
19 27 41 97
33 41 67 66
95 19 62 27
67 14 48 27
10 16 71 52
93 30 31 55
45 33 79 43
71 38 81 11
59 19 17 42
94 19 66 12
14 87 24 17
79 30 96 24
20 63 74 34
31 75 34 95
79 67 76 72
100 88 50 41
48 50 16 79
75 31 84 54
28 78 55 29
69 41 99 80
69 95 56 22
17 80 27 64
17 20 87 21
58 89 12 27
32 49 84 35
59 15 94 24
63 29 46 85
75 33 19 27
40 26 53 62
10 55 96 80
22 58 61 72
95 72 25 18
72 96 15 93
88 31 44 85
55 50 35 29
29 56 55 89
18 66 65 47
49 10 25 18
49 59 89 46
55 83 86 65
19 48 41 62
83 23 60 92
77 39 87 10
88 10 46 24
12 63 94 12
65 98 64 90
20 59 74 49
83 27 65 63
80 62 88 82
22 18 94 50
45 64 72 17
11 47 42 60
72 18 77 11
42 70 89 25
63 36 11 52
85 71 39 12
48 26 71 82
56 67 99 27
90 59 42 13
95 52 47 22
57 91 70 65
91 25 69 84
73 23 71 33
20 78 14 81
94 78 23 48
34 74 28 23
71 75 48 59
64 77 40 74
98 40 44 85
93 10 38 97
66 16 91 13
76 34 50 46
85 45 22 77
92 89 90 94
26684 21430 16270 10983
64 62 40 15
54 24 79 73
44 41 69 15
46 81 89 50
61 82 15 80
29 20 28 10
80 25 24 55
14 94 24 92
32 59 44 47
85 92 20 71
31 83 33 100
97 23 60 55
44 18 28 21
56 83 24 22
62 92 76 40
91 18 16 39
98 47 56 64
23 15 94 42
79 44 74 43
34 70 92 68
33 66 34 87
13 34 73 85
87 80 77 94
83 17 21 78
48 42 46 91
20 61 48 22
19 51 96 72
97 22 70 15
70 88 41 88
83 37 14 43
97 70 80 79
12 54 63 23
60 68 26 80
63 51 64 68
84 27 14 83
93 68 54 32
79 23 70 42
88 19 18 43
65 13 75 60
35 74 71 40
41 40 11 76
27 95 57 67
35 66 84 67
86 73 18 42
50 99 76 33
41 54 54 94
83 67 52 78
45 78 55 29
86 53 61 56
58 74 13 33
73 76 21 35
15 20 32 70
15 84 45 57
26 18 84 54
22 38 68 70
37 60 71 43
46 29 27 68
59 62 74 77
72 27 91 21
95 61 17 12
22 94 60 57
43 57 39 77
36 61 16 13
64 45 11 43
68 37 64 36
96 44 33 71
93 78 62 97
77 60 14 71
78 75 37 37
85 60 54 55
29 84 80 17
60 87 71 36
77 20 64 71
73 14 13 58
69 14 98 69
81 37 41 81
89 28 62 64
32 14 37 44
49 16 52 49
49 82 13 22
58 53 26 31
97 12 19 21
34 11 77 47
96 56 94 47
17 41 68 73
84 32 45 17
79 84 29 20
87 43 100 74
59 13 73 35
73 78 14 38
43 30 59 91
37 42 24 64
25 80 26 77
21 10 89 79
43 21 83 64
46 34 80 70
70 95 44 17
92 89 22 80
95 99 59 69
36 80 81 40
57 40 42 79
51 55 80 18
28 46 10 96
50 80 88 48
65 96 79 64
49 43 13 33
49 17 56 77
27 22 32 70
88 86 76 39
51 10 37 85
71 79 49 88
43 55 20 69
14 12 54 26
92 80 87 69
97 81 62 74
77 20 56 10
72 55 33 56
12 17 25 49
89 25 38 82
30 50 37 10
96 43 11 56
95 85 97 45
79 67 14 30
13 66 92 12
87 91 95 45
44 32 67 31
40 58 82 24
86 69 65 60
22 30 96 58
41 75 60 42
13 12 68 86
48 25 20 85
96 46 44 55
38 55 23 92
66 37 42 23
15 12 24 88
11 65 10 49
76 36 66 97
58 34 68 49
82 63 72 14
85 24 73 98
93 98 17 75
79 42 35 30
38 91 90 30
59 74 73 78
96 51 65 42
39 96 49 81
28 51 95 93
71 34 92 80
98 100 18 27
30 67 90 68
77 57 25 78
53 61 19 10
39 41 57 32
73 25 10 47
98 78 12 35
54 89 46 77
86 21 54 71
68 95 31 48
59 81 38 61
21 84 84 98
33 88 20 81
42 42 79 85
79 12 41 11
21 55 35 73
80 11 14 51
83 68 36 12
28 12 44 23
98 92 46 55
15 27 89 18
96 96 69 24
82 64 55 22
24 46 63 14
22 72 81 11
86 17 96 33
39 98 32 97
76 83 40 60
45 46 10 91
61 75 14 66
97 26 32 54
88 21 58 81
24 97 54 17
77 74 26 23
63 34 64 65
45 25 63 19
68 95 17 26
89 100 74 86
32 20 20 43
66 10 48 34
33 58 52 30
93 45 99 55
60 81 71 72
51 58 30 73
42 11 52 24
42 18 84 12
10 17 95 95
16 32 50 28
40 15 29 79
60 39 28 48
70 37 93 12
10 12 29 66
13 12 95 71
38 83 75 70
72 70 58 99
56 69 93 24
47 22 78 42
24 80 96 40
23 54 82 45
39 42 60 41
25 78 55 61
33 50 49 92
16 75 35 54
73 96 71 87
50 45 85 27
12 60 67 86
44 57 78 86
24 62 41 13
95 34 53 59
61 88 20 62
24 16 20 80
91 37 26 45
27 50 64 32
23 81 79 22
67 40 69 28
92 93 94 63
68 100 93 38
17 83 17 92
48 96 85 45
46 62 28 69
57 98 17 21
81 55 32 72
56 43 83 32
63 85 33 76
59 97 89 30
52 52 62 51
70 21 36 90
27 10 50 30
23 86 24 22
39 55 55 14
45 17 79 81
67 86 87 38
56 27 75 70
35 35 51 73
66 60 74 67
26 96 70 25
68 100 54 23
87 71 63 69
95 31 42 80
68 22 43 89
32 60 28 26
25773 20955 15180 9339
52 34 86 78
94 35 31 18
64 46 61 29
65 69 93 49
100 11 63 23
88 79 64 31
90 79 90 91
78 56 80 59
37 17 81 78
24 16 14 89
24 97 64 98
69 55 32 88
100 38 54 94
26 49 67 99
66 93 13 41
53 11 73 77
32 73 45 25
37 33 51 12
17 60 43 64
38 85 54 54
54 66 44 99
13 87 37 12
73 33 68 43
69 67 17 98
90 30 93 19
54 45 63 95
65 14 18 81
73 63 64 91
91 60 76 49
60 82 38 71
74 27 13 30
57 12 37 57
43 15 69 100
83 73 63 33
14 58 84 79
26 74 16 37
39 90 24 76
71 57 63 59
79 16 28 68
16 66 82 83
47 94 85 19
62 46 17 76
32 68 33 11
53 25 89 86
83 90 22 26
54 44 70 67
29 29 97 66
100 82 91 11
22 69 28 38
64 75 22 85
65 56 49 82
81 28 24 72
16 65 86 56
57 37 71 82
25 63 29 82
72 75 68 75
18 74 89 92
94 91 58 38
31 18 73 92
99 44 50 39
34 58 72 64
71 82 85 52
73 13 48 78
67 26 53 43
42 82 64 41
73 55 78 10
15 86 58 25
91 79 48 94
99 41 36 79
25 73 97 38
12 91 68 34
57 37 48 94
68 13 26 10
20 87 45 83
76 48 39 45
68 41 39 86
58 98 98 43
50 41 43 59
13 64 99 12
52 78 78 52
35 96 73 89
22 31 74 14
94 32 20 51
18 40 46 45
83 52 99 84
17 14 88 70
43 77 26 41
12 20 61 25
10 53 62 46
54 99 54 74
82 31 59 97
51 31 80 72
82 38 41 96
79 65 19 24
22 11 86 45
80 30 66 42
44 50 22 58
39 22 17 36
33 42 86 20
45 100 28 33
98 43 24 62
96 39 76 16
20 80 93 25
51 13 100 10
62 67 78 97
38 44 28 82
67 57 80 67
21 90 66 84
66 63 38 63
86 40 56 43
18 84 13 18
18 69 97 81
57 64 42 16
18 48 34 99
55 49 26 13
93 40 19 81
36 34 90 47
76 54 88 56
14 70 36 40
20 48 67 27
84 42 33 25
57 88 52 36
60 74 74 17
69 35 21 19
35 84 85 95
27 37 32 18
36 66 27 65
88 20 98 16
58 17 11 44
90 39 10 42
21 43 45 58
38 46 83 46
68 25 64 10
79 26 81 99
21 80 56 71
58 63 14 27
28 58 12 76
69 98 79 19
11 80 19 86
48 76 96 49
53 98 83 98
22 61 20 61
57 55 73 85
83 59 88 12
58 29 24 32
26 11 87 29
97 24 44 95
20 82 10 35
11 71 84 96
32 16 45 73
31 75 87 10
68 75 71 53
83 24 65 75
27 43 71 80
54 96 53 55
20 75 75 54
44 49 25 31
94 75 83 52
87 84 57 49
18 28 71 77
96 31 19 96
84 83 74 51
88 43 35 36
14 90 38 29
88 100 41 12
84 19 97 68
49 38 95 79
65 88 94 96
48 41 37 39
17 50 36 38
100 97 100 90
87 68 59 73
53 22 39 30
76 82 91 79
48 92 79 28
41 82 11 18
55 23 72 32
59 49 41 15
21 24 42 37
71 73 50 29
36 42 96 21
39 19 64 76
62 18 58 69
52 70 54 56
89 82 20 57
26 56 33 34
13 50 56 58
61 10 23 42
88 100 68 89
61 76 28 10
97 71 11 81
20 90 41 98
46 56 72 36
68 97 62 87
86 12 51 66
35 42 42 64
59 98 47 35
34 52 96 54
65 51 46 88
65 81 33 15
42 10 58 27
89 66 66 100
22 15 83 19
33 74 47 100
61 29 49 35
80 26 97 61
84 43 82 99
49 77 93 50
91 32 12 15
42 31 44 26
56 87 92 53
32 92 92 61
63 64 30 92
63 96 93 19
23 50 79 48
18 27 12 38
61 62 47 85
33 71 69 60
37 97 67 30
67 77 39 69
70 18 89 100
49 12 46 36
100 29 17 99
19 62 37 75
63 73 63 86
17 51 85 89
31 68 15 96
74 26 57 34
14 100 59 84
92 12 100 39
83 60 71 93
77 22 34 60
61 94 98 98
10 59 57 52
38 34 35 10
60 100 62 34
93 97 57 59
21 51 16 44
22 11 79 51
35 27 18 76
98 45 37 22
98 93 22 87
98 73 23 99
39 22 81 51
27 96 98 84
69 51 99 60
96 91 71 56
64 27 24 89
84 59 88 78
77 90 68 14
25303 19541 15446 9253
71 32 45 49
78 47 84 90
97 75 52 88
72 70 77 79
85 55 45 28
61 49 69 13
47 46 53 24
99 60 92 21
28 48 60 17
49 23 16 74
52 10 57 84
33 80 80 27
76 42 28 75
33 83 38 32
51 98 56 66
16 28 48 44
61 15 20 33
77 76 66 43
73 48 59 100
35 77 43 34
33 11 13 94
74 77 14 95
84 93 28 79
49 34 96 16
50 92 23 86
18 62 42 22
49 99 79 18
65 96 72 65
64 65 80 96
96 56 16 16
55 54 84 71
39 56 14 27
88 56 15 58
78 28 97 35
96 64 59 62
41 96 46 10
18 71 48 100
22 54 77 76
89 67 45 25
87 54 90 77
67 15 23 72
16 58 30 75
12 16 88 51
25 35 39 22
90 77 92 38
25 18 81 16
21 80 12 84
92 82 55 20
71 44 11 13
10 61 24 59
88 46 93 84
95 89 25 25
75 19 90 50
20 29 47 15
14 19 32 46
50 74 63 87
26 75 33 92
31 41 26 23
60 25 98 58
76 51 27 86
98 74 51 18
28 54 88 15
31 49 62 52
13 24 54 69
30 30 51 93
67 43 42 75
56 95 29 43
92 12 72 97
34 33 57 55
68 28 74 100
57 30 52 13
91 83 78 48
16 81 86 38
60 35 82 53
61 38 33 36
52 92 10 62
10 81 15 65
45 70 51 71
30 10 81 18
67 40 97 89
92 72 64 97
86 70 49 99
70 33 70 55
35 98 59 55
22 94 46 53
61 37 68 28
12 95 42 19
60 67 49 17
89 11 10 75
27 21 50 60
48 66 59 12
53 97 44 17
94 88 62 75
40 88 51 34
38 31 44 51
25 51 11 51
58 60 56 100
66 20 17 71
50 63 62 38
68 71 63 11
68 29 78 40
79 41 60 62
24 70 82 81
11 41 32 65
70 15 19 20
41 55 86 12
36 31 17 35
78 69 42 84
93 36 18 79
62 78 72 74
24 74 76 36
92 50 44 17
49 29 39 89
29 10 87 95
47 21 45 79
97 27 13 40
94 10 56 94
11 40 43 54
59 95 97 59
51 27 100 87
19 30 88 24
96 93 26 95
88 30 77 75
99 27 60 33
68 48 74 34
93 53 61 40
100 63 70 91
86 96 98 57
22 46 96 100
66 46 93 40
40 55 98 91
16 59 32 82
68 48 46 96
36 94 47 100
50 65 29 78
89 81 49 89
85 49 31 100
80 65 36 46
31 62 64 41
46 94 98 28
83 14 30 86
63 23 35 84
34 84 19 38
99 78 91 80
55 91 24 94
34 63 65 41
25 33 94 48
77 23 83 26
92 21 45 45
25 11 61 21
91 34 28 10
70 66 32 47
40 18 43 66
95 15 19 31
80 68 15 16
96 93 91 40
64 36 68 32
97 26 38 78
69 51 77 50
59 74 31 10
15 72 25 15
93 48 78 61
76 43 24 44
58 38 26 100
43 57 96 10
43 48 54 28
68 65 81 50
94 51 23 36
80 77 28 22
37 14 73 23
36 93 66 62
33 81 45 24
47 31 51 12
72 80 93 49
47 36 32 27
87 41 45 61
63 58 98 99
81 38 70 51
98 54 29 51
60 10 83 14
55 51 19 98
93 14 35 10
75 81 74 20
17 70 49 38
16 34 21 21
68 47 62 57
52 88 41 100
28 69 30 15
29 35 49 67
83 20 90 92
85 50 31 63
79 83 77 89
48 73 38 84
75 48 76 86
71 55 18 61
17 55 17 28
93 46 84 23
29 49 31 33
100 41 15 59
38 23 45 65
42 22 23 21
59 23 19 15
52 69 30 63
92 36 72 79
15 60 54 71
92 97 71 77
73 67 72 20
26 24 57 32
42 46 88 34
67 66 47 88
47 23 58 14
18 14 22 94
81 100 25 35
21 61 37 24
79 16 64 82
97 82 87 27
98 12 20 90
33 12 30 97
91 50 61 89
72 13 97 82
55 27 83 45
90 61 56 37
49 88 65 47
17 31 38 74
94 71 97 75
46 18 42 22
62 32 57 94
90 83 97 50
15 75 98 12
23 18 31 65
18 46 49 57
47 79 37 98
96 65 55 68
52 25 17 46
75 84 43 61
21 27 65 68
68 24 78 96
97 96 15 74
75 51 66 93
21 93 86 80
70 94 19 49
18 21 25 66
99 74 62 55
36 47 69 89
39 19 50 40
73 93 57 24
21 31 12 12
15 70 66 21
98 41 54 58
75 98 48 36
26127 20814 15524 10115
59 10 66 60
84 68 64 41
27 88 22 14
74 53 31 35
64 79 39 69
59 17 67 70
25 93 14 63
96 80 77 93
58 40 96 83
23 99 97 40
80 76 44 35
67 72 67 51
14 70 16 36
57 51 96 61
35 91 45 61
78 58 72 85
31 37 21 89
24 75 76 18
47 92 78 24
73 98 36 10
48 98 100 31
48 12 29 46
34 94 39 85
24 92 58 49
32 80 66 39
89 31 72 13
25 89 67 49
66 97 31 71
63 83 82 25
69 41 32 77
36 19 24 68
53 34 39 98
47 52 56 25
71 61 64 26
54 38 57 21
54 45 48 17
42 69 39 35
76 100 56 97
52 17 48 53
48 73 17 53
42 80 23 93
66 82 89 57
53 26 60 87
63 63 53 47
45 81 96 43
81 67 97 42
52 31 34 67
97 69 38 64
90 63 75 49
14 83 11 75
45 90 10 87
13 81 62 33
44 96 61 20
19 12 26 51
51 59 78 97
43 95 17 20
77 32 12 79
98 44 81 69
19 96 89 10
99 31 84 12
16 82 60 63
59 91 77 82
84 94 88 59
16 23 77 83
85 82 55 26
61 71 13 72
27 60 85 35
84 78 49 34
54 62 72 22
65 16 42 99
58 28 42 32
80 67 41 61
39 15 55 88
25 39 71 42
63 10 31 78
93 60 53 43
88 43 93 56
74 96 95 27
40 73 89 13
36 90 87 13
70 80 57 85
53 45 58 51
63 31 57 25
52 31 30 78
47 71 100 82
36 34 82 50
15 16 57 32
69 27 81 48
92 38 79 68
43 48 14 29
95 18 51 84
46 77 32 81
35 88 61 46
78 69 18 78
95 29 38 86
90 70 22 64
14 66 30 86
51 73 92 46
87 21 95 54
79 92 12 11
91 96 24 34
53 21 51 34
91 98 41 50
85 57 78 32
39 19 28 54
46 95 70 84
24 21 12 55
86 98 92 89
44 52 69 90
22 27 87 95
44 32 18 51
22 53 76 58
33 21 88 55
57 25 12 18
86 95 68 34
60 91 30 97
57 33 60 39
11 95 80 13
12 93 21 95
80 47 63 19
26 60 86 58
49 91 24 61
23 69 100 55
97 97 49 45
69 83 63 98
62 46 95 97
64 47 94 57
67 84 94 44
60 32 56 57
91 79 93 46
62 90 33 95
88 67 35 14
55 29 60 81
40 83 76 61
48 63 76 72
34 27 66 73
45 44 86 18
74 50 98 40
39 83 16 86
49 25 69 19
86 49 88 42
63 17 99 79
73 52 37 55
92 40 14 26
34 11 45 69
46 64 43 82
93 23 29 57
94 14 41 18
96 13 38 77
77 35 26 44
94 74 88 42
61 23 71 38
94 64 48 46
51 84 88 63
58 98 76 62
15 35 88 70
76 74 76 51
32 93 67 77
73 80 53 24
29 84 86 19
67 56 83 72
33 62 10 41
77 94 15 77
43 86 16 42
17 53 54 89
36 57 80 54
83 32 64 47
35 40 56 67
31 52 10 59
52 98 70 85
67 13 82 81
97 59 20 63
72 21 21 94
54 40 21 50
61 29 72 52
49 79 91 64
23 38 61 27
68 78 92 47
78 86 73 80
22 86 72 27
35 79 96 51
83 34 61 75
32 69 100 65
75 34 46 35
90 30 90 91
75 99 24 19
89 50 82 37
24 87 16 44
32 24 67 80
97 58 85 10
99 24 93 67
57 74 95 64
47 12 15 36
86 38 35 53
80 78 21 80
19 67 96 44
18 21 85 85
28 33 36 73
36 64 94 43
27 11 39 51
53 56 72 66
63 96 64 89
55 52 14 32
97 54 28 92
29 17 48 52
65 13 56 45
44 69 85 14
29 83 71 93
76 39 24 82
13 47 65 48
50 55 60 82
48 19 13 88
28 42 36 56
66 96 59 39
28 57 26 16
95 31 69 58
21 98 26 92
25 38 43 32
34 95 33 91
91 88 58 85
24 15 60 80
70 44 43 81
86 49 81 68
96 35 26 43
82 21 85 51
40 51 73 15
53 37 53 86
87 32 89 43
97 83 77 99
50 83 21 70
93 43 77 35
100 33 35 15
27 74 86 21
23 25 23 25
25 34 58 29
18 54 94 33
74 79 12 99
58 64 13 41
44 24 87 96
31 73 69 29
80 17 96 49
50 27 56 57
87 28 21 96
58 72 42 52
14 95 93 29
51 12 31 42
10 88 34 44
30 73 27 67
21 22 55 21
41 89 41 80
26161 21300 15195 9376
85 76 70 17
44 49 97 54
39 76 44 88
32 24 89 17
73 18 99 36
43 58 13 36
15 91 76 69
41 58 12 60
57 40 37 67
80 76 41 13
92 97 94 82
78 18 62 58
79 49 19 86
17 74 96 26
49 10 80 45
16 75 64 33
31 92 30 61
74 94 96 48
18 86 32 42
57 74 26 84
81 28 69 65
50 89 39 25
84 74 83 18
68 32 93 15
90 16 100 56
34 14 36 68
85 83 59 82
18 63 66 73
38 85 58 53
67 34 60 87
35 98 38 92
79 94 37 54
81 16 18 96
30 52 46 97
51 20 68 31
11 89 72 55
46 97 55 85
17 49 55 75
70 20 43 67
81 55 13 86
19 17 70 91
17 37 30 50
14 76 40 63
92 10 22 38
87 76 39 87
45 45 72 34
56 34 54 43
40 13 31 70
31 46 80 47
60 78 84 89
37 30 61 26
75 21 91 51
93 95 15 85
92 27 30 56
25 23 89 69
18 68 90 47
65 50 46 53
30 100 41 30
76 91 17 83
38 23 90 12
12 11 50 16
53 97 76 85
67 52 99 88
45 85 55 30
94 95 15 78
69 31 57 56
14 61 56 26
13 57 38 57
56 99 72 32
79 79 70 83
16 34 56 54
19 30 63 46
94 29 66 44
84 52 25 67
91 70 85 74
100 53 39 77
70 70 15 72
35 58 42 93
37 34 49 87
42 69 44 100
27 40 92 32
83 32 45 99
97 84 81 53
43 39 48 46
93 89 45 98
87 49 35 25
53 70 33 99
43 38 67 50
100 21 79 83
76 24 68 14
32 22 58 74
27 79 81 59
65 57 49 23
100 15 18 10
32 18 15 96
46 99 95 49
94 26 19 66
12 98 45 37
52 32 68 65
15 71 34 70
51 56 73 71
46 37 32 53
67 19 90 30
50 15 87 60
46 30 43 67
83 14 19 20
10 52 98 93
59 85 23 73
86 92 21 100
95 95 90 49
77 37 80 60
17 12 42 72
31 56 60 58
79 85 36 71
61 61 45 26
25 39 73 95
10 97 10 88
94 57 52 64
96 49 87 55
72 59 44 29
54 60 63 26
86 40 52 45
100 61 32 99
20 12 42 99
44 55 53 44
62 98 79 75
27 98 95 97
84 98 60 51
79 85 76 91
13 66 43 75
64 44 39 97
40 87 77 15
91 41 69 22
58 44 60 75
79 16 54 43
16 36 95 69
36 48 45 34
24 18 43 64
52 52 53 75
76 39 47 64
30 66 40 30
72 48 55 55
59 27 65 96
21 23 65 95
31 71 70 63
94 36 69 98
67 89 13 85
22 72 52 25
52 78 74 22
91 34 43 73
41 14 39 70
34 57 52 20
95 45 52 59
75 71 97 76
24 97 86 61
89 84 18 82
95 31 78 90
28 51 41 40
77 22 24 37
23 96 48 69
57 34 80 10
18 81 18 50
19 52 51 53
73 77 22 87
54 31 54 81
74 63 89 49
54 75 78 17
38 94 26 85
62 33 97 55
93 44 78 41
11 84 36 69
42 88 66 65
88 89 73 83
54 93 88 47
34 45 94 38
76 92 63 99
22 98 55 42
51 74 75 13
79 62 33 54
41 91 89 44
65 97 12 94
55 39 99 31
26 83 21 93
82 85 74 96
87 42 63 87
17 65 62 26
25 12 14 32
20 64 64 84
13 98 95 13
64 75 16 12
92 69 98 50
39 47 52 96
87 54 55 49
48 48 97 46
87 28 26 98
39 24 21 27
26 21 11 33
81 80 100 21
81 77 15 56
52 95 13 25
94 21 28 100
72 63 30 32
89 64 97 32
14 12 46 61
87 86 45 16
49 70 49 13
82 86 32 34
95 41 19 16
28 50 15 39
63 92 70 80
51 98 96 76
99 53 82 23
42 86 80 65
91 93 90 39
94 19 36 52
46 14 59 80
65 70 30 52
92 27 22 14
89 11 82 66
61 92 45 13
62 97 76 35
51 66 87 80
21 74 42 16
70 79 65 50
85 62 14 45
34 67 54 81
86 55 74 25
97 77 16 63
54 71 18 66
46 51 76 20
70 51 64 16
67 98 37 56
65 68 64 90
12 46 86 64
56 24 14 100
52 94 86 11
22 51 25 69
14 58 76 96
11 32 11 86
64 54 81 27
91 61 13 90
90 96 89 95
57 56 72 16
21 36 77 30
83 90 59 37
57 21 18 34
21 46 81 56
100 29 77 80
74 11 18 15
40 33 41 56
27666 21976 15723 10593
45 26 30 21
84 90 42 79
34 27 37 14
90 79 40 86
58 63 58 10
100 47 28 66
68 91 35 71
83 71 90 58
81 89 25 62
13 51 72 17
58 52 24 43
79 16 29 55
14 58 12 100
44 73 96 96
95 68 86 83
63 21 46 30
67 87 61 29
12 41 10 89
70 45 55 56
47 69 73 24
51 97 38 18
73 25 47 60
30 40 35 66
45 80 53 57
59 18 91 26
100 74 37 79
75 74 75 97
21 27 26 88
64 92 96 34
29 67 63 91
91 40 27 90
83 68 96 85
48 13 54 18
43 22 87 43
82 84 10 41
65 62 72 100
32 44 46 56
20 18 87 45
30 84 37 22
65 99 98 79
82 68 49 19
22 81 30 81
94 48 11 35
37 79 23 42
100 29 77 84
45 70 54 65
37 74 84 33
54 25 68 63
61 98 90 43
92 61 86 27
73 13 45 52
43 35 60 37
40 12 72 34
10 80 42 73
34 43 67 70
61 64 58 66
83 67 22 54
89 62 90 77
20 80 35 23
72 90 28 28
20 82 37 69
13 52 35 28
63 23 100 17
33 19 34 18
21 93 70 36
45 31 47 32
74 32 11 22
68 65 64 22
34 52 43 49
79 11 85 50
48 91 70 18
20 66 67 45
71 57 59 73
55 15 89 27
33 27 21 23
92 99 79 89
95 79 24 39
43 14 47 83
78 11 65 17
71 42 31 29
82 71 66 44
10 55 42 33
44 53 54 89
77 28 65 54
12 12 85 70
25 13 34 17
73 45 25 100
53 28 88 88
96 61 29 25
82 12 62 96
69 84 29 98
44 54 80 78
60 19 75 71
40 10 81 72
50 94 14 32
79 53 40 68
40 85 60 91
90 14 18 15
68 98 24 25
21 46 48 13
41 47 80 50
16 20 32 51
91 72 82 63
13 31 47 98
46 30 22 70
37 60 53 95
28 84 43 37
31 13 37 61
66 65 52 90
48 55 26 83
39 37 27 70
48 29 19 40
77 66 21 48
100 67 47 31
81 65 58 85
80 14 20 18
28 71 70 52
98 52 97 16
23 31 84 27
82 36 54 47
80 33 82 60
51 52 42 53
37 11 30 33
40 22 77 88
78 82 28 36
50 79 65 94
26 59 86 57
34 78 15 57
83 86 79 90
14 72 57 61
100 35 91 74
44 83 12 38
25 77 42 13
50 58 49 42
43 15 52 100
93 15 19 43
58 91 53 91
93 82 11 35
50 26 71 72
18 51 75 67
58 87 29 85
11 87 26 70
56 27 14 91
12 71 15 18
19 94 29 59
60 46 57 68
42 51 13 46
51 96 67 64
27 31 23 95
19 21 83 62
56 95 18 62
76 67 33 14
31 91 86 97
14 10 94 88
68 97 23 72
57 81 12 59
18 78 53 55
54 45 71 41
16 77 34 62
50 70 23 57
29 15 43 14
25 66 94 85
19 62 75 26
49 19 26 37
43 72 81 80
41 48 92 47
71 48 38 51
72 63 56 46
56 27 57 28
52 58 66 36
14 19 69 75
33 46 77 72
72 49 36 35
35 69 27 12
61 55 95 72
27 20 28 59
87 21 21 51
95 39 40 14
22 54 36 42
64 96 87 21
91 92 26 29
94 25 82 86
60 68 37 94
44 21 19 40
66 99 59 45
42 73 89 58
38 88 51 82
95 52 40 82
97 99 11 61
28 69 79 63
95 18 44 43
37 15 69 94
78 28 29 64
64 22 77 60
15 62 89 13
29 84 34 66
11 43 88 43
99 89 100 57
80 94 15 88
46 48 84 43
59 25 64 37
88 78 34 93
22 79 39 71
72 16 23 91
90 40 79 34
45 64 84 39
73 58 71 84
11 78 63 95
65 34 47 70
18 45 86 82
70 11 30 95
36 66 45 56
10 20 57 81
71 74 89 84
60 51 23 98
26 74 23 32
75 51 85 55
33 44 82 67
10 73 58 46
26 64 98 56
28 77 44 59
94 84 82 44
44 57 57 69
76 65 36 83
76 81 14 86
18 79 95 96
46 39 46 84
31 13 70 96
25 55 15 82
49 61 60 94
38 43 53 40
78 80 71 95
80 14 80 92
55 38 11 19
15 70 11 79
34 97 64 87
66 43 89 81
61 57 94 36
25 96 54 59
59 73 35 48
83 62 40 18
52 89 87 47
25 14 51 43
17 87 41 28
94 93 79 85
13 35 17 43
62 66 26 53
17 17 74 38
92 30 50 45
84 59 22 55
26802 21259 15073 9252
65 35 75 40
60 99 72 19
87 41 23 92
31 48 45 12
89 94 45 42
31 75 66 42
28 43 13 71
77 76 100 81
78 78 64 44
90 66 61 93
25 56 98 23
15 77 48 13
61 30 77 91
94 17 68 80
89 90 56 11
73 77 10 50
39 73 45 29
85 56 37 61
89 73 66 84
59 27 67 79
46 52 24 96
45 71 31 31
32 97 53 12
86 18 48 77
80 65 77 31
52 72 26 26
35 97 17 53
88 93 60 20
14 65 51 20
72 89 91 43
84 67 54 57
38 47 55 79
40 59 37 66
47 67 61 48
53 64 35 18
78 91 47 30
98 80 34 62
70 63 88 30
35 60 86 50
15 58 42 98
83 59 44 71
68 71 44 57
15 92 71 19
57 55 43 76
86 51 10 95
20 66 79 68
45 55 44 24
49 25 96 55
53 70 15 10
93 63 97 39
20 91 65 14
50 43 38 98
97 40 57 22
82 67 66 100
88 29 51 22
84 78 88 74
82 47 96 77
44 54 65 99
72 28 52 95
65 38 13 24
73 92 10 28
52 14 93 59
14 97 24 88
83 38 17 77
86 94 30 53
90 77 92 35
43 39 73 79
48 96 33 72
86 38 63 13
91 70 91 37
12 18 93 91
67 94 61 46
64 23 62 36
34 91 15 73
94 64 38 83
21 98 31 59
81 87 40 36
37 58 55 48
96 88 42 20
88 87 82 19
75 94 35 69
15 63 76 85
23 58 77 85
46 62 51 90
31 28 42 15
29 96 100 55
71 24 82 50
82 95 60 58
40 14 51 84
22 83 100 41
39 73 86 16
100 34 97 56
63 58 18 54
100 30 33 96
31 74 38 95
95 49 11 27
35 55 16 81
49 72 87 45
14 86 24 73
37 55 15 95
40 18 57 36
87 65 32 68
27 35 28 83
20 23 27 87
18 42 14 86
94 81 38 44
11 60 92 79
94 46 44 85
93 41 62 77
88 70 34 11
74 70 58 73
63 64 20 39
27 15 94 44
21 42 49 29
45 63 72 45
85 52 21 25
33 35 73 20
67 89 76 22
13 15 51 53
22 79 69 49
51 82 62 99
53 99 79 12
43 93 89 47
59 95 57 80
27 84 56 30
74 27 83 47
46 81 35 95
89 99 97 58
21 86 36 41
37 87 91 19
99 88 55 88
73 46 84 59
51 80 19 46
10 62 11 94
23 93 91 45
15 57 87 50
57 25 42 23
29 49 44 12
32 20 80 34
38 19 74 34
13 42 35 89
67 77 49 19
17 37 99 85
31 27 74 37
90 23 83 16
83 92 61 24
49 20 96 39
100 25 37 95
92 68 41 45
68 57 67 12
90 65 67 57
75 19 28 66
89 73 47 85
100 23 36 70
65 30 21 38
68 68 72 18
49 61 19 46
96 17 30 96
83 74 70 72
34 57 53 94
41 33 81 60
69 91 24 44
57 91 81 98
12 49 87 96
53 76 23 49
46 42 92 60
82 54 32 98
69 30 82 91
49 62 16 93
63 46 44 56
100 32 55 14
15 39 92 71
73 90 98 18
39 83 26 61
31 23 92 64
55 12 96 62
82 49 89 34
58 26 82 68
43 14 19 65
97 57 30 23
92 21 64 95
62 100 35 74
73 75 47 50
60 65 77 13
50 47 72 34
65 39 13 22
34 85 31 89
28 56 89 65
42 52 56 17
25 54 15 58
71 13 43 87
42 28 62 37
81 78 44 100
24 58 97 41
34 76 51 80
31 100 50 47
80 62 51 39
94 29 75 96
51 63 65 22
92 68 19 47
90 83 76 43
84 52 23 83
36 22 89 23
73 18 62 98
64 89 26 85
77 68 20 17
94 70 64 68
76 73 40 71
44 35 62 59
86 78 35 79
59 39 75 14
93 56 14 36
39 67 11 31
92 27 42 64
46 17 41 76
75 50 87 57
16 52 82 63
18 97 25 73
49 16 97 87
62 50 90 50
13 50 57 68
27 77 70 10
29 10 27 40
68 26 23 48
31 11 65 43
50 72 21 30
34 87 55 74
32 65 24 21
89 40 50 76
14 98 82 25
41 78 78 20
11 88 27 62
50 65 49 96
25 17 81 10
77 48 93 15
23 29 89 46
13 54 87 41
20 62 69 73
35 64 91 92
24 86 53 21
98 71 99 10
90 43 11 42
58 80 70 39
90 39 53 75
33 22 96 49
32 70 17 14
86 90 17 43
60 57 96 36
52 19 44 58
66 86 60 43
27033 20860 16348 9680
22 27 21 81
56 55 76 85
21 20 70 28
28 38 22 25
31 77 83 52
88 100 76 79
79 79 97 91
19 68 35 71
42 51 70 72
25 26 85 32
62 27 33 59
100 10 100 43
18 71 72 56
42 60 99 82
44 91 96 78
39 46 56 68
93 53 85 52
17 57 94 55
80 70 53 65
95 84 32 38
76 94 81 10
66 50 90 78
65 51 23 75
46 26 72 57
39 67 24 77
30 23 91 33
59 77 13 92
13 78 26 63
88 30 74 44
80 97 46 30
11 32 88 25
47 19 41 11
85 25 12 22
20 11 93 96
51 17 66 92
79 100 60 32
76 85 42 58
84 55 77 52
41 38 40 68
39 83 50 51
94 13 50 34
68 63 91 65
88 28 77 96
48 86 65 56
32 66 52 49
44 63 85 61
51 47 38 70
91 79 42 44
93 46 19 57
39 19 86 18
18 20 81 84
68 51 47 29
99 100 91 46
46 34 84 100
44 47 78 11
74 83 11 71
14 94 80 19
70 33 72 91
47 59 89 71
81 42 78 55
46 80 73 96
65 13 27 12
68 79 83 16
44 77 75 47
49 56 96 100
25 31 14 13
94 92 56 57
75 74 88 100
75 40 92 96
32 57 14 34
44 62 68 50
68 91 86 94
38 57 93 50
54 52 49 34
73 19 34 18
83 72 86 96
91 28 93 28
31 80 82 98
71 59 98 19
80 27 45 25
94 70 15 39
30 12 85 81
80 83 11 75
49 80 88 100
41 90 62 16
93 59 35 97
52 97 25 76
35 27 92 91
20 52 71 76
22 11 83 24
10 70 88 65
32 31 10 52
28 56 56 79
99 26 44 52
11 91 51 93
30 62 24 73
85 75 22 89
96 90 71 62
19 51 73 89
38 46 40 13
17 20 18 63
15 90 63 86
53 100 80 71
56 74 100 56
24 62 59 79
89 67 79 84
46 10 43 27
19 73 35 17
87 93 72 43
74 33 13 78
54 29 69 82
21 49 74 59
22 95 85 34
66 30 27 78
92 22 76 20
81 62 36 49
16 19 68 30
49 32 43 97
36 42 90 91
44 21 81 16
71 21 24 16
57 58 37 85
52 46 71 53
96 49 75 96
71 16 72 98
94 72 27 85
77 52 53 39
26 90 42 61
76 48 80 41
76 31 11 72
11 34 42 59
22 57 86 60
59 51 11 78
44 93 93 94
25 100 14 56
39 81 93 10
83 92 77 39
98 19 85 62
46 10 82 75
49 88 44 14
89 57 45 53
15 34 43 66
57 26 30 96
89 16 75 74
98 48 90 17
53 80 53 77
79 14 67 30
84 100 81 59
26 54 33 24
26 38 57 46
87 67 65 58
73 31 73 13
47 90 85 25
61 15 78 28
73 42 35 35
29 47 48 69
43 73 66 84
100 91 99 82
51 54 63 65
46 96 33 45
91 63 64 11
47 88 82 42
71 73 65 45
81 52 98 11
48 75 62 52
68 35 40 82
83 69 26 86
64 96 91 38
31 21 56 94
36 13 43 50
25 82 29 96
37 43 80 50
34 67 82 33
74 66 76 22
48 96 61 94
94 95 18 56
67 64 30 54
25 57 82 36
13 14 87 72
11 80 65 27
49 35 83 50
87 79 85 37
15 90 66 27
38 16 14 12
44 45 55 68
30 20 28 72
55 93 94 36
43 16 29 25
69 22 83 87
67 66 45 79
11 33 82 41
26 98 95 44
100 70 16 44
37 44 37 87
22 60 44 96
80 78 11 12
47 49 81 39
99 83 22 94
17 65 58 72
49 64 73 41
53 86 65 89
34 77 96 67
62 42 23 73
20 48 17 98
19 62 79 42
55 46 26 84
62 69 39 87
93 20 37 28
76 83 42 82
18 37 66 15
93 54 89 91
30 83 62 72
25 36 50 47
34 38 16 78
17 15 21 40
60 16 26 82
68 50 67 61
54 64 10 22
76 34 66 22
64 41 55 89
15 74 11 41
92 40 43 47
11 45 52 74
32 64 26 89
28 31 24 53
57 56 30 69
78 80 26 65
65 43 65 86
53 12 76 93
73 58 94 94
98 48 66 100
37 95 38 34
31 16 15 63
68 60 68 35
85 74 92 49
65 10 98 20
16 23 15 79
35 29 14 49
99 89 73 42
77 20 21 83
85 11 88 61
62 31 95 71
76 50 25 100
63 73 75 64
34 10 87 88
96 45 14 76
29 20 67 98
90 78 45 24
14 19 34 88
16 36 49 80
26120 20875 14950 10539
10 41 44 56
89 49 38 45
54 48 43 20
26 11 23 21
51 14 96 42
33 94 57 44
36 77 30 18
11 100 77 72
100 57 14 100
70 80 96 19
86 26 75 78
11 68 21 11
48 56 17 77
40 82 25 18
29 74 30 95
66 83 69 30
30 39 41 79
95 83 97 85
31 35 48 58
89 44 35 77
94 63 28 58
94 52 72 96
51 53 99 85
67 37 52 43
70 65 32 87
34 82 15 56
39 60 54 35
11 94 88 67
72 91 89 94
14 90 74 60
16 85 13 26
98 71 80 87
57 64 66 30
68 52 43 67
28 17 64 22
82 98 77 30
56 19 45 30
13 21 38 39
62 91 46 13
31 63 88 86
40 47 16 47
16 52 51 82
26 62 80 54
23 43 81 83
27 68 96 42
61 96 89 61
61 37 65 71
55 61 11 39
58 83 15 12
94 27 21 94
25 34 82 20
100 50 46 75
19 40 21 44
16 30 77 36
96 42 26 95
70 72 76 13
90 10 42 80
58 68 42 54
40 24 86 31
92 59 36 13
43 38 85 58
88 88 100 98
64 30 46 17
77 93 70 51
41 17 93 93
55 64 14 64
10 73 15 72
21 69 42 33
72 60 37 13
32 24 10 47
98 56 38 96
25 33 20 78
60 68 80 47
22 53 49 87
53 97 66 73
37 48 79 69
84 87 22 50
14 83 94 37
52 74 95 11
29 66 18 57
78 74 48 28
96 66 44 35
52 21 33 46
31 15 20 32
30 12 31 47
64 87 98 86
95 96 28 95
72 62 56 32
61 85 14 35
37 27 92 37
97 80 83 79
19 29 56 54
21 53 41 52
86 93 74 66
96 44 41 24
70 75 33 66
11 31 18 17
77 45 35 56
63 93 66 64
13 58 69 91
97 40 65 44
41 94 21 88
87 91 57 49
52 98 60 17
54 23 33 94
87 41 44 54
95 16 36 33
75 78 88 54
90 30 54 100
88 12 49 58
27 86 10 31
43 34 18 34
75 93 15 87
85 57 76 94
69 90 11 66
95 72 94 44
84 41 18 15
49 58 15 22
30 23 46 51
80 100 86 47
27 18 88 76
85 94 74 35
11 60 28 13
27 64 66 84
78 10 83 92
49 73 88 80
68 57 33 44
69 20 88 10
64 87 34 75
73 11 54 49
68 90 46 68
68 19 86 74
13 88 94 74
50 34 93 12
34 43 57 49
24 27 31 88
31 70 18 91
40 15 81 31
27 66 92 27
17 57 33 100
42 85 48 18
91 88 30 49
26 92 67 85
10 14 21 57
32 44 14 16
46 92 13 64
53 90 17 89
99 92 98 26
59 84 100 42
94 19 60 86
18 18 72 53
76 68 81 72
52 93 24 84
81 10 68 61
17 96 68 62
73 40 19 14
98 91 28 79
66 21 85 10
88 72 53 29
79 11 37 63
20 81 75 87
28 39 78 100
30 30 30 74
71 59 83 20
11 25 43 71
51 40 26 61
87 62 33 80
81 30 87 69
14 67 86 27
77 61 95 77
14 93 94 83
54 90 41 73
88 94 21 22
42 51 44 96
92 34 27 12
18 43 97 65
52 37 26 90
38 37 75 10
72 50 95 43
73 92 84 63
64 62 82 62
28 61 81 45
34 73 17 99
13 77 25 50
29 37 48 86
84 80 10 56
94 58 12 54
39 36 10 90
15 98 59 83
48 16 72 52
17 55 52 72
84 28 52 89
77 65 82 67
16 34 79 68
89 37 36 27
24 82 68 11
30 13 30 32
44 49 66 32
29 20 84 80
63 87 92 38
31 60 18 74
39 22 64 75
10 99 97 27
35 41 42 13
11 82 69 100
44 91 76 18
37 48 96 23
25 15 81 22
92 43 15 20
93 12 47 58
66 35 72 79
28 51 68 62
61 65 49 63
42 39 42 87
20 25 68 33
31 44 16 79
15 57 29 16
94 73 95 74
76 99 89 37
87 93 18 39
80 100 52 61
67 21 77 33
18 31 45 90
42 79 32 30
65 81 98 94
74 21 34 64
74 67 33 10
82 91 18 41
91 53 67 91
87 40 64 36
32 64 44 70
23 52 68 70
65 17 76 34
80 80 50 20
27 37 40 30
94 25 96 58
44 90 24 74
98 26 22 60
65 76 100 42
29 14 40 41
72 95 81 71
98 91 86 10
94 20 12 89
75 35 31 75
54 93 61 75
61 46 59 65
91 75 74 99
38 13 28 100
34 31 21 78
12 65 56 20
24791 20221 14629 8982
42 63 18 51
35 40 27 31
74 85 34 13
14 36 11 10
42 13 43 62
75 72 12 42
21 73 82 77
62 42 19 31
16 68 45 90
57 30 95 31
75 78 62 88
22 89 85 49
53 89 77 70
87 54 41 94
64 70 39 76
56 25 31 81
63 84 72 86
35 78 45 68
85 21 72 26
98 17 26 98
94 79 87 87
61 33 33 66
96 40 95 86
47 20 32 60
14 11 89 29
24 10 62 79
46 59 33 100
53 49 77 27
63 34 36 59
96 88 70 77
39 99 20 89
43 37 62 71
64 24 40 37
46 41 29 98
52 66 73 70
94 44 47 40
25 43 72 91
54 20 100 71
14 81 89 76
15 40 69 92
42 80 88 62
79 33 67 93
100 67 44 47
47 20 29 94
62 93 63 85
13 75 22 40
35 91 65 15
37 45 39 76
50 37 71 93
64 63 78 90
62 52 24 94
63 85 14 38
77 56 84 26
33 56 88 57
88 16 17 28
93 56 55 12
46 98 65 15
47 27 54 80
59 15 78 21
74 47 70 12
97 97 16 53
29 82 80 87
23 45 40 43
66 68 41 74
41 77 87 44
11 10 19 15
45 86 97 76
86 58 95 18
84 68 56 53
76 74 94 36
43 39 91 67
68 83 38 23
38 34 64 35
60 47 61 31
45 40 10 94
85 90 36 22
52 59 87 73
46 17 100 14
94 99 94 79
74 96 80 49
35 28 95 56
14 37 68 20
66 84 83 62
31 66 19 78
54 92 61 80
91 39 68 82
84 24 61 23
45 93 45 72
82 63 40 12
23 82 85 85
41 11 66 45
27 26 41 27
42 28 41 42
15 35 33 31
41 27 10 12
30 55 93 12
51 61 20 97
30 58 61 67
25 54 96 60
95 69 58 70
18 78 41 91
57 56 49 40
62 97 16 62
94 75 91 84
98 100 75 76
47 97 28 34
93 75 62 51
42 86 67 59
30 14 45 72
24 14 71 26
57 93 81 75
97 31 77 36
24 73 72 31
70 20 79 10
36 50 53 23
78 40 27 28
63 24 74 50
85 97 27 37
45 12 95 33
91 15 54 63
18 60 90 68
93 62 75 51
62 10 99 89
90 26 59 72
45 90 34 22
82 36 78 47
53 98 45 19
33 40 100 56
44 100 24 69
15 34 36 75
36 34 25 59
81 92 63 26
54 75 60 27
70 72 73 29
32 67 14 72
95 15 39 20
55 19 46 65
97 32 23 11
86 50 65 28
77 99 87 14
90 49 68 81
100 42 62 52
76 99 62 96
98 22 17 58
24 90 66 36
50 93 62 92
10 20 33 98
74 17 18 54
52 99 79 67
78 40 81 57
54 45 87 84
13 34 74 85
40 87 47 52
62 64 62 59
73 73 80 85
37 66 28 39
75 73 73 23
10 74 74 95
100 58 93 33
94 14 60 40
48 37 91 31
10 70 39 27
96 76 88 96
51 49 93 91
65 38 57 54
77 70 55 67
91 14 85 49
37 26 76 65
19 19 80 54
58 33 94 50
87 33 96 84
84 44 92 75
54 76 43 74
59 59 46 35
80 73 97 65
61 96 80 14
43 15 73 26
20 92 58 69
32 16 76 69
28 45 24 37
65 60 85 15
31 15 15 90
60 64 93 22
54 93 96 97
48 50 98 83
18 55 83 10
97 82 90 48
19 15 59 57
80 90 38 72
23 47 27 54
87 13 29 10
44 18 18 45
48 72 75 58
34 46 52 66
44 98 37 34
17 59 80 91
51 89 92 24
66 91 58 100
16 20 31 63
54 98 64 19
55 71 82 22
24 52 61 49
88 43 47 42
67 90 62 55
96 73 28 67
29 55 46 16
89 53 26 25
24 25 87 84
37 99 98 90
77 28 13 74
100 20 70 50
69 92 57 87
85 11 59 91
77 93 43 19
51 73 37 81
95 48 13 40
42 80 88 38
18 64 97 57
68 36 15 69
87 14 15 67
16 93 77 88
24 71 46 23
92 85 77 44
75 36 27 20
68 25 75 30
86 41 62 58
54 57 89 32
36 90 49 35
91 14 78 68
27 35 32 77
83 10 77 94
58 14 76 31
22 44 29 66
68 40 86 93
39 92 43 36
36 87 50 95
54 91 31 92
74 31 56 11
53 90 14 31
62 14 75 93
86 87 53 43
97 64 24 25
65 95 37 71
85 93 99 84
54 12 83 93
63 15 48 36
97 17 35 35
36 43 69 48
91 17 46 10
21 13 50 18
26509 21501 15534 10540
80 47 33 88
36 35 45 77
55 59 43 80
92 43 41 35
21 10 66 19
11 63 75 31
36 37 29 36
62 42 71 89
65 69 38 85
75 95 18 97
31 44 71 52
29 69 82 57
82 77 95 13
35 20 87 59
64 42 68 96
49 46 21 18
99 46 17 61
66 37 11 92
86 47 24 22
96 36 23 64
39 100 69 44
85 59 47 94
76 54 73 87
70 68 34 64
35 21 83 86
35 84 99 73
67 97 87 46
24 100 28 58
86 29 45 31
86 36 93 75
59 24 44 65
57 61 29 100
81 25 83 89
54 53 23 88
70 37 55 11
11 80 84 81
80 82 54 32
13 34 10 18
58 51 59 31
66 54 77 11
52 17 72 42
65 56 23 60
75 67 24 99
62 81 24 44
86 63 81 91
40 60 74 36
95 76 45 88
51 83 55 83
94 57 53 33
40 40 61 88
42 50 37 30
30 24 87 62
69 21 72 16
83 60 27 87
34 24 89 60
47 52 14 38
41 66 93 56
63 91 49 41
95 56 21 71
55 31 77 74
75 29 63 97
11 15 34 43
98 80 45 17
82 27 10 33
25 23 81 13
17 16 10 62
16 55 43 49
17 83 61 83
79 71 40 63
38 83 31 28
82 24 75 58
48 96 64 90
18 93 40 19
91 89 62 22
33 24 63 32
95 90 19 96
26 56 67 75
20 21 11 63
33 71 99 30
71 41 83 63
72 69 43 67
43 58 77 20
14 76 20 27
21 95 18 11
31 23 13 26
74 55 84 17
98 58 86 54
21 38 31 15
99 54 49 53
59 69 76 84
58 86 70 76
85 14 83 26
22 34 46 33
59 69 94 76
30 13 37 99
100 56 78 84
49 94 98 79
41 38 60 14
79 76 99 66
44 34 37 47
80 64 34 78
75 71 45 32
98 36 55 22
39 25 77 49
25 46 93 81
59 38 22 70
23 93 79 94
29 81 26 34
89 29 65 71
60 61 45 78
94 78 82 91
28 63 18 54
100 65 94 100
85 57 90 80
30 59 95 94
77 54 81 44
96 15 93 44
34 73 93 86
92 75 71 80
22 51 22 65
99 99 99 94
11 14 46 54
26 64 60 20
22 40 63 58
24 62 32 76
37 48 41 98
84 98 63 20
30 92 47 89
91 40 65 71
31 13 26 55
27 54 15 64
38 45 22 84
81 91 96 14
18 93 90 58
55 78 60 59
61 49 98 34
30 88 49 50
63 80 76 18
56 64 18 61
82 14 61 49
61 88 10 47
25 70 22 26
90 15 36 87
83 15 98 45
71 63 95 64
76 44 66 54
32 90 46 88
78 72 53 45
43 40 43 14
58 82 14 29
30 71 56 44
48 55 61 11
84 96 52 42
42 15 35 39
66 40 33 69
89 34 59 18
44 81 35 88
16 39 31 82
24 67 23 17
12 99 76 62
46 81 66 48
96 84 90 42
80 46 23 93
49 73 29 59
79 40 21 62
24 60 32 54
28 51 51 79
99 79 19 41
82 14 85 98
25 40 71 48
17 42 96 18
90 32 20 67
89 100 99 79
79 49 53 87
83 24 15 70
58 59 87 58
34 65 44 89
82 39 29 77
42 78 30 30
57 22 54 78
68 35 77 95
31 86 51 85
24 91 67 62
20 74 37 47
65 34 96 19
11 98 69 72
32 75 100 16
54 52 78 69
49 63 23 31
96 61 37 62
50 47 70 39
40 47 54 11
97 87 38 80
44 71 18 12
70 15 43 24
60 76 38 64
85 82 40 54
17 60 64 68
12 67 13 30
78 77 22 79
51 89 36 65
11 12 67 79
35 62 90 42
97 35 100 88
81 53 41 59
99 12 26 22
30 96 69 97
18 86 36 65
60 75 20 10
24 35 26 92
26 72 92 69
54 27 59 81
63 61 89 70
34 99 69 38
94 97 87 48
94 48 20 26
63 45 11 97
95 91 94 73
19 67 44 26
83 73 92 44
63 87 98 98
99 42 35 21
65 69 70 73
15 97 24 26
24 54 66 54
98 46 81 23
32 34 66 28
86 85 46 19
79 29 88 30
53 54 73 35
20 43 53 86
32 88 34 25
34 74 69 85
11 75 52 65
43 89 50 87
100 47 43 48
15 64 55 16
82 15 24 28
63 95 20 84
74 27 56 32
20 98 26 54
24 32 43 68
70 51 98 53
82 42 54 43
80 51 73 31
41 91 18 61
50 90 45 36
82 85 12 42
40 64 48 76
79 54 82 97
26456 21492 14765 9717
97 93 65 66
96 71 96 30
90 24 85 65
72 90 88 63
69 26 50 45
91 18 74 20
51 75 54 97
80 28 76 56
16 95 72 62
86 89 93 79
84 62 72 19
55 22 54 41
52 64 69 96
59 63 43 69
50 97 100 73
12 40 51 54
43 75 57 22
29 18 84 85
93 79 43 90
88 88 94 90
63 96 77 66
93 33 68 88
91 70 50 58
17 90 49 18
37 44 70 13
77 48 82 16
51 81 64 76
90 80 76 21
19 43 43 19
60 95 56 75
85 73 46 95
35 66 50 63
34 21 73 50
78 96 16 58
88 88 57 41
73 83 97 48
80 98 19 61
21 49 28 52
48 20 23 14
17 62 92 94
46 73 81 61
48 69 55 100
40 79 74 80
39 61 18 51
47 85 32 50
47 13 35 63
91 38 47 85
88 40 29 29
69 94 83 84
91 51 63 71
73 92 75 85
35 69 93 55
40 85 93 12
80 58 38 70
39 50 69 72
65 97 31 88
73 40 61 36
67 85 92 30
77 34 21 76
81 16 88 28
20 39 79 22
66 56 78 16
41 65 53 86
87 36 78 34
50 75 97 25
55 29 72 43
56 85 27 66
49 79 88 28
10 89 56 98
28 22 34 10
69 44 57 67
52 27 39 40
89 48 82 58
46 69 62 57
85 32 42 74
53 17 47 91
50 27 42 58
47 71 21 85
73 84 14 59
63 51 26 27
25 94 59 92
13 10 78 61
72 17 26 17
96 28 79 90
34 41 21 78
54 98 17 32
31 37 94 21
95 61 17 79
96 83 60 30
17 20 68 35
52 10 28 20
11 80 62 97
36 22 17 59
16 93 96 89
42 46 11 20
76 49 69 10
92 33 32 95
24 95 60 100
24 86 18 88
68 18 35 20
17 77 53 90
70 33 28 77
64 47 32 10
75 52 26 15
35 18 47 53
65 60 24 98
42 33 31 99
98 52 77 62
16 40 75 45
83 10 93 75
47 48 23 17
12 33 86 28
55 10 88 14
72 61 25 37
23 83 67 69
26 85 53 84
67 46 63 96
88 61 28 73
90 46 65 11
86 46 76 50
98 12 17 36
59 76 71 23
79 19 74 98
34 100 70 47
86 97 31 27
58 81 75 77
41 73 90 17
49 52 53 77
18 61 59 35
91 77 16 77
52 40 39 82
30 32 21 96
43 89 58 66
62 78 10 100
66 35 22 90
57 72 34 43
29 65 38 95
25 73 15 97
37 81 16 45
21 92 67 71
13 62 41 38
83 35 38 39
67 22 33 88
53 32 92 91
76 43 95 85
25 98 74 31
24 98 83 58
55 54 37 11
10 80 53 96
61 39 31 22
71 61 90 45
53 16 71 83
64 83 62 19
85 76 45 88
32 76 89 35
39 70 22 91
92 71 64 24
29 81 75 49
35 18 45 30
43 44 87 93
24 98 19 26
29 29 95 63
73 89 32 67
22 11 79 48
69 27 19 60
48 71 33 42
45 38 84 92
76 79 42 51
12 86 77 24
67 64 43 90
65 14 28 85
80 26 62 100
38 64 67 83
74 23 74 84
58 16 24 63
32 49 53 84
55 14 48 32
12 80 91 58
69 42 44 37
99 18 42 69
85 56 66 56
65 55 36 28
70 48 92 35
79 26 72 65
53 53 33 19
70 64 87 87
40 76 34 49
58 66 71 64
96 31 60 75
42 61 61 17
85 36 58 65
57 100 26 34
90 57 36 10
57 26 24 90
78 69 27 85
60 55 54 17
91 72 19 87
46 72 28 89
60 61 47 26
58 13 64 52
14 25 75 15
55 29 58 98
42 99 41 58
94 21 38 41
53 86 100 13
51 77 36 56
75 72 27 25
69 95 77 71
83 12 11 60
94 87 78 27
60 79 27 54
33 74 24 81
55 70 98 84
96 43 63 50
87 91 51 97
61 22 47 83
26 80 60 37
41 55 31 52
34 75 93 77
28 71 74 82
20 27 17 72
16 53 14 69
32 90 67 26
82 59 15 81
23 61 21 81
24 17 89 17
38 15 96 60
13 63 18 32
36 76 19 62
72 76 81 53
65 28 24 32
72 17 45 76
71 70 90 29
50 31 36 10
27 84 92 24
48 27 83 91
67 10 17 51
95 98 10 77
90 97 95 28
71 72 52 45
18 32 14 35
37 81 12 48
45 37 20 76
49 10 48 99
13 93 26 96
90 40 76 93
85 39 99 24
45 73 26 37
90 52 42 92
91 51 82 47
27477 21439 17089 10267
25 92 20 27
53 50 44 57
27 13 40 54
13 92 41 51
83 38 92 36
59 99 15 89
30 24 44 98
51 85 29 47
75 64 19 16
99 65 56 31
33 20 49 74
20 88 53 67
56 64 69 62
46 93 71 41
31 98 57 54
98 100 48 41
60 66 92 86
74 13 18 47
35 37 95 26
59 83 15 77
52 11 71 25
82 50 11 12
69 63 39 82
60 39 65 18
79 41 88 92
22 89 31 45
81 58 32 52
25 73 22 93
92 83 18 64
98 77 90 79
42 13 73 10
15 37 48 76
17 13 33 15
74 84 74 46
32 22 43 95
71 50 34 24
96 22 95 68
97 77 97 15
46 20 68 87
98 50 14 11
69 33 29 27
22 38 73 18
45 84 33 88
73 33 94 19
84 95 76 55
40 82 13 37
29 57 46 47
73 36 36 58
21 21 51 11
26 33 91 30
21 17 78 88
93 94 56 34
38 82 91 84
33 94 21 24
68 17 100 57
52 14 97 74
75 82 96 92
54 30 47 46
65 38 70 13
68 74 100 67
33 57 36 99
78 91 83 11
13 66 61 18
36 98 23 83
51 64 99 13
62 70 94 15
19 87 70 14
27 59 56 71
11 26 31 93
90 26 40 92
14 20 14 84
19 88 27 96
39 65 36 64
74 65 46 23
97 61 52 12
18 67 97 86
12 76 30 56
50 28 46 36
19 57 64 73
22 37 68 87
97 58 64 63
18 90 95 51
15 69 61 69
11 28 83 70
72 21 30 59
90 28 19 62
66 91 41 52
69 58 61 66
19 52 83 11
62 88 85 52
60 62 10 32
46 83 67 47
61 12 15 68
55 98 51 16
17 93 18 28
35 47 24 76
24 11 41 100
64 78 18 72
70 30 98 35
22 36 40 28
33 76 25 29
26 54 48 12
25 37 28 54
45 41 88 32
22 46 76 77
81 85 23 29
78 42 25 64
25 15 11 93
46 78 71 37
64 85 94 50
87 50 87 61
92 27 16 59
47 69 61 31
18 85 49 42
14 73 52 61
98 18 24 80
78 35 77 17
12 97 22 47
23 75 32 57
11 66 65 25
73 75 66 64
86 45 14 53
24 85 34 35
88 15 23 77
16 49 30 36
21 50 72 90
49 26 37 16
68 57 72 55
16 84 22 57
64 47 88 56
32 92 36 26
47 83 46 90
23 20 13 53
52 14 53 79
45 99 48 94
89 46 57 16
69 87 28 82
26 59 19 75
12 14 75 21
31 80 31 43
11 63 94 26
69 62 75 80
66 60 74 93
13 92 23 96
51 87 39 69
77 23 67 31
84 94 20 11
84 98 67 45
31 80 36 27
54 72 52 85
24 20 36 60
85 56 94 94
11 74 78 86
20 68 18 39
42 95 26 33
10 96 29 33
23 13 98 83
97 23 25 19
85 76 78 90
87 65 24 83
64 10 76 83
45 47 64 68
25 17 89 10
35 81 77 19
26 98 86 69
53 33 92 43
58 31 64 98
34 33 76 44
88 15 83 24
13 21 60 93
98 18 30 18
44 86 44 49
92 29 93 41
49 70 52 72
77 46 27 63
64 94 20 27
79 11 40 70
68 58 78 35
38 70 10 53
47 72 80 35
41 71 69 19
39 60 48 92
98 53 86 92
58 62 37 37
36 88 34 29
47 96 54 85
69 97 84 46
83 25 78 79
100 48 81 89
20 17 82 47
22 44 66 13
80 85 20 23
100 78 73 86
36 57 19 71
90 95 46 31
42 100 69 60
27 88 50 75
63 100 18 22
20 85 70 19
26 68 18 37
12 54 86 39
93 62 86 13
12 85 83 55
85 83 74 42
94 80 88 99
50 96 53 93
94 87 50 78
49 30 44 77
68 83 96 10
19 79 26 62
70 37 93 11
61 53 64 61
33 28 15 84
59 68 95 46
88 48 90 64
72 50 95 75
95 60 57 79
57 52 95 82
60 57 70 42
27 87 70 70
57 75 21 28
99 18 62 10
70 27 31 23
79 28 60 77
11 23 29 73
11 13 97 62
89 79 16 30
81 40 78 72
52 61 96 40
65 92 72 72
83 97 10 34
39 91 46 83
43 26 36 58
92 74 50 84
15 79 15 26
36 90 64 64
46 58 59 37
64 10 26 11
30 85 55 15
59 46 51 63
32 46 62 17
34 59 47 57
59 28 95 17
34 66 10 68
68 53 93 61
44 67 39 58
25 73 78 93
52 83 74 75
65 14 44 21
58 67 61 53
