30 250 4
1 1 1 1
75 157 206 250
26621 20628 14842 10934
23 25 86 93
30 76 95 63
81 40 35 84
64 85 21 95
82 81 55 29
26 18 17 55
87 20 100 55
81 58 73 45
85 68 25 78
86 57 74 15
16 48 28 14
52 26 43 85
74 65 42 52
59 32 73 67
99 35 96 41
20 76 52 13
45 41 26 56
97 76 51 26
53 15 83 96
40 84 31 47
12 17 63 18
61 88 85 55
74 91 95 75
11 62 53 18
67 75 17 31
10 50 72 34
15 74 64 97
90 44 86 72
27 36 35 62
87 72 74 47
99 50 43 45
29 41 22 49
33 24 66 76
31 66 21 58
89 45 72 74
85 40 42 27
95 54 87 68
56 39 51 56
95 76 99 17
64 10 45 99
80 60 97 63
81 45 20 81
61 63 12 87
31 31 88 74
20 46 83 21
60 61 18 83
73 45 43 55
44 95 42 25
91 12 85 89
21 18 48 20
33 22 52 25
62 69 76 93
28 85 27 18
17 39 89 13
70 87 21 84
40 51 39 51
42 81 40 64
42 49 73 96
54 97 85 58
76 43 84 16
97 36 78 50
18 41 48 41
63 41 17 18
35 48 53 17
74 57 34 85
72 79 51 57
16 43 14 70
36 89 13 65
82 37 54 34
70 23 12 49
35 97 64 25
34 84 68 40
100 71 72 15
62 77 23 71
19 57 81 71
58 65 39 17
21 47 91 23
68 24 20 35
46 99 28 78
46 50 36 67
55 34 60 53
61 13 71 74
31 20 56 74
49 31 92 91
64 28 69 27
100 42 84 71
77 96 92 49
13 66 74 68
53 46 77 33
87 89 33 98
90 11 82 54
98 93 63 27
46 21 67 17
82 82 84 91
14 50 28 55
85 88 10 85
27 59 59 72
44 73 43 49
60 63 32 24
83 77 39 21
72 80 84 81
26 79 90 53
70 49 42 71
95 51 51 76
67 12 17 45
75 14 33 55
35 32 75 21
43 40 59 65
24 30 30 41
10 100 97 97
75 81 14 45
24 52 88 32
19 18 98 89
65 95 29 61
78 36 52 19
13 11 73 59
17 28 35 97
64 28 91 60
87 41 16 98
84 35 45 15
49 46 91 60
91 97 89 10
52 14 56 86
33 40 39 42
80 86 67 87
36 60 77 28
76 95 36 95
71 10 94 16
30 64 49 26
26 40 53 67
28 49 75 25
11 88 98 100
41 88 21 20
33 61 47 18
56 98 27 15
56 15 57 30
39 39 24 35
36 68 42 69
36 28 23 15
23 86 55 42
98 92 81 29
72 60 32 28
50 48 92 56
63 86 73 59
31 44 66 52
55 56 45 27
80 50 36 58
99 80 61 26
96 50 72 62
55 10 24 87
32 42 92 91
80 84 42 87
15 46 62 26
91 69 44 61
95 10 61 38
71 24 40 24
18 34 31 11
99 53 69 44
93 35 93 78
98 84 42 61
11 56 58 69
25 15 48 85
85 78 73 67
44 30 73 19
37 36 47 20
72 64 30 40
86 68 54 74
96 37 45 76
68 82 90 54
54 97 44 74
20 91 53 92
18 47 12 34
40 36 50 79
56 37 32 58
30 75 85 42
70 42 39 34
41 20 15 59
38 81 86 75
65 89 85 30
24 34 81 53
84 87 85 51
34 43 22 62
91 63 27 13
100 32 52 31
65 100 17 43
16 58 24 29
55 18 52 14
50 38 35 52
56 26 18 78
80 73 70 48
71 38 36 49
50 94 50 43
48 69 84 14
14 97 34 30
87 59 49 23
56 88 69 55
12 21 20 99
32 80 33 10
59 73 20 70
31 40 85 35
10 80 43 87
87 47 38 83
11 86 81 27
82 68 41 68
60 42 23 51
30 71 72 94
98 84 68 48
56 41 18 79
66 50 92 83
11 12 32 30
24 66 78 36
18 53 13 19
44 59 44 55
90 37 13 41
79 34 18 77
61 15 37 10
33 77 16 56
37 48 10 79
12 40 29 43
34 95 65 99
26 34 10 80
23 64 68 66
11 16 99 77
97 83 53 38
28 48 52 13
31 59 58 27
55 56 89 28
71 71 34 53
39 15 46 51
38 33 22 43
15 46 97 32
55 70 53 35
20 36 98 15
53 35 21 14
70 29 30 52
10 48 44 97
43 63 14 39
38 45 79 97
19 33 49 40
83 43 77 51
90 59 10 78
19 31 41 23
52 25 33 27
99 40 80 77
56 99 90 47
63 81 88 37
66 54 80 68
54 82 85 56
41 47 80 16
30 66 26 95
26467 21142 15783 10085
78 42 11 87
15 40 22 48
93 44 42 26
60 26 54 53
86 95 85 12
56 93 58 56
41 49 80 67
77 21 63 73
29 76 31 17
29 99 35 29
76 10 32 83
27 19 78 39
35 37 53 58
21 89 17 87
29 31 88 59
93 20 40 10
64 37 37 72
44 84 21 13
18 75 53 44
27 33 16 81
71 92 37 64
45 49 27 69
10 57 14 94
97 93 88 73
27 28 36 90
72 26 66 66
82 35 27 20
19 42 72 73
57 71 23 34
65 97 61 15
20 34 49 50
88 38 12 60
36 43 88 73
77 43 47 67
16 73 46 69
43 37 69 58
90 41 10 44
73 56 32 83
16 45 78 95
25 89 53 46
13 46 40 34
59 30 54 14
49 60 56 93
59 77 63 84
41 54 42 38
95 27 44 72
35 38 16 87
95 96 66 85
81 39 74 97
60 53 34 38
64 44 93 61
52 19 44 13
24 37 60 69
96 76 51 45
56 95 97 15
27 74 20 59
94 19 12 28
88 40 76 63
79 63 77 59
27 64 43 19
20 75 76 70
62 65 70 79
26 16 78 99
48 65 40 96
48 76 90 10
49 97 10 86
63 99 81 97
39 97 89 67
82 32 75 51
48 17 56 41
46 39 83 55
39 58 68 52
42 89 11 93
55 80 22 96
41 60 72 80
29 14 32 86
44 17 13 33
78 83 85 27
44 48 43 87
18 53 56 68
36 91 63 27
86 44 51 79
34 18 65 16
25 41 100 90
82 51 83 14
48 65 20 92
76 54 87 35
84 95 85 92
61 73 98 11
85 30 32 74
60 35 45 82
51 64 49 62
92 51 26 45
81 61 11 76
60 55 18 28
19 98 56 57
31 25 69 38
100 40 12 24
20 94 67 61
24 75 37 84
76 96 72 47
100 70 17 93
98 47 71 34
59 36 90 99
46 80 79 87
41 55 91 26
84 80 12 38
25 66 87 99
62 78 77 33
83 89 15 47
18 62 43 85
47 12 18 17
77 38 43 18
41 16 78 22
39 44 60 71
42 65 62 62
90 64 55 17
83 89 38 96
53 89 38 66
30 27 47 56
30 70 72 73
22 58 14 14
74 96 49 63
88 98 50 83
67 20 24 73
18 84 25 71
20 74 53 28
51 59 68 53
13 12 88 39
60 12 69 32
80 30 48 29
37 85 89 54
93 57 65 68
57 65 95 31
99 97 78 57
78 37 57 45
86 80 58 79
19 84 78 38
24 21 96 54
12 73 29 14
81 79 83 97
16 14 96 26
52 83 76 35
84 61 85 53
10 38 91 93
90 80 68 85
30 20 66 75
15 50 88 67
52 57 54 79
56 21 93 65
83 29 34 33
100 97 38 16
19 12 47 93
30 69 17 63
30 84 33 23
93 60 11 73
87 37 25 22
51 28 56 28
65 25 91 31
95 86 94 38
37 75 77 82
49 98 11 32
89 65 84 93
96 13 88 82
84 28 55 45
29 76 15 18
68 55 58 99
55 15 23 19
89 48 14 69
81 38 24 95
40 41 47 54
72 41 18 90
11 67 45 42
37 74 89 74
54 36 99 87
66 43 14 25
56 95 30 70
98 17 40 56
60 40 25 55
35 42 19 78
77 16 98 73
86 57 91 77
59 100 54 67
33 61 34 10
58 59 39 75
32 12 41 41
87 47 89 58
26 67 84 77
92 84 58 95
32 71 44 43
32 69 48 81
65 92 24 25
88 44 74 59
62 38 12 76
20 46 52 82
19 36 52 47
49 45 81 64
15 10 16 51
54 34 79 34
94 39 14 33
69 69 19 66
73 17 74 65
51 37 70 67
21 37 62 27
85 38 27 14
18 59 68 90
77 46 16 57
51 96 37 59
97 86 58 33
33 26 38 82
51 65 45 39
79 16 63 60
77 89 61 51
13 39 76 71
14 23 68 63
78 78 36 56
14 16 37 26
77 51 72 39
83 43 92 85
55 41 68 16
79 13 100 15
54 32 46 67
13 53 16 93
97 12 29 92
66 24 15 46
20 100 55 47
82 39 94 80
65 41 32 94
47 93 41 35
59 20 29 42
90 59 97 58
56 68 16 60
22 97 71 77
34 28 50 81
53 60 40 34
68 43 99 47
60 81 82 94
14 42 45 79
66 44 51 37
88 79 27 69
89 15 24 16
21 80 74 40
99 17 16 63
10 49 51 30
20 17 13 62
53 100 36 19
15 20 66 25
49 94 38 84
20 53 74 33
22 74 35 70
26039 20096 14263 9463
62 70 41 15
26 71 85 11
78 83 34 86
77 17 32 49
39 71 84 11
73 92 66 18
15 94 32 97
45 48 27 46
76 52 52 49
32 71 63 37
41 71 84 31
33 58 51 74
61 35 85 57
100 85 13 77
50 89 55 26
16 13 82 47
77 95 18 12
90 17 33 89
61 99 67 19
10 84 59 23
17 57 88 72
97 54 14 73
78 58 37 46
27 72 82 62
11 92 60 92
63 94 92 11
30 21 27 37
24 76 62 10
12 15 46 53
34 69 15 47
77 57 88 84
55 71 56 59
32 89 47 30
35 78 71 44
71 34 57 57
90 76 44 96
63 13 15 66
39 61 46 54
51 38 63 14
12 91 84 42
79 84 87 14
46 19 47 96
36 36 33 80
62 53 91 20
10 91 100 80
79 92 23 70
27 35 11 63
41 11 83 16
30 79 42 47
86 59 48 45
89 16 25 83
53 79 63 98
61 81 62 14
79 40 22 12
98 16 70 68
29 49 38 56
49 86 54 65
86 19 82 100
35 75 21 28
35 77 92 13
13 54 20 40
51 57 36 16
47 47 28 22
63 94 51 25
95 13 21 97
96 72 68 73
14 77 13 96
18 49 54 38
34 69 64 95
94 20 73 18
27 55 38 44
84 18 51 89
51 41 28 94
10 92 69 98
63 42 59 25
20 43 95 42
89 94 56 98
43 94 64 24
39 63 38 86
33 52 51 25
84 26 21 92
32 53 66 97
18 69 73 93
16 31 97 13
86 36 70 73
48 16 94 42
43 71 91 20
40 81 47 70
53 30 55 65
26 94 47 88
75 15 24 88
88 49 15 31
96 24 13 28
53 68 75 91
26 47 26 11
46 67 10 77
42 20 95 53
76 64 32 79
52 57 70 24
49 95 24 24
24 41 32 92
58 20 35 57
49 16 79 19
31 61 25 48
43 35 71 31
71 15 68 13
74 98 74 56
86 73 89 33
57 11 26 85
20 69 11 12
98 34 74 100
25 51 59 75
57 43 23 18
12 60 89 59
37 24 85 30
87 73 35 57
23 18 53 84
35 24 84 84
78 74 46 68
49 60 43 47
72 99 27 81
66 84 53 18
81 30 52 42
56 63 50 68
45 28 53 10
83 51 27 76
74 46 95 95
51 77 54 86
21 67 85 61
36 15 46 35
99 55 50 56
57 61 47 52
36 78 95 43
15 73 68 87
28 29 86 48
49 28 57 100
24 51 19 58
30 23 50 13
83 91 18 30
93 74 94 60
41 71 73 38
39 37 92 18
24 38 47 22
97 60 48 48
56 24 50 74
26 58 11 10
62 53 76 35
20 72 46 21
84 11 39 53
61 47 14 48
15 83 40 99
39 98 52 38
12 42 72 96
26 52 63 56
73 55 29 23
12 85 88 96
92 46 31 43
82 92 33 78
92 98 39 46
98 36 96 91
29 85 27 43
68 17 78 42
80 61 85 34
39 62 44 61
100 51 99 11
47 36 60 93
87 20 52 27
23 84 13 59
28 98 73 46
93 94 30 67
87 22 36 54
49 69 10 36
88 96 63 68
95 57 96 29
25 82 46 56
48 66 97 14
99 82 76 51
73 46 35 62
16 31 50 100
77 86 46 92
53 68 76 41
23 65 59 56
91 57 79 66
38 48 79 79
41 10 100 42
19 80 61 86
90 43 18 76
84 53 23 73
33 47 11 91
24 99 83 71
28 51 66 28
49 93 17 58
94 91 16 20
63 77 24 51
63 33 88 52
83 59 74 38
45 24 32 80
80 76 10 50
79 13 43 12
52 76 40 11
38 100 35 24
85 31 16 83
28 84 12 57
54 31 50 81
47 22 38 10
38 81 40 63
31 46 97 61
83 89 40 94
33 49 61 54
35 86 58 15
66 93 74 49
45 18 11 13
50 75 95 36
86 28 23 51
47 84 96 40
64 97 80 75
38 67 94 34
93 97 22 24
83 95 27 34
99 92 79 93
36 29 38 44
71 60 15 15
21 80 98 98
76 23 66 24
90 96 60 79
80 29 76 60
97 22 50 63
43 43 56 87
79 36 70 68
91 55 100 96
77 70 63 84
24 37 31 41
24 50 42 18
35 78 26 35
74 100 51 78
54 88 46 63
15 66 79 47
12 45 50 27
60 86 47 16
95 26 21 47
88 15 84 15
48 23 68 23
87 94 53 68
57 88 88 60
33 90 98 17
49 17 41 64
21 71 79 68
73 67 64 45
47 28 27 59
13 44 66 16
26337 20009 15665 9241
69 70 10 63
69 92 84 54
42 39 14 23
64 26 33 55
33 88 23 88
84 38 62 38
88 39 96 66
33 79 59 97
41 22 16 18
62 41 55 85
99 53 27 89
55 69 91 46
85 55 87 42
86 34 17 22
43 87 64 12
26 18 90 60
77 29 72 12
72 53 100 33
71 17 31 46
41 25 87 79
31 15 39 27
79 70 95 59
17 74 42 35
76 69 85 92
89 82 29 14
100 91 76 62
44 43 53 95
72 61 66 77
59 42 37 25
76 76 63 88
48 63 34 64
57 31 41 19
100 46 35 81
37 21 13 25
60 75 13 74
19 32 82 15
31 79 99 75
36 71 87 67
75 75 39 25
98 11 20 37
15 56 69 61
33 58 67 88
67 67 32 74
18 12 41 51
14 36 28 48
69 35 30 25
46 84 93 35
82 77 91 57
85 14 12 78
59 89 40 94
20 48 98 44
37 12 10 96
49 53 27 73
42 83 56 62
41 20 75 54
73 87 74 19
62 32 76 33
43 60 60 37
11 79 69 68
33 70 87 48
65 23 48 10
16 80 63 10
80 43 58 72
28 36 52 14
72 20 81 89
90 67 34 26
10 89 82 89
79 43 46 74
41 78 54 37
40 72 30 52
63 21 55 24
14 35 61 49
26 96 32 51
51 93 99 47
29 51 25 25
35 50 73 50
57 77 96 45
52 79 25 69
69 19 69 14
57 33 98 59
61 69 59 80
10 31 52 86
81 82 81 86
75 93 79 54
78 94 10 94
78 29 88 62
12 64 82 58
84 93 60 52
28 39 56 77
76 46 93 91
86 59 20 33
19 53 20 61
59 45 93 55
71 32 58 64
61 38 64 42
30 59 28 64
83 17 99 54
36 86 99 17
27 11 59 55
87 28 40 76
15 76 82 44
87 16 49 11
70 28 25 17
93 79 53 22
57 42 52 13
29 25 82 18
100 80 17 56
47 85 55 88
47 43 98 80
99 68 65 74
95 58 70 74
56 20 79 34
63 32 67 56
56 31 65 48
99 58 21 27
48 80 78 62
64 96 51 91
33 55 51 99
85 46 68 10
40 15 72 76
59 54 37 60
33 53 62 99
18 72 46 17
87 80 78 18
69 18 42 67
57 71 69 65
94 73 12 83
26 12 99 27
47 75 79 29
81 56 75 92
73 32 34 31
68 80 17 84
34 40 94 34
78 84 76 53
58 48 11 80
25 10 13 90
28 50 56 87
32 27 72 83
61 70 33 57
87 91 44 37
75 51 82 45
64 33 87 76
87 68 43 47
43 32 53 84
81 36 71 92
27 45 94 44
77 27 84 48
16 78 87 96
25 69 25 11
38 40 13 75
27 49 19 47
67 100 46 24
53 19 44 56
12 78 93 31
86 85 39 85
41 31 12 29
89 31 94 84
77 21 71 99
94 46 53 67
44 99 52 75
92 58 94 29
69 26 99 69
20 58 34 58
59 46 41 19
40 32 97 64
50 35 39 86
92 87 53 30
15 78 82 91
10 66 60 92
37 96 95 42
74 99 31 88
12 38 54 36
86 62 49 82
59 23 97 91
83 58 85 83
58 81 80 87
69 30 88 23
26 91 73 51
72 87 33 58
28 22 77 21
28 68 67 27
80 31 16 57
25 79 77 100
93 31 70 44
14 34 51 66
86 44 90 86
45 85 44 93
42 81 81 91
40 23 67 74
44 65 30 69
77 42 52 78
31 65 37 54
48 44 19 47
31 69 24 30
26 49 31 16
61 31 23 46
16 74 51 27
33 61 89 75
74 56 50 48
59 21 93 10
96 39 29 73
79 45 94 25
46 94 35 70
77 34 54 18
52 50 27 10
19 25 50 66
16 32 12 70
19 36 22 95
82 60 30 87
94 25 76 44
60 82 44 85
22 44 61 27
27 62 58 36
91 91 85 36
79 71 77 64
56 83 62 11
50 60 42 23
90 41 89 73
62 65 42 68
89 45 69 24
73 70 89 30
28 50 40 54
49 96 63 26
18 10 81 78
90 53 27 46
27 11 54 21
60 60 33 59
98 21 33 70
77 63 44 12
89 49 70 18
68 48 39 35
79 82 13 39
98 71 59 37
89 25 81 31
47 73 31 73
61 42 31 32
59 11 69 90
92 42 72 77
38 73 61 49
32 23 16 23
58 52 34 23
32 68 88 56
71 92 61 67
20 96 44 81
70 30 94 96
46 14 79 48
98 60 66 24
89 35 98 85
31 42 74 29
29 64 13 83
27127 21107 15904 9599
53 25 25 57
15 65 37 41
41 55 15 85
69 27 68 76
84 42 81 64
54 84 33 99
45 16 64 17
61 13 85 40
28 79 53 88
71 26 99 58
59 82 34 54
19 100 39 74
35 65 82 49
91 96 74 94
14 82 74 17
71 91 84 64
98 67 42 28
39 70 47 21
97 12 77 29
38 43 24 57
69 68 26 19
48 40 35 51
64 80 53 55
64 56 28 76
71 60 97 52
91 60 33 41
41 83 61 28
66 27 92 67
11 25 13 41
81 65 94 43
76 27 46 57
59 11 49 87
40 40 61 92
79 44 35 83
67 25 24 42
53 88 78 43
15 61 96 67
60 42 63 75
59 30 71 80
92 93 44 38
22 30 78 10
11 67 64 19
38 71 69 78
11 96 88 18
53 62 71 37
36 61 50 78
43 25 61 57
17 10 53 56
77 80 72 28
82 60 60 99
85 57 96 19
68 24 79 38
27 72 18 11
18 83 63 78
16 11 29 42
64 30 64 50
54 35 16 33
22 60 46 67
93 49 70 22
74 46 97 97
33 63 84 44
81 74 40 88
35 68 62 93
76 14 43 88
62 100 84 43
52 52 35 100
30 53 51 31
15 24 74 22
18 44 24 62
16 60 92 60
37 27 29 33
67 89 13 87
32 58 58 22
80 90 97 38
40 48 60 57
34 15 78 42
80 48 28 41
24 65 53 97
86 76 16 43
22 23 77 69
98 31 51 76
83 45 57 50
58 98 32 92
84 80 75 32
19 99 58 88
45 25 83 34
41 67 14 36
84 68 73 19
85 45 24 15
38 59 93 54
68 70 71 38
63 85 64 74
43 53 74 58
83 40 61 68
14 38 96 45
16 22 100 49
30 21 92 29
41 59 74 99
62 20 32 69
49 77 77 94
98 70 90 67
19 92 58 78
53 81 48 52
84 91 19 34
23 88 95 55
73 73 92 68
73 92 86 62
30 18 44 61
21 53 44 100
27 92 23 52
15 62 29 40
62 56 61 97
30 33 56 51
97 31 74 61
28 41 44 62
56 94 48 32
75 65 40 35
61 55 33 33
46 72 27 52
32 38 41 74
78 21 80 50
99 23 71 45
23 53 98 68
14 45 95 71
51 23 36 86
81 15 54 16
97 38 39 86
94 13 87 48
83 81 18 58
66 67 26 30
64 33 86 76
34 20 74 79
92 39 69 82
10 94 59 29
98 53 26 29
17 99 69 66
76 44 79 71
26 60 28 66
64 55 24 83
92 39 58 53
15 26 66 61
84 92 86 42
80 99 37 44
27 55 67 71
26 55 75 16
40 53 51 48
72 17 63 20
21 65 13 49
48 24 71 13
46 61 16 76
83 50 76 71
27 10 80 88
14 31 51 43
74 67 26 61
65 50 41 94
72 95 36 14
36 73 63 35
64 45 84 19
40 21 71 84
48 39 65 47
39 92 47 49
87 74 60 72
76 81 19 20
38 83 63 70
36 40 83 30
84 84 49 13
53 51 85 37
48 18 23 62
42 18 43 60
98 34 97 76
100 39 97 72
10 86 22 91
96 51 62 54
64 72 73 69
50 47 77 96
74 14 90 89
97 42 60 60
36 96 75 64
49 58 96 62
71 35 59 81
60 40 32 64
27 90 43 79
37 59 13 77
15 55 38 85
81 22 25 55
26 13 20 88
15 47 53 99
99 60 92 32
87 93 71 68
75 39 32 30
41 69 29 68
98 44 11 51
21 97 30 82
25 91 63 50
81 51 27 22
68 59 27 81
90 60 28 87
39 45 24 46
31 76 59 32
78 69 10 54
86 42 35 88
77 23 65 93
51 10 44 45
26 46 25 71
47 67 16 66
34 14 88 48
93 22 36 81
52 76 41 22
98 86 13 83
96 59 53 96
91 16 16 15
80 42 75 56
87 82 26 53
32 29 51 97
26 33 56 87
46 24 51 70
43 67 42 56
92 82 47 32
20 39 57 60
46 68 60 58
25 53 74 74
70 93 11 61
22 40 58 80
84 47 45 56
78 86 44 32
29 22 61 19
34 33 83 77
53 54 93 90
19 35 26 83
35 84 95 92
50 91 15 59
68 87 12 39
38 72 25 36
45 68 89 91
66 81 92 64
74 99 60 76
32 40 43 63
91 91 68 31
19 55 12 74
59 23 26 67
75 21 15 92
53 79 52 44
79 77 99 96
24 35 87 72
81 87 88 24
66 21 64 11
61 26 12 57
51 90 29 65
64 83 94 55
51 56 55 32
26603 21167 15204 10972
67 25 100 20
45 57 10 81
75 20 89 30
36 25 81 40
53 51 42 28
42 53 60 34
49 47 88 90
25 41 34 55
18 74 67 48
26 38 43 99
86 39 89 46
87 46 45 26
87 47 86 59
77 26 87 38
74 69 90 49
23 79 62 17
32 57 11 43
88 77 13 26
51 80 87 73
74 82 89 14
35 74 28 10
57 59 10 97
21 48 71 34
70 77 43 29
72 98 54 79
100 63 13 85
87 29 54 50
68 90 86 64
88 93 33 40
83 35 41 40
52 83 77 75
57 79 39 20
34 12 40 41
47 65 57 79
71 82 98 61
97 49 24 11
35 58 99 23
95 83 45 99
42 33 70 53
22 82 86 46
40 42 46 65
58 64 43 76
34 31 39 75
43 34 88 33
35 22 92 43
100 73 22 79
89 30 97 91
94 62 10 96
46 74 73 12
94 21 43 62
68 16 72 27
23 61 48 29
70 93 24 96
44 80 74 60
95 89 53 65
97 55 49 60
85 100 98 39
63 60 72 72
94 68 88 86
99 66 43 99
95 56 26 64
51 96 52 67
60 66 76 67
100 37 63 15
54 28 74 69
72 70 20 54
64 36 94 27
87 16 18 38
58 29 86 59
22 28 99 77
84 72 48 11
65 92 11 95
32 13 73 93
56 21 56 59
81 17 81 77
71 63 90 41
54 70 88 14
24 17 80 71
90 25 95 11
43 83 24 53
30 41 83 55
21 13 80 33
97 82 47 42
99 65 38 68
91 49 10 75
74 97 77 100
88 53 78 37
83 54 64 36
19 11 39 24
33 11 26 70
22 91 100 90
10 20 44 95
23 99 32 73
33 93 25 82
69 92 71 33
71 44 96 52
82 65 21 28
46 33 47 18
65 89 92 73
55 77 79 19
92 91 32 25
38 58 30 95
53 69 23 51
84 93 35 81
39 26 97 99
24 12 86 31
44 12 58 46
80 45 70 48
95 97 88 92
87 66 38 44
22 77 41 67
80 75 80 61
44 92 61 61
53 67 54 60
20 94 34 85
61 25 14 39
24 77 92 87
26 46 50 58
66 54 27 33
38 67 58 58
15 15 94 93
59 35 68 71
53 26 17 59
11 73 19 95
84 93 68 80
56 20 20 72
81 91 68 100
51 13 82 80
92 65 84 47
78 66 88 53
21 89 100 25
74 67 66 14
83 98 11 45
87 73 17 49
74 70 39 98
14 49 15 58
24 69 23 96
37 49 60 67
78 57 41 45
29 52 56 19
50 44 26 56
36 63 98 40
86 33 99 95
75 82 82 57
66 97 84 85
62 65 12 21
22 37 68 41
77 23 83 80
60 60 71 59
21 91 38 84
90 94 96 45
28 47 45 100
58 97 99 71
27 60 73 44
51 70 69 74
84 78 97 39
77 83 67 58
24 14 75 25
95 65 30 26
46 97 21 87
59 54 26 93
77 99 75 81
12 67 82 81
84 88 14 11
44 20 13 43
51 30 80 66
75 16 84 12
96 48 79 74
82 49 33 46
28 91 12 70
21 11 97 84
79 70 86 41
53 22 41 94
81 46 78 63
28 74 70 53
50 38 93 96
49 91 95 27
85 97 40 15
97 20 99 80
70 34 65 70
10 92 10 47
73 13 69 59
30 80 44 82
73 22 15 42
66 58 91 40
89 36 11 40
51 21 96 17
60 31 57 66
55 30 77 74
12 36 10 98
75 96 39 82
55 10 45 11
58 42 38 46
55 59 32 83
62 35 92 25
25 29 85 26
23 91 22 56
53 31 15 71
16 64 60 27
20 24 21 38
28 57 41 92
43 79 85 60
28 73 29 36
28 60 53 48
44 72 69 71
90 20 72 44
82 60 38 90
34 14 35 34
86 28 13 33
90 17 65 26
44 37 11 21
38 53 13 53
45 44 77 87
98 38 65 67
68 77 60 35
32 28 67 39
92 24 72 48
47 90 38 74
64 96 33 96
80 25 100 71
15 73 36 47
81 42 81 82
64 39 95 20
62 29 17 52
33 56 43 95
100 30 65 94
77 90 50 92
18 74 69 37
84 30 11 44
12 52 23 20
39 67 20 22
94 60 58 22
29 20 76 11
89 58 86 17
33 66 72 47
91 21 36 99
85 47 86 41
18 17 47 66
38 45 53 62
68 71 88 17
86 87 39 41
22 77 96 16
42 74 21 58
55 39 31 58
24 52 90 17
48 87 78 62
30 57 28 24
76 22 82 91
98 56 57 49
22 62 72 50
25011 19662 14796 9981
19 62 11 59
24 76 99 95
67 88 81 25
77 20 43 72
71 57 47 53
74 96 34 19
90 16 40 12
94 67 62 20
44 53 84 33
28 39 33 26
30 37 14 16
17 43 95 82
54 36 52 22
70 58 40 49
27 57 41 75
75 96 11 69
50 36 90 56
65 76 47 14
81 100 60 55
53 98 32 79
88 84 63 59
39 24 39 95
37 11 95 99
49 19 73 29
18 40 40 73
14 84 47 51
72 19 14 17
85 89 45 60
98 48 95 35
23 36 25 54
56 17 93 59
67 59 73 88
81 32 88 54
68 42 82 25
97 19 88 32
35 91 26 28
90 68 68 42
59 31 71 12
57 32 38 63
67 25 84 17
39 84 55 87
59 60 33 88
33 33 35 97
77 13 17 31
87 89 13 96
100 43 44 95
87 67 61 58
32 55 27 96
92 58 75 78
72 75 63 83
66 22 42 92
33 54 42 48
28 96 87 35
80 89 49 98
51 56 81 49
35 49 69 44
16 30 27 83
79 84 17 53
62 50 46 38
62 76 95 32
69 57 39 52
100 84 22 41
56 79 27 75
100 90 54 43
29 51 67 59
63 27 24 50
38 45 64 72
83 69 67 97
22 85 63 88
72 52 37 53
13 89 14 92
77 55 73 81
87 20 84 86
50 43 70 81
13 62 58 27
78 67 35 34
57 82 46 39
42 80 53 75
61 78 12 62
82 17 26 67
96 68 80 36
48 96 47 94
85 72 34 77
100 77 40 79
72 18 62 36
55 14 73 33
48 97 33 34
62 66 82 67
90 38 14 16
34 19 80 58
43 23 58 63
25 64 84 60
93 81 24 91
52 97 30 44
45 100 15 100
56 18 98 89
83 94 69 43
14 33 59 96
31 97 18 62
14 36 25 17
50 71 92 19
14 10 86 35
51 10 80 30
62 96 59 21
58 56 83 75
60 59 56 47
14 92 30 75
69 19 48 77
80 89 42 15
74 22 46 76
41 46 25 46
53 53 21 33
90 95 16 82
100 100 95 82
63 45 80 38
10 11 59 81
100 34 92 81
20 67 89 59
21 65 56 35
93 24 65 11
41 12 21 25
14 15 91 92
17 84 32 97
71 70 25 69
29 75 40 58
90 13 32 53
37 97 31 93
57 85 40 62
59 23 89 70
58 16 77 54
71 18 39 72
20 18 33 14
15 26 62 72
43 94 78 16
57 68 13 79
27 99 48 30
66 11 45 62
24 82 15 20
91 85 48 25
82 93 44 17
55 75 64 59
45 86 61 80
18 82 63 46
95 54 38 95
17 83 89 17
57 90 22 11
22 88 65 49
10 98 24 65
39 45 46 91
93 93 27 70
57 88 82 79
45 23 88 98
63 31 39 70
27 80 99 81
68 70 67 15
27 18 100 73
56 59 10 29
43 84 86 34
86 67 64 44
81 51 24 72
75 36 22 83
16 67 37 43
89 83 55 66
83 63 20 14
53 67 67 13
87 70 47 68
77 87 36 88
69 67 51 98
63 100 90 21
14 70 17 89
99 53 86 81
93 70 74 35
25 82 91 34
15 90 29 88
48 62 61 92
71 77 88 39
42 69 85 61
80 21 95 45
40 65 70 80
48 71 72 44
50 86 99 46
12 89 66 85
29 58 57 100
81 94 19 23
13 40 19 67
91 18 56 81
34 15 89 18
18 42 20 95
77 87 25 10
26 43 71 48
24 34 20 54
97 44 69 28
71 76 69 33
92 91 44 39
89 57 36 74
100 51 86 51
41 40 50 17
73 35 96 22
56 73 80 36
51 90 86 92
11 62 13 66
67 97 64 59
98 82 46 85
49 46 26 29
31 55 89 18
52 48 44 67
18 72 49 11
79 98 97 27
99 73 24 28
82 73 58 82
44 23 45 14
23 24 37 79
24 70 80 63
78 78 57 100
67 46 74 27
24 24 45 71
93 69 48 74
38 56 70 21
50 69 22 49
40 13 50 10
70 100 15 28
72 91 47 23
39 24 95 72
33 69 38 15
37 58 65 100
80 61 48 91
88 39 61 48
37 81 23 99
49 23 40 62
11 92 73 68
75 66 57 94
71 26 46 21
29 44 42 23
71 86 43 39
94 18 32 16
22 66 68 71
15 40 12 54
47 94 93 100
25 78 15 31
63 52 66 12
94 27 90 81
33 86 34 70
69 35 29 49
85 44 69 45
98 97 23 92
69 89 61 16
95 74 36 55
38 49 59 94
66 13 33 27
88 63 94 20
24817 19698 14447 9768
81 100 73 23
65 60 72 28
41 91 58 87
43 68 45 77
28 77 41 33
100 77 70 79
34 97 90 66
80 57 33 48
31 44 25 77
38 32 87 38
63 54 58 65
24 82 76 79
13 28 61 90
93 53 13 14
36 68 44 59
63 92 24 70
95 30 24 75
40 38 50 18
26 85 65 85
32 98 18 99
87 79 51 28
45 20 16 56
82 96 98 81
31 11 44 34
94 37 62 96
48 35 44 32
72 29 35 75
80 40 94 90
87 41 65 60
28 41 19 40
86 38 78 20
78 52 80 30
96 27 60 11
36 46 83 68
92 88 77 28
11 15 28 43
13 67 94 94
25 97 57 36
94 68 75 59
71 11 32 50
26 47 56 92
90 26 22 49
37 12 22 17
84 83 78 72
56 23 35 87
74 82 65 51
90 88 46 87
13 20 21 33
13 80 63 18
81 52 63 99
70 61 31 43
36 61 32 73
61 31 64 11
84 75 49 51
74 24 94 52
94 36 19 83
13 64 67 98
70 86 47 52
21 21 67 89
78 96 35 60
39 73 71 77
11 65 45 49
56 90 66 11
82 90 46 27
27 43 55 60
77 51 48 84
16 31 30 70
76 21 34 80
28 89 62 66
30 18 26 56
36 84 63 74
33 72 88 51
72 79 72 22
69 36 75 54
45 51 65 44
17 14 35 45
49 39 41 45
65 15 54 68
70 90 99 17
83 64 16 45
60 90 35 54
26 50 80 84
62 70 64 93
28 99 10 88
51 22 11 23
74 67 84 92
17 50 77 100
68 67 34 95
15 41 65 99
27 41 75 88
79 17 100 60
29 61 93 19
53 53 20 89
42 53 71 89
37 74 26 61
75 67 13 66
40 48 12 16
72 100 71 36
77 99 27 72
51 82 57 96
65 39 20 56
31 13 54 76
19 71 23 42
43 90 87 38
85 60 80 99
71 27 62 69
76 89 23 63
97 26 85 95
33 21 17 41
46 48 51 28
34 31 53 67
41 64 79 15
62 22 93 83
92 71 12 36
33 50 19 47
44 65 78 64
100 43 58 70
55 23 19 47
37 84 44 39
68 11 89 10
41 19 69 65
70 75 44 60
59 41 89 98
59 11 45 60
51 59 40 15
12 58 13 21
85 24 17 16
29 19 23 22
82 22 39 62
65 24 22 18
80 37 88 57
29 23 45 23
84 63 44 40
62 48 44 58
57 18 92 66
10 84 25 100
62 64 51 89
70 51 27 22
13 95 84 15
10 30 82 28
93 57 35 87
26 46 37 68
100 18 65 75
62 60 61 65
13 61 45 56
42 48 21 51
57 74 68 93
89 49 41 56
97 41 43 27
99 52 80 57
66 73 53 79
49 93 69 95
14 72 17 41
78 66 45 13
84 85 71 23
50 28 52 45
51 54 20 71
46 68 89 94
79 81 22 80
87 26 83 37
44 67 46 23
33 13 48 20
85 50 62 88
58 19 51 64
12 80 27 20
32 31 81 54
31 21 38 15
28 72 41 23
27 38 100 68
88 92 79 64
54 37 50 38
22 49 91 10
22 14 60 76
92 57 68 96
30 69 59 49
18 71 71 18
16 15 27 70
16 20 72 21
75 66 41 36
86 84 50 86
47 90 58 51
19 38 72 57
79 92 34 48
32 90 93 23
79 80 44 25
17 88 45 12
98 68 91 92
33 68 54 27
34 11 96 85
74 59 22 80
29 73 22 60
59 35 65 78
50 83 87 93
71 23 22 31
42 95 69 94
35 51 73 26
79 46 42 90
22 19 44 32
74 70 90 62
77 85 78 46
97 31 52 24
48 42 15 31
31 91 70 26
40 66 43 44
79 42 57 65
90 58 99 16
31 63 27 94
72 30 95 18
38 87 57 45
96 35 55 78
28 40 38 13
25 97 59 32
51 88 89 60
38 15 98 45
36 21 79 36
63 44 16 10
71 71 77 64
74 75 37 62
11 29 100 11
86 36 93 53
52 46 11 96
23 34 45 30
19 40 68 67
88 59 63 48
89 97 59 90
79 51 57 66
29 10 30 11
41 35 55 72
11 93 56 19
91 32 80 43
32 49 63 16
92 27 53 60
40 27 86 24
32 67 80 99
72 17 37 44
46 18 75 13
14 74 18 92
22 27 42 50
40 95 24 35
65 85 27 28
57 99 88 10
66 89 87 56
43 50 31 85
46 46 13 28
93 86 71 39
94 56 80 23
44 32 33 85
81 43 30 38
70 51 93 79
88 39 44 39
26090 20901 14969 9962
10 34 38 93
85 30 99 16
66 99 48 98
78 63 29 99
63 55 99 95
94 24 96 10
35 65 69 82
66 95 83 97
71 96 54 54
57 12 99 23
52 22 89 59
30 43 41 26
94 45 50 41
39 49 44 27
13 13 49 82
52 27 88 76
97 56 64 56
70 22 77 35
70 45 64 87
51 26 83 29
84 85 57 99
20 64 84 58
45 67 31 45
39 10 73 83
17 60 100 72
71 42 83 69
16 17 28 59
31 51 72 51
39 44 56 64
17 76 16 18
79 14 13 63
64 45 59 92
43 14 71 59
96 63 48 87
77 32 29 16
18 75 17 78
44 68 69 37
73 68 69 75
96 16 22 90
93 89 71 26
75 50 86 40
59 37 45 62
59 84 77 47
38 20 82 30
44 69 94 28
55 20 73 79
35 65 84 67
56 87 32 20
100 24 84 10
29 39 62 15
92 36 66 19
21 38 11 83
79 35 97 21
45 88 84 65
72 46 28 46
71 24 54 57
55 51 63 62
41 22 80 91
51 75 48 29
70 29 41 35
49 77 27 35
87 28 49 74
44 44 99 56
54 17 82 11
34 94 70 15
38 57 76 26
11 71 14 73
24 44 38 34
76 66 85 74
50 21 26 16
34 45 27 52
39 44 98 59
93 76 100 53
81 31 65 50
82 17 35 83
13 78 22 36
63 90 11 94
74 57 79 61
30 53 23 65
54 47 13 94
31 31 35 99
11 34 20 91
75 49 69 16
62 59 88 69
35 63 33 71
52 64 11 38
11 30 52 49
86 29 41 38
10 51 65 14
97 68 68 72
89 20 24 27
72 46 81 66
95 66 68 19
49 70 37 75
50 93 57 39
81 45 92 13
34 100 52 24
100 21 87 12
58 51 49 65
55 33 41 97
21 75 47 37
93 55 91 62
53 95 11 90
28 26 49 69
10 77 35 13
25 90 51 28
25 17 82 60
34 77 68 98
26 41 82 89
49 53 46 49
87 50 63 80
89 45 80 92
78 74 47 38
90 15 11 43
79 38 86 29
87 37 37 84
36 74 95 65
96 20 74 20
23 15 10 70
47 16 77 36
63 96 80 36
72 83 85 12
75 12 18 84
92 64 37 19
89 31 68 53
80 36 94 16
54 95 10 16
49 89 67 23
89 65 62 22
92 55 45 72
94 96 86 41
88 25 88 53
69 42 81 10
46 49 78 24
73 82 93 13
93 73 82 97
11 54 53 22
49 13 65 72
35 31 18 19
80 87 94 29
69 39 57 44
60 31 18 51
29 33 73 74
99 51 83 97
15 62 12 93
89 43 44 73
65 81 32 23
98 59 49 40
44 65 18 25
52 37 66 23
72 71 27 22
80 71 17 12
42 73 11 92
77 85 49 43
53 94 45 59
47 62 28 71
58 82 60 63
93 75 99 75
99 17 32 61
65 58 19 23
15 39 25 52
99 14 50 95
34 53 89 44
28 41 61 37
50 73 71 69
35 79 98 75
46 57 23 69
72 92 59 99
68 91 53 46
19 65 40 39
80 38 25 51
18 31 35 68
36 88 21 15
45 11 65 95
12 68 18 15
68 46 92 24
59 84 77 94
71 23 76 38
49 45 22 27
11 96 94 81
78 26 77 27
16 82 16 77
61 14 20 41
20 75 28 31
87 64 83 94
77 34 34 50
16 25 77 26
76 65 51 88
57 78 60 46
40 87 54 62
36 68 49 46
35 43 78 16
27 21 61 24
54 74 11 70
75 89 95 75
27 76 64 87
87 60 17 35
52 76 26 78
82 15 69 35
79 73 85 29
45 74 27 94
18 63 93 55
32 98 80 91
86 10 20 50
52 53 37 61
62 36 20 71
47 61 34 89
25 68 22 48
49 65 54 78
31 90 24 75
87 71 63 70
87 93 48 77
20 29 93 46
11 91 37 78
100 72 92 17
79 27 14 98
92 73 52 90
91 30 66 11
18 85 66 71
80 97 35 65
22 56 95 83
14 39 90 67
49 45 60 45
57 10 18 38
43 93 21 38
22 21 61 54
37 57 94 55
12 37 70 64
63 71 46 39
18 27 56 36
15 19 74 97
17 85 42 52
41 40 83 21
66 25 35 21
76 43 21 45
13 86 62 66
100 75 51 35
50 93 92 59
10 100 30 77
38 40 98 53
40 55 34 73
24 94 95 50
73 33 48 79
17 84 52 97
94 35 25 100
36 85 73 31
14 21 73 72
80 96 19 88
54 91 93 38
85 84 92 98
25347 20277 15401 10567
14 14 87 87
41 15 43 17
25 100 76 26
87 52 62 57
50 25 85 86
99 29 59 76
56 30 48 53
57 93 37 49
87 61 88 21
88 65 46 56
30 37 27 27
47 11 73 37
31 26 94 96
88 71 20 85
30 66 21 16
71 28 36 83
98 17 90 43
24 53 53 84
100 42 55 15
41 84 20 42
17 88 46 85
10 89 39 17
60 20 73 82
15 30 18 50
81 33 98 53
56 12 32 13
60 64 97 84
17 94 31 47
73 69 54 47
89 27 42 18
20 80 11 40
29 81 97 78
77 97 56 80
22 42 47 65
32 69 19 61
33 59 15 78
73 87 14 39
11 17 85 29
60 18 38 35
48 77 86 30
26 91 49 55
62 89 24 40
64 85 88 11
70 68 34 33
31 65 31 66
23 97 24 89
12 22 13 80
25 95 82 31
63 76 89 79
42 36 60 67
89 25 25 71
55 49 43 99
18 96 42 51
78 57 49 86
71 10 70 57
66 68 11 93
71 38 42 57
48 90 56 39
92 73 68 44
54 57 75 82
13 61 92 40
49 75 67 38
92 100 94 13
34 29 40 93
34 80 54 31
90 76 10 87
75 35 73 76
24 53 57 56
69 49 63 39
97 100 67 93
41 81 95 90
72 56 95 55
40 84 19 88
18 35 69 84
41 69 71 82
92 100 56 61
63 57 55 99
14 90 61 53
66 52 84 56
18 23 32 27
21 92 69 71
91 34 11 45
61 47 10 89
54 21 46 50
97 32 62 47
91 76 98 20
45 55 85 75
32 38 45 43
17 44 69 58
86 22 91 11
58 53 78 73
65 91 26 29
69 36 39 80
71 90 70 76
80 91 31 13
46 90 76 64
84 69 76 70
60 49 52 94
90 20 73 20
10 19 95 88
76 83 87 28
62 100 77 48
23 43 57 83
24 87 11 75
90 97 16 92
87 89 33 32
74 59 16 83
75 12 17 94
24 24 76 13
33 39 67 72
27 98 10 51
45 83 55 100
15 67 69 54
13 100 39 50
44 89 98 12
86 88 56 30
51 34 13 17
14 49 38 18
74 65 91 21
45 93 80 60
28 24 46 40
79 42 16 58
14 94 91 85
17 39 36 55
82 73 80 30
67 37 84 71
79 79 69 63
65 77 31 13
89 32 29 20
20 99 65 83
34 76 22 76
89 51 29 99
87 93 90 59
93 22 22 82
56 75 32 47
17 91 38 64
89 40 47 70
13 21 14 79
28 79 41 43
19 60 19 36
72 74 24 58
71 28 75 77
44 84 48 37
81 73 10 59
11 81 92 40
61 31 48 38
10 41 97 45
44 39 19 46
98 31 95 29
98 100 91 34
36 59 38 14
43 87 26 97
46 11 68 56
90 47 98 90
97 89 21 27
28 92 99 90
100 82 14 85
89 78 28 42
91 34 13 100
81 74 10 99
18 41 11 20
16 19 47 31
35 57 82 25
81 12 21 79
26 40 31 92
28 71 42 25
71 39 52 58
64 29 62 39
57 60 19 18
25 56 52 76
50 19 78 15
35 63 10 57
11 63 37 56
48 32 33 65
63 53 28 87
75 34 69 48
58 53 70 87
61 93 27 88
58 21 45 11
60 29 21 57
18 42 52 92
15 50 17 17
43 96 47 41
68 24 73 21
100 36 87 66
59 28 47 21
40 47 64 30
28 55 37 33
10 29 20 27
22 98 64 56
43 37 35 47
91 64 67 94
46 40 47 33
14 14 61 55
66 74 59 66
46 43 100 11
17 45 94 82
44 76 62 25
48 58 28 14
42 97 11 76
97 85 55 82
79 11 13 82
25 87 78 41
52 36 49 45
36 18 58 26
29 19 12 50
19 43 78 10
71 22 86 99
44 56 53 69
71 20 30 71
85 47 32 82
81 74 23 72
95 14 65 96
91 19 50 88
33 34 13 87
67 40 41 50
87 28 37 34
97 48 71 23
84 15 94 59
97 90 68 33
92 90 98 45
34 90 69 91
36 15 45 79
61 78 81 35
35 73 90 51
46 89 75 71
46 98 37 81
18 17 76 11
19 53 11 99
24 87 17 40
90 32 77 37
60 36 21 100
21 14 58 66
24 25 74 90
61 68 25 58
53 60 94 74
22 99 15 34
56 45 60 64
97 86 56 50
99 76 59 84
71 47 35 65
40 81 37 58
17 25 62 31
25 13 57 72
67 18 52 80
39 16 24 26
93 15 26 77
95 65 39 37
40 24 36 87
21 33 18 63
27585 21563 15645 9660
93 68 24 15
97 50 54 75
96 74 22 46
70 44 41 14
90 100 46 46
73 100 70 59
75 78 34 58
47 70 64 83
48 16 16 91
77 62 53 16
60 96 46 63
23 62 89 97
95 10 21 18
81 78 48 96
60 39 36 66
23 40 58 77
61 29 31 96
50 67 60 69
76 41 48 65
12 92 10 46
78 34 33 59
27 14 98 52
74 50 46 68
55 80 48 56
49 99 76 83
47 47 34 80
17 39 88 60
99 67 56 36
79 46 16 96
20 19 27 45
61 70 45 24
60 79 79 27
55 92 18 36
20 40 10 52
71 92 82 69
45 23 41 87
80 45 65 17
82 44 58 14
34 85 69 67
75 80 74 51
31 95 80 79
49 28 20 88
40 81 69 94
23 50 62 27
93 35 73 61
69 71 96 21
32 17 61 52
32 60 10 85
51 71 95 17
62 75 95 58
45 64 79 27
85 33 73 14
18 15 64 69
86 76 78 35
40 12 94 100
11 67 35 31
46 16 64 83
32 10 46 69
57 51 14 92
39 90 29 49
10 10 51 73
71 48 75 23
34 87 16 95
11 66 64 98
99 21 84 94
62 15 60 52
85 23 98 22
27 10 20 72
80 41 83 88
87 63 50 82
38 53 77 36
73 85 92 50
30 56 44 18
65 60 21 17
38 55 48 99
15 43 83 40
65 83 82 12
31 23 53 43
42 96 79 45
37 26 19 40
24 41 65 24
51 52 17 57
39 55 92 90
38 69 45 96
13 20 45 94
89 80 92 97
33 88 71 58
97 64 95 96
63 38 19 90
33 97 78 77
83 81 25 60
14 59 47 52
57 82 31 39
10 55 76 78
10 23 35 62
61 29 52 21
61 60 67 69
27 15 100 62
32 29 26 99
85 79 63 20
77 10 16 25
26 34 51 61
89 47 89 70
88 88 95 78
13 27 80 37
43 17 99 38
47 34 17 60
42 29 95 78
61 83 49 16
91 51 16 58
90 52 69 12
54 54 22 69
52 79 37 19
81 68 33 81
20 34 38 58
59 50 35 23
56 86 18 23
33 39 78 40
14 25 22 45
58 14 74 17
40 10 99 45
89 70 73 87
62 74 35 83
97 91 88 85
71 54 24 38
59 26 50 83
45 41 23 40
47 55 95 41
66 24 12 43
45 86 86 15
85 78 37 37
24 21 33 31
39 62 53 32
53 46 84 84
46 28 66 91
27 20 83 67
80 36 41 33
91 76 28 81
86 69 37 12
25 34 79 25
90 48 41 56
51 36 68 66
44 64 53 47
42 46 89 87
38 85 84 53
86 54 56 38
24 36 36 37
36 62 82 33
98 82 70 32
46 45 73 27
80 48 49 40
89 53 38 93
98 73 34 96
23 12 53 25
25 65 54 71
63 13 66 26
40 36 51 45
67 26 66 44
50 69 41 22
90 12 38 50
31 86 95 87
16 71 97 71
87 31 15 77
55 84 66 38
97 17 81 81
10 70 81 53
24 24 20 95
57 35 47 23
67 96 48 12
71 18 74 37
42 20 33 90
30 90 77 14
55 94 80 12
74 100 33 81
13 24 98 98
19 36 81 32
82 28 10 95
24 84 27 18
93 36 56 42
25 13 95 76
74 59 33 24
26 48 14 65
25 47 30 41
36 11 20 10
37 30 13 74
78 10 21 32
10 45 45 35
86 42 11 68
71 40 50 23
81 35 72 71
17 100 83 42
43 68 48 41
73 41 97 15
40 60 23 24
35 13 11 47
63 33 31 47
96 94 50 19
15 64 62 56
23 10 42 30
96 91 33 78
26 29 97 58
79 68 17 90
45 70 49 87
48 67 46 76
90 61 15 14
14 15 50 25
48 78 53 33
77 26 91 33
45 62 42 37
98 10 73 38
19 18 54 61
48 61 61 94
75 95 59 95
84 63 65 83
23 71 24 22
95 34 21 53
14 73 56 49
47 35 15 67
55 62 75 56
30 24 80 46
60 48 60 26
12 24 12 48
80 65 38 30
91 57 100 71
73 35 66 77
77 25 62 68
54 98 93 100
27 38 80 90
41 53 91 49
79 10 52 59
28 19 87 98
77 32 45 97
19 83 57 59
83 68 20 88
96 22 13 93
82 29 53 89
26 31 10 97
73 61 51 70
81 88 25 12
81 23 98 15
91 56 86 51
64 96 26 55
64 100 43 68
28 85 89 92
16 55 81 28
10 64 61 12
17 91 56 96
78 28 88 93
39 21 55 72
44 18 82 16
26672 21102 15261 10378
65 55 96 29
37 24 51 80
80 18 34 96
52 98 75 25
77 34 85 18
85 36 75 78
89 29 94 70
62 69 50 97
15 12 54 60
11 50 84 42
22 50 81 97
50 39 60 34
90 51 37 26
62 24 15 16
88 64 88 41
98 50 73 74
78 82 94 45
13 56 64 99
92 39 69 32
12 70 79 33
40 72 84 83
27 36 85 17
12 29 11 61
60 16 23 57
31 81 80 90
75 76 60 28
30 13 48 57
61 13 75 44
52 35 37 35
100 45 74 57
92 46 11 42
79 31 44 74
84 93 43 63
71 82 77 44
22 25 35 21
12 70 85 58
40 27 84 40
63 98 72 23
35 99 30 59
98 87 34 48
34 11 93 53
33 38 66 98
62 48 58 19
48 36 90 63
62 76 79 51
64 15 14 66
15 50 90 90
94 100 68 42
93 97 82 30
75 50 95 40
77 40 36 74
88 81 47 93
42 71 91 75
95 18 13 88
93 62 71 51
84 93 35 58
99 51 74 37
100 62 63 89
90 48 70 32
89 53 17 52
12 45 88 13
79 21 98 83
36 96 83 17
39 36 83 44
91 56 91 28
60 30 12 53
24 24 99 31
21 15 14 28
71 71 98 67
97 20 88 57
56 52 57 38
30 88 88 77
65 72 83 91
99 54 22 75
10 83 69 54
55 49 42 46
56 93 87 70
96 10 74 88
86 43 68 83
51 53 59 47
19 43 53 48
19 99 12 58
56 97 66 27
41 36 18 88
92 45 20 82
38 31 96 98
33 31 99 31
32 80 35 15
37 70 29 79
25 95 66 61
21 38 11 42
17 55 37 56
68 25 98 31
23 16 72 50
43 57 76 89
20 12 12 87
86 41 42 27
45 43 65 70
68 79 75 11
79 27 55 29
73 15 23 72
88 92 72 88
36 45 43 98
99 30 74 24
25 44 59 56
43 78 41 73
64 97 34 63
20 19 23 37
55 22 88 78
70 53 59 93
40 38 67 88
20 38 48 21
56 65 23 91
99 62 25 75
24 75 72 34
64 44 49 17
71 89 47 72
49 42 50 38
49 58 74 79
12 26 35 92
54 25 88 59
18 90 36 79
73 92 53 29
15 19 47 64
69 78 45 55
56 42 46 57
89 25 100 67
45 23 71 83
67 23 54 63
63 48 18 32
42 22 90 79
20 52 50 76
66 81 45 63
87 94 54 30
87 48 87 56
35 68 96 94
77 65 90 52
97 19 68 35
30 20 33 52
17 61 16 26
20 56 34 40
74 64 22 29
19 93 36 29
16 18 36 79
71 45 41 56
54 77 26 62
74 64 42 35
39 23 54 88
80 81 42 20
75 10 43 93
87 70 55 13
33 26 22 25
91 25 35 13
65 71 84 91
42 94 78 24
11 62 46 59
92 68 100 53
24 73 85 89
49 48 59 86
86 11 72 15
27 12 20 87
50 52 17 92
29 46 25 53
14 57 46 11
97 85 37 75
96 27 90 41
57 93 79 50
45 10 64 48
98 99 49 89
66 48 22 49
54 50 65 73
17 58 52 73
94 85 99 85
62 16 82 21
16 20 17 13
43 90 61 11
61 77 92 52
86 31 42 85
41 57 66 78
64 82 71 76
57 98 85 29
17 43 30 26
19 47 48 53
63 55 48 100
11 66 12 85
81 38 39 14
92 69 86 86
54 25 52 14
93 92 30 46
43 54 78 82
53 40 63 79
78 18 48 70
41 34 50 17
37 25 41 33
11 69 14 85
19 51 34 56
82 51 76 52
71 46 84 91
49 37 48 85
22 39 85 84
38 75 100 26
49 28 82 76
44 62 79 31
47 48 57 52
34 90 22 24
83 57 21 22
81 76 69 96
54 13 18 92
49 20 58 79
43 33 40 28
29 73 28 76
50 49 49 21
28 29 13 99
44 92 81 55
65 14 97 73
90 62 99 33
21 77 20 67
19 56 76 57
78 67 60 91
37 23 45 73
34 81 65 78
55 52 49 55
45 41 79 71
35 74 93 97
27 96 74 51
83 82 41 12
88 31 54 44
86 73 45 61
23 58 75 53
86 16 67 56
25 53 13 24
40 64 50 41
16 45 79 37
17 70 84 13
38 39 82 58
80 18 97 82
98 27 93 46
84 86 41 14
52 60 84 79
74 97 98 27
48 94 51 67
69 95 67 20
68 90 17 18
50 47 98 45
88 25 18 81
58 67 35 41
58 40 90 79
64 19 17 84
86 31 32 73
12 16 51 14
26269 20318 15400 10578
20 13 68 63
61 84 32 30
60 36 24 18
61 89 86 40
87 71 83 74
57 96 60 47
57 58 70 90
23 87 21 32
51 72 83 78
87 29 70 45
83 36 44 81
66 27 59 73
61 32 45 53
48 96 16 51
22 56 58 59
43 37 23 75
80 73 71 90
24 13 40 45
76 55 52 92
17 84 99 79
75 78 66 32
55 20 75 16
61 93 53 51
96 78 65 21
37 28 91 93
82 81 26 49
48 55 88 89
40 43 36 86
67 59 91 75
34 29 68 24
28 64 14 88
52 24 17 74
25 35 69 92
71 46 97 19
11 77 50 72
13 49 98 26
82 56 29 64
69 34 39 74
55 46 56 41
98 53 56 44
89 99 24 27
44 83 31 95
34 92 85 75
25 52 17 98
99 57 30 33
76 63 87 87
54 84 81 50
49 36 24 36
52 38 26 66
90 31 54 76
18 25 71 25
18 28 42 48
22 10 64 27
50 97 78 70
70 39 30 16
55 94 94 57
28 56 18 88
87 20 60 63
41 39 80 33
74 34 44 42
30 57 87 88
50 59 74 89
24 82 54 81
65 85 57 88
28 16 92 20
35 89 27 31
64 79 90 100
25 93 22 46
48 53 46 85
11 13 32 95
88 83 56 22
27 89 18 69
39 68 76 92
14 36 58 67
33 50 15 68
50 65 64 83
39 59 49 26
69 80 45 15
30 96 49 88
78 68 91 100
16 33 14 24
48 54 100 69
96 91 64 14
77 64 39 69
58 89 100 85
83 97 100 94
45 15 54 66
72 15 11 35
25 25 84 12
51 41 98 91
14 64 59 29
88 86 65 76
94 27 56 45
16 42 89 47
14 52 20 92
97 87 15 48
75 44 99 47
52 90 10 59
27 73 17 16
18 59 88 69
18 72 92 65
20 34 30 68
81 88 36 43
66 61 32 45
89 89 76 25
70 88 83 41
89 76 80 60
17 17 58 27
53 94 76 90
29 99 15 24
81 47 24 49
32 42 33 49
42 18 76 58
28 44 87 39
51 65 70 30
80 82 57 81
70 41 30 65
52 44 97 92
59 20 78 52
89 96 34 72
81 68 37 50
16 88 60 98
30 82 20 58
46 10 70 25
71 37 34 37
90 53 14 16
98 75 48 40
82 15 32 73
20 99 45 32
50 73 20 42
74 79 67 85
65 90 88 93
97 36 57 90
63 68 72 78
48 46 80 44
40 44 52 30
54 68 78 77
40 53 43 95
32 79 31 99
13 98 73 93
10 31 80 59
76 73 16 42
80 59 92 14
83 92 28 57
49 71 90 67
31 92 38 53
42 78 61 86
97 28 24 38
74 27 99 38
30 38 43 60
76 85 91 58
50 56 84 53
14 33 92 62
67 16 45 80
77 49 86 23
63 89 38 57
61 61 43 28
93 57 15 55
88 70 20 88
24 59 32 29
80 14 22 18
48 67 92 100
58 94 92 13
83 32 25 84
62 30 47 65
13 62 95 34
82 75 40 62
85 94 36 54
59 50 11 89
52 86 32 94
46 74 13 46
100 26 67 45
93 32 42 28
55 59 42 23
88 14 55 97
61 54 88 82
57 30 26 86
48 64 86 15
42 17 17 37
12 75 75 88
96 35 84 73
42 29 94 45
77 57 98 84
12 97 58 32
100 45 91 80
34 75 97 70
77 38 68 67
79 57 38 43
46 83 43 30
37 24 94 84
89 98 62 38
49 12 28 79
59 43 75 88
34 22 68 36
65 52 47 53
34 33 85 43
55 100 76 78
50 75 82 28
12 72 37 51
54 39 80 42
20 65 30 74
26 13 79 17
45 20 52 20
52 13 100 100
81 31 40 78
91 63 78 12
14 44 82 66
77 16 92 59
100 12 76 34
63 86 37 93
11 54 67 71
26 75 24 33
28 30 18 56
11 55 90 73
72 26 25 36
75 22 14 34
55 41 94 39
40 72 22 22
63 62 99 33
60 57 34 80
37 61 54 19
74 41 88 30
88 43 66 73
87 43 38 30
97 33 63 28
21 95 62 32
60 82 11 97
19 83 37 99
88 16 23 57
23 27 52 41
78 26 18 71
38 22 75 58
61 95 92 63
47 25 89 99
81 25 25 92
89 59 42 40
78 33 92 15
100 58 94 99
13 61 84 97
55 38 32 47
19 47 50 82
18 46 16 45
30 29 35 11
68 13 65 35
40 41 84 46
59 74 10 78
45 91 85 18
19 52 79 59
68 46 50 33
80 86 61 77
24572 19964 14087 8618
11 65 44 18
85 71 93 13
99 93 98 51
57 67 92 25
55 80 63 34
69 42 23 92
19 52 74 47
37 29 33 96
17 38 26 86
18 62 28 37
77 38 72 60
23 98 47 62
74 18 86 93
43 88 71 72
15 96 21 81
86 56 47 32
55 100 88 33
22 31 57 14
31 13 32 59
77 72 54 71
39 84 42 96
97 11 75 31
72 77 18 60
19 80 20 51
79 21 45 92
90 21 22 64
29 28 80 38
76 83 22 18
84 31 61 91
73 58 50 83
62 69 36 24
52 12 39 50
50 69 19 37
14 29 81 21
10 33 87 58
96 89 25 12
27 43 38 62
31 89 60 48
27 13 12 67
43 14 19 95
62 36 32 68
34 53 91 75
68 21 85 25
17 34 23 72
69 62 59 13
18 73 16 66
44 33 65 57
86 28 69 27
28 28 79 17
34 38 13 32
72 51 66 20
48 22 88 94
42 29 95 90
17 96 78 17
97 49 79 36
68 73 81 68
55 54 40 75
79 77 26 61
84 88 92 26
96 20 26 97
65 36 87 66
12 52 29 58
56 37 55 18
60 21 71 30
44 99 43 27
39 37 46 89
42 42 94 68
45 83 31 76
42 55 94 78
14 40 75 69
45 19 13 94
56 70 11 33
66 19 60 41
65 30 30 82
14 70 97 14
67 92 25 36
97 17 51 59
90 90 86 54
47 65 16 46
96 44 57 99
66 77 11 49
40 42 85 97
70 86 49 20
15 47 11 52
31 36 50 27
80 85 61 29
21 88 98 48
95 65 69 48
12 17 40 54
67 57 81 80
84 80 18 30
94 88 29 87
96 77 66 43
47 10 49 28
47 98 58 55
83 94 67 61
18 62 48 91
80 70 19 96
22 43 87 58
77 98 52 100
99 75 77 99
72 75 70 83
91 95 48 22
28 67 52 94
40 36 94 74
63 48 10 38
59 35 36 35
41 27 38 14
84 92 91 14
54 17 53 76
97 60 63 67
37 23 66 47
67 16 16 49
11 59 74 88
13 81 96 75
98 16 13 87
57 71 66 24
25 41 98 30
34 87 55 31
53 39 93 27
11 91 98 56
74 93 27 81
83 66 19 45
70 83 89 87
94 67 23 95
46 32 29 90
30 11 88 37
88 62 61 96
29 41 60 80
57 83 44 56
48 50 59 61
12 98 93 69
74 90 89 95
56 54 42 100
91 48 68 33
100 33 97 51
64 50 10 50
82 37 43 50
26 26 54 60
67 11 17 26
76 86 29 15
71 75 57 86
58 14 37 20
60 37 38 83
63 34 74 16
10 64 94 54
67 87 27 83
20 27 54 84
17 56 90 15
49 46 22 53
71 70 33 59
44 79 54 37
81 64 59 41
70 54 54 43
24 60 92 73
70 45 91 100
55 20 99 67
67 73 62 31
15 47 54 56
64 15 64 59
67 63 10 99
64 34 38 53
52 32 71 92
18 35 56 100
12 93 98 21
59 51 96 19
53 89 10 85
20 22 41 48
91 56 57 90
60 53 76 93
31 56 84 25
45 81 42 40
30 36 70 10
66 36 51 78
74 39 15 25
20 99 29 20
68 47 86 67
64 98 66 53
69 61 45 28
83 22 80 20
99 39 14 52
51 85 60 61
55 13 69 71
66 91 84 85
99 44 66 20
66 79 93 66
58 89 93 29
21 67 73 19
98 61 90 81
27 11 24 91
73 55 12 59
75 44 63 64
53 73 47 42
32 100 26 86
25 44 36 14
32 90 75 44
91 53 78 36
70 30 82 12
61 50 15 20
94 78 75 45
82 85 39 84
96 28 35 18
98 76 16 61
76 43 27 92
20 54 80 94
18 73 93 98
75 44 67 20
68 66 34 13
73 80 95 16
15 47 68 89
61 21 15 73
63 53 62 29
51 22 57 93
19 98 22 59
99 79 23 22
81 46 90 91
68 85 28 47
29 43 98 77
94 22 84 60
18 68 81 38
15 75 38 41
79 30 68 38
54 36 21 39
69 77 26 68
87 53 15 61
95 88 26 93
48 98 56 23
23 63 61 88
35 89 12 61
62 80 65 56
11 29 30 12
94 99 84 53
90 17 86 26
90 41 14 51
82 36 74 75
83 15 34 87
100 67 80 61
96 32 71 10
83 37 63 70
29 84 23 24
24 75 73 76
90 55 83 76
37 19 69 23
62 68 90 53
21 37 94 90
26 93 65 21
96 40 23 90
23 63 36 66
66 45 53 61
10 27 71 73
26506 21298 15590 9530
87 77 99 53
68 97 64 91
17 29 92 38
90 58 27 87
15 41 70 96
57 50 10 29
49 43 70 10
30 30 26 30
44 72 63 68
72 81 17 100
40 58 55 77
97 66 28 38
48 96 54 66
59 79 39 68
38 14 70 19
12 18 65 43
40 81 16 38
81 28 47 50
50 64 83 39
53 52 91 90
70 46 72 55
64 73 19 65
66 53 90 13
52 20 85 67
79 78 27 31
27 23 79 49
45 16 66 75
99 66 69 23
71 40 99 34
60 91 74 65
71 100 63 61
84 12 63 22
29 95 95 88
63 42 93 85
98 92 95 55
27 20 64 88
90 60 12 10
85 78 61 30
56 43 74 39
95 86 72 57
86 19 60 84
24 18 12 25
20 86 49 29
92 25 96 35
20 94 13 65
81 54 24 76
43 25 13 56
82 28 35 35
67 100 42 76
27 59 41 10
35 56 10 31
32 99 52 27
33 15 52 13
33 95 68 24
55 72 91 93
47 45 100 69
69 39 87 46
31 56 96 58
11 73 41 65
55 92 35 35
96 76 69 89
19 15 61 71
39 85 28 70
64 10 79 40
10 98 60 73
86 77 21 21
53 14 92 91
91 67 58 46
64 40 81 73
12 77 51 49
16 33 85 52
63 27 87 64
51 34 45 27
93 74 97 10
93 71 100 90
63 58 47 64
16 49 17 87
48 68 59 34
14 80 43 87
20 29 74 67
85 66 90 40
67 92 70 66
59 80 32 24
64 28 96 92
35 21 53 88
42 74 16 35
39 54 84 92
11 15 26 97
46 79 61 72
28 27 35 21
80 10 49 12
60 85 88 93
84 32 100 50
79 48 93 12
26 41 20 21
81 88 81 55
36 87 17 47
65 90 95 54
60 64 91 49
75 100 95 35
44 71 70 83
12 98 87 94
30 83 22 57
50 10 41 32
99 12 14 31
42 10 21 37
33 22 97 71
30 69 29 86
52 94 51 25
12 83 96 74
65 51 61 96
27 19 48 36
75 59 28 67
81 48 61 96
70 70 52 68
53 23 13 10
61 24 22 89
45 24 21 37
32 19 35 87
23 27 89 25
39 99 27 22
18 84 72 79
68 73 70 96
52 25 52 78
13 33 58 64
82 30 70 56
85 16 94 23
13 81 47 89
99 95 82 42
76 74 62 21
21 42 84 19
39 49 61 67
61 51 38 52
50 46 23 17
37 90 82 71
72 81 71 79
34 67 76 29
62 15 11 73
87 29 32 80
94 89 26 98
42 53 43 64
81 65 31 47
55 45 78 94
93 42 78 55
41 31 11 81
28 92 57 100
78 36 75 63
96 73 55 13
97 73 49 17
95 30 18 60
78 36 25 11
91 10 50 11
47 85 21 12
66 63 17 43
19 93 17 99
42 17 97 20
96 68 84 45
80 86 55 51
33 43 61 42
79 34 55 73
92 95 59 34
73 36 70 52
54 95 67 74
98 14 71 66
61 14 38 57
71 92 10 67
88 87 60 72
81 14 100 85
29 42 59 13
22 42 71 51
94 14 17 42
50 24 78 16
45 35 95 41
80 48 64 98
25 18 78 88
96 58 62 19
53 81 65 59
88 34 85 97
47 80 22 83
32 25 50 27
28 92 18 71
41 40 40 98
62 61 63 74
90 16 56 51
34 88 52 49
86 75 36 53
11 46 59 13
33 76 74 50
14 10 88 26
54 86 11 58
55 84 88 35
98 43 69 38
47 11 40 40
77 18 79 61
33 100 79 52
13 59 23 69
93 22 92 27
12 88 98 37
73 85 69 24
18 16 82 30
35 73 63 32
33 53 100 54
22 66 16 90
91 99 73 44
97 46 19 73
49 53 47 28
67 29 11 51
43 43 81 51
20 48 75 87
98 51 71 68
58 16 13 28
91 24 86 61
61 16 28 64
63 30 66 67
62 22 74 59
60 99 74 52
85 80 90 60
53 80 31 55
21 62 57 24
53 20 45 56
83 11 26 76
28 28 57 65
39 52 46 34
30 27 14 52
78 27 68 97
97 50 50 36
46 86 15 18
23 96 87 48
36 22 20 98
28 92 46 34
52 23 37 73
46 63 92 17
79 77 14 44
12 87 51 12
83 70 51 95
95 91 12 47
64 22 77 100
81 13 57 24
77 54 22 60
91 20 48 37
26 89 14 61
30 13 83 92
93 54 66 61
19 32 10 12
61 41 29 79
80 61 80 82
43 77 95 61
39 35 37 92
87 53 88 66
36 23 74 49
27774 21737 17370 11001
42 21 45 100
75 65 26 77
13 52 96 10
71 73 46 26
48 10 65 89
40 44 42 19
57 27 30 95
60 87 40 66
18 86 91 13
25 89 52 40
17 39 57 76
64 88 46 96
36 10 69 47
60 86 43 94
24 77 75 56
78 60 32 58
72 24 97 34
46 71 71 57
44 58 24 33
14 55 46 30
28 28 47 16
29 93 31 98
62 87 97 40
33 20 15 58
83 67 45 90
99 75 56 81
93 34 39 23
50 42 30 89
95 89 58 61
72 54 34 34
28 60 45 67
61 34 13 70
31 96 26 18
42 59 54 18
37 51 25 74
39 39 82 74
38 68 32 35
22 83 100 40
64 100 38 17
80 92 47 89
76 33 27 91
25 47 52 28
75 88 31 83
47 12 86 44
23 21 86 41
25 40 16 43
75 65 100 47
15 48 52 74
61 28 57 66
40 40 98 34
55 64 50 85
35 18 40 15
60 59 43 47
51 23 48 78
75 62 72 95
20 41 51 27
50 81 66 11
90 38 66 20
36 52 94 20
74 35 32 26
49 34 62 15
61 49 87 48
96 49 77 63
29 93 79 11
90 20 84 97
54 93 95 53
30 61 95 82
52 67 41 74
10 44 98 90
93 66 83 67
74 92 47 36
40 53 48 44
58 38 99 78
95 72 23 66
56 45 56 28
84 19 81 23
89 97 40 94
78 100 100 20
19 90 89 16
44 88 51 27
93 30 87 29
100 68 76 64
65 63 59 32
14 89 69 24
16 55 83 99
90 14 94 56
12 15 90 15
76 90 26 35
34 60 74 14
52 97 74 47
25 66 88 79
75 88 69 83
69 61 14 91
12 95 24 17
33 35 86 31
16 47 98 100
55 100 72 10
93 52 100 28
55 74 36 19
68 73 48 21
67 72 58 97
67 30 17 91
83 86 93 99
57 36 16 45
24 23 61 38
21 50 77 17
92 33 43 96
13 36 29 21
25 26 10 83
73 70 62 69
28 70 71 80
83 18 75 11
77 96 40 62
97 73 47 20
93 32 45 82
60 25 41 92
96 17 70 81
19 27 70 49
36 52 47 98
71 33 88 77
34 17 11 87
89 32 60 22
58 65 13 88
55 19 66 85
70 100 19 12
97 59 49 89
32 45 28 16
38 31 50 21
100 22 68 59
80 46 94 99
40 66 68 70
69 69 59 66
72 72 51 80
64 95 53 20
79 41 35 64
18 59 94 25
86 88 11 48
59 78 65 92
66 90 44 22
43 83 87 72
95 40 50 32
52 23 34 44
22 99 16 13
40 94 64 47
22 93 28 37
24 43 36 42
29 49 41 42
15 10 95 15
100 38 46 97
100 14 39 34
75 36 19 61
56 24 24 22
64 11 91 49
30 29 69 93
31 99 81 31
14 30 14 58
49 42 87 15
48 74 53 25
16 10 72 68
20 23 93 61
22 67 44 38
24 16 23 28
71 69 39 38
23 27 99 55
55 14 65 44
12 64 100 66
35 59 54 83
41 15 82 22
57 55 26 93
80 22 25 53
35 39 22 49
96 91 79 48
34 47 48 54
98 47 46 20
36 99 30 80
63 20 11 82
80 96 91 57
63 65 99 37
38 27 21 32
80 68 58 69
34 94 85 22
76 44 34 79
25 57 83 45
75 97 53 55
44 85 49 59
54 35 54 30
84 25 49 18
21 22 32 76
87 82 21 68
28 95 28 92
72 42 97 49
17 23 68 68
33 27 94 43
43 53 78 55
95 56 36 100
73 39 35 79
97 10 80 48
81 90 89 79
31 69 100 77
76 68 11 23
20 25 64 28
97 86 86 84
54 79 38 35
100 68 43 73
99 30 52 85
64 94 50 33
29 79 70 82
28 16 81 57
30 24 79 71
97 47 35 36
68 67 65 77
34 95 63 94
77 83 86 94
88 60 74 55
51 72 39 13
51 14 18 90
99 41 44 57
86 71 27 15
81 75 71 29
60 61 49 13
39 59 75 78
78 81 40 55
19 69 94 27
90 15 56 82
50 71 54 18
18 43 36 28
70 84 71 56
58 83 35 88
53 38 94 68
56 97 95 19
98 53 59 17
24 45 83 61
56 23 16 26
92 39 65 64
79 21 52 57
60 80 77 37
89 12 79 31
70 56 80 41
12 100 27 63
51 56 75 72
57 93 88 40
87 28 73 40
39 39 81 68
42 60 19 25
13 18 39 46
98 30 31 87
21 78 59 18
52 10 57 67
90 76 82 39
29 46 45 14
26349 19920 15225 9407
65 39 95 58
96 86 86 59
23 28 56 50
36 44 92 89
84 81 77 87
68 53 41 77
98 84 57 86
92 68 19 64
38 47 91 32
45 57 21 71
20 54 72 58
62 12 49 37
67 69 88 47
21 36 84 25
72 34 35 100
62 50 46 99
93 23 34 41
63 95 11 36
90 84 58 91
81 22 45 33
34 78 48 48
41 76 86 82
70 12 76 85
90 94 77 50
11 23 57 14
54 28 38 58
30 33 18 26
15 41 56 50
67 23 83 96
17 52 63 13
70 46 85 24
68 95 21 100
72 36 87 89
21 93 12 62
12 63 80 28
93 91 74 31
76 52 64 29
98 41 82 72
59 50 12 31
33 97 82 46
55 65 63 75
21 28 92 62
98 53 36 30
16 79 28 24
60 37 34 38
25 12 50 30
61 54 31 95
41 71 65 63
16 82 84 67
73 92 52 43
67 58 25 51
14 47 22 51
73 84 57 55
92 78 20 15
62 89 33 85
68 81 37 56
93 13 43 14
70 18 14 93
66 16 21 81
41 92 97 42
61 80 100 37
53 94 100 46
59 69 59 13
75 28 70 80
66 78 38 62
80 58 20 45
76 17 92 64
47 47 93 77
75 63 17 74
91 92 12 64
67 30 86 46
62 35 39 70
17 41 15 15
57 56 91 45
74 29 93 69
31 35 32 99
46 86 97 15
96 44 87 63
41 24 93 81
94 28 60 88
33 33 53 60
26 35 84 88
91 45 68 10
54 71 71 37
17 79 20 81
22 86 87 10
19 37 26 61
78 92 11 32
15 68 12 34
92 81 100 96
54 65 44 45
28 27 81 47
64 56 70 96
16 62 26 30
21 72 23 88
19 66 87 14
99 41 76 12
32 14 59 99
20 66 88 98
36 99 31 18
76 40 75 50
67 10 92 26
55 28 37 69
64 87 30 60
12 91 41 95
13 75 36 33
61 54 54 52
70 38 30 31
48 76 34 57
18 30 32 67
39 56 49 69
52 49 30 75
41 38 40 83
35 27 76 27
81 98 67 100
70 60 66 89
62 12 14 61
70 65 43 17
66 31 96 37
27 33 37 48
45 95 39 69
47 93 14 50
69 88 38 49
29 56 49 96
80 72 60 60
73 70 12 26
92 54 70 59
87 19 50 76
13 59 61 91
23 15 97 43
33 33 48 50
20 46 31 37
44 54 95 24
94 38 79 25
84 76 25 83
49 24 100 92
74 83 36 71
39 32 15 28
35 45 56 35
49 46 24 63
41 22 30 85
27 52 93 87
78 43 76 77
11 92 49 23
24 94 16 59
34 52 99 23
38 25 22 37
34 46 51 26
40 17 48 53
35 96 28 71
26 26 32 53
56 100 11 95
50 40 64 82
74 48 71 59
31 39 64 76
17 18 45 11
44 63 79 59
26 61 72 23
82 98 44 46
38 39 59 45
91 26 34 56
96 39 54 92
60 29 16 21
26 46 86 10
78 15 38 75
30 99 91 70
69 66 11 35
60 15 41 70
20 13 65 17
17 63 39 49
79 34 93 100
13 74 82 56
42 97 32 38
78 21 63 42
77 47 59 96
19 27 53 13
69 69 40 69
24 65 74 74
17 87 10 23
65 30 37 10
78 71 30 50
17 20 61 15
97 70 72 68
55 99 52 77
80 11 39 22
14 51 29 16
85 41 59 25
78 53 44 93
20 22 65 40
67 59 26 10
75 52 34 33
51 60 40 65
25 52 42 16
69 39 23 68
88 58 51 36
85 65 83 22
26 37 73 12
63 38 88 62
31 90 20 20
18 95 40 94
80 59 37 16
38 78 65 15
34 41 81 98
63 81 95 38
38 89 98 59
37 23 63 65
74 61 71 89
38 84 18 20
61 59 28 52
41 67 84 81
85 39 91 26
48 100 76 32
35 73 76 22
63 76 87 72
96 65 34 62
99 53 61 91
73 59 65 32
58 77 86 72
34 53 99 38
99 70 32 69
18 26 14 16
70 26 16 25
22 32 69 18
39 93 98 88
89 41 23 91
50 59 54 80
23 85 19 41
81 72 99 53
45 96 11 24
59 79 37 18
59 74 53 96
73 91 88 83
85 43 70 75
73 96 66 71
87 15 44 63
93 83 64 67
43 58 13 74
58 11 96 32
17 47 43 45
53 13 97 98
37 69 21 64
78 77 82 68
92 27 16 80
53 53 17 94
57 29 87 83
100 15 65 58
34 30 17 80
31 58 15 92
42 80 44 74
72 17 88 38
25507 19520 14702 8794
25 74 67 34
64 56 75 16
100 85 31 75
69 85 78 100
15 62 57 17
53 32 28 16
14 79 48 32
96 67 35 65
64 83 95 54
23 12 31 91
98 91 62 40
44 97 60 86
59 81 58 49
19 56 42 20
53 35 46 79
98 20 78 47
28 53 22 11
67 55 29 24
74 59 58 53
38 81 92 23
47 15 46 20
91 21 31 94
13 97 58 48
50 88 70 41
59 63 70 72
54 39 13 100
92 48 47 40
78 80 20 23
72 35 11 75
46 69 60 42
89 15 56 29
41 64 61 29
34 56 91 20
24 36 99 31
48 20 96 54
42 82 42 93
33 46 41 11
27 32 13 14
75 53 87 62
50 75 53 36
75 53 62 17
16 51 13 35
52 34 93 86
10 55 69 23
83 86 57 81
52 51 93 32
51 81 87 55
35 81 65 98
48 61 31 77
41 76 97 23
28 71 53 16
93 17 45 70
55 83 25 42
66 17 16 65
14 89 99 35
22 84 60 49
68 83 54 27
42 10 47 76
35 78 24 85
18 97 17 77
40 28 76 57
23 31 14 78
79 45 11 59
33 28 74 10
45 84 42 64
16 44 40 87
83 33 93 40
34 80 29 41
11 59 35 91
18 44 30 98
72 38 96 65
35 92 92 57
66 64 19 76
84 22 21 38
54 47 82 23
28 79 39 50
55 100 26 61
86 28 86 83
76 49 37 15
24 36 51 40
99 56 93 52
81 48 76 67
72 56 23 50
13 44 61 65
89 52 75 27
52 85 26 86
89 62 66 81
40 67 73 75
22 72 12 71
73 61 22 23
46 30 43 52
70 30 90 39
54 77 50 99
45 46 58 68
88 34 55 19
28 63 14 98
58 89 37 16
99 79 31 24
99 79 87 44
73 45 86 93
27 81 80 28
54 18 15 81
100 72 46 35
29 90 63 52
24 81 45 65
78 74 69 20
38 96 61 88
98 46 85 62
91 23 28 93
87 91 22 20
55 32 39 92
43 27 26 38
12 20 92 20
35 57 42 93
40 40 93 66
63 54 20 12
62 47 21 82
20 100 45 75
93 71 96 81
45 65 53 44
47 95 69 78
27 70 47 12
64 34 70 37
13 27 14 26
90 53 68 61
64 42 65 57
56 86 40 22
48 85 91 59
52 82 83 48
89 95 32 72
39 39 54 73
45 94 35 44
66 24 92 54
30 58 10 75
26 74 29 98
35 18 30 12
92 25 87 21
75 85 85 77
30 47 31 74
37 97 87 25
31 28 94 34
97 40 48 66
30 45 22 75
37 73 13 95
31 86 30 81
65 97 80 25
56 34 74 35
23 67 22 80
22 81 59 12
73 51 54 63
86 45 83 68
92 35 84 27
65 44 25 46
57 44 58 72
86 78 15 81
36 57 54 97
16 98 69 30
30 43 57 13
30 42 23 54
90 49 85 20
17 71 17 72
95 92 64 61
12 45 78 59
24 78 37 36
86 53 83 10
21 69 21 28
57 44 21 51
52 84 27 28
32 95 79 89
21 52 28 63
86 74 22 90
35 20 97 39
54 100 90 27
28 98 94 35
57 81 71 70
14 22 59 70
64 58 65 49
62 100 55 77
61 71 12 33
67 31 12 74
75 54 39 12
55 60 25 91
93 49 85 84
88 22 16 45
65 46 40 44
40 54 99 41
81 10 20 99
18 85 33 30
14 72 64 55
33 95 59 46
69 33 47 50
12 35 47 41
11 65 13 68
92 26 66 60
59 87 32 66
12 70 68 58
78 97 82 18
25 65 83 70
45 93 51 66
19 61 41 78
60 72 44 72
85 35 39 97
96 29 29 81
54 65 78 23
11 60 46 79
34 17 96 28
24 79 38 73
14 60 97 56
98 39 66 44
37 75 12 68
12 30 93 47
94 22 32 94
29 31 42 12
81 31 27 64
36 18 91 49
82 88 56 31
16 16 73 23
75 45 29 28
20 58 93 73
46 39 46 34
62 36 36 84
12 38 94 84
25 64 69 82
70 80 80 22
19 55 19 47
26 53 75 75
92 22 70 50
97 37 31 91
44 32 22 25
88 46 86 77
100 85 14 29
60 51 45 39
44 58 74 76
80 84 54 32
36 80 53 14
90 60 93 95
71 13 41 46
68 77 31 94
90 57 24 76
21 46 15 37
32 67 93 66
27 91 79 78
79 76 12 94
18 64 92 41
49 28 70 27
82 27 50 76
91 31 100 50
30 21 49 36
80 20 91 24
14 32 46 16
26424 20834 15044 9729
21 53 43 81
14 89 63 44
21 93 61 29
34 74 95 83
45 15 39 14
80 45 17 17
43 80 69 98
59 14 50 43
19 24 83 51
45 50 74 54
94 15 63 64
35 65 57 40
88 11 66 71
46 78 49 20
32 37 94 81
53 91 15 50
19 59 17 96
42 87 90 98
22 78 71 64
61 95 19 31
28 100 39 74
53 43 61 34
97 64 36 93
52 25 53 73
96 60 34 75
45 21 50 44
33 11 14 77
18 90 87 46
90 71 11 97
48 33 79 96
66 48 36 60
25 84 72 15
22 30 17 82
54 49 10 79
85 40 97 39
27 45 100 83
25 87 74 92
64 47 71 20
94 68 29 30
37 85 89 91
42 60 40 45
77 69 100 54
48 17 65 71
52 70 81 30
51 10 36 46
91 51 14 67
29 10 93 42
72 38 13 26
96 52 11 86
83 35 38 37
51 48 27 45
80 38 12 32
20 76 34 93
12 46 22 84
62 60 52 27
74 44 62 43
96 14 57 47
36 14 97 29
83 73 13 80
95 13 53 77
37 47 84 70
23 85 70 30
38 46 36 33
75 73 76 32
56 92 87 13
61 74 35 93
20 73 49 98
97 63 84 84
70 40 48 47
15 30 96 17
79 54 45 90
53 74 42 43
87 36 10 75
83 39 97 67
17 40 52 92
87 90 15 77
24 27 71 41
14 54 25 87
89 58 15 51
67 91 15 20
73 62 59 100
18 54 23 12
34 71 57 80
64 30 96 10
75 73 81 32
61 63 40 88
74 65 98 57
87 60 85 33
59 56 90 17
13 15 93 84
73 29 77 28
12 99 53 98
23 44 57 84
79 24 21 33
70 44 17 35
85 75 23 95
40 19 52 64
35 40 34 60
100 66 83 59
87 88 53 51
43 58 39 36
96 68 84 73
90 28 92 58
84 100 19 63
30 24 16 77
47 94 16 35
86 99 74 71
73 97 21 51
19 25 18 52
67 34 52 34
92 44 59 88
59 52 43 78
33 94 94 59
49 95 24 23
56 95 50 52
88 34 21 31
89 40 74 12
43 22 83 56
81 13 64 79
96 80 18 53
82 48 29 17
20 53 38 63
37 18 50 20
80 77 99 10
15 81 58 37
90 84 65 92
72 61 97 63
82 46 87 79
88 81 38 16
36 83 16 56
67 43 38 20
72 16 17 63
96 16 66 50
54 66 29 52
22 70 98 91
24 76 19 23
34 52 78 55
99 95 98 37
54 34 78 32
47 35 57 85
96 72 87 18
97 33 49 29
54 81 66 24
45 37 53 89
53 99 78 62
27 92 92 64
16 78 99 70
99 69 92 99
99 75 21 57
46 19 82 89
27 43 91 79
10 80 12 15
61 94 49 62
44 64 35 89
81 39 35 28
67 81 96 78
17 20 68 42
34 58 30 93
69 81 23 54
12 33 44 71
44 100 96 16
22 10 55 99
27 79 38 59
62 97 40 54
87 45 85 40
27 38 45 41
50 70 95 41
40 31 44 72
57 69 91 92
38 11 10 47
19 27 23 66
12 53 79 10
82 31 50 49
79 65 21 46
14 38 100 83
10 24 83 78
93 66 27 55
10 86 29 21
61 49 51 41
63 56 51 89
98 26 51 96
88 91 54 53
19 43 32 26
86 70 41 70
82 27 80 98
69 15 52 78
61 16 87 55
31 44 74 39
47 41 95 52
13 82 43 63
99 99 69 71
56 67 20 91
33 62 45 64
45 64 81 78
49 75 21 41
48 88 61 94
96 96 90 45
20 99 44 34
87 84 32 29
11 66 94 26
75 43 93 68
44 43 19 82
84 36 30 65
80 76 68 85
74 69 45 89
59 21 29 55
56 81 74 79
20 63 75 27
29 99 44 77
54 89 50 97
43 30 88 16
32 63 62 55
53 85 48 30
90 82 71 98
71 77 50 42
48 66 55 38
23 61 82 29
76 99 42 79
19 31 53 23
20 48 34 98
74 15 98 45
73 19 85 13
63 95 55 78
66 54 29 18
20 41 80 99
96 20 12 53
18 77 43 58
14 94 15 10
95 33 90 28
51 11 61 77
34 100 35 76
90 92 76 28
18 63 94 73
27 32 68 87
24 44 70 52
46 35 14 55
94 26 13 50
100 57 14 26
50 47 41 50
45 35 45 10
98 40 76 10
39 42 47 95
60 24 94 73
52 28 25 63
43 35 24 44
56 26 85 13
42 36 85 59
59 41 37 78
48 78 36 74
23 52 28 17
24826 19424 14604 9404
75 12 81 53
38 93 68 11
60 64 68 65
91 79 33 70
70 58 72 33
22 13 65 47
64 73 95 25
89 29 11 58
70 23 44 76
16 55 55 23
18 60 12 36
92 12 10 27
89 79 78 57
50 58 20 92
68 51 73 20
67 86 54 48
16 63 19 56
92 19 23 49
13 95 50 51
53 43 62 100
44 38 42 17
69 39 52 58
75 13 67 75
46 31 70 40
46 16 35 24
43 11 28 83
55 39 42 89
58 28 24 47
73 44 70 95
83 38 35 19
48 52 10 96
86 15 93 15
77 95 69 46
67 24 25 12
59 77 36 38
31 97 36 60
100 20 90 58
50 12 99 43
54 54 16 92
22 16 100 66
14 13 20 19
87 36 32 98
72 78 48 24
26 93 49 92
31 68 47 60
38 86 93 62
59 67 60 50
85 90 32 65
10 83 30 37
35 61 49 31
55 54 75 11
85 58 22 47
60 68 99 79
80 78 70 56
60 30 84 59
59 22 77 18
80 97 62 13
14 66 62 86
18 24 89 63
72 82 47 48
73 29 66 41
44 88 64 71
67 93 19 51
30 41 91 18
55 97 97 96
79 62 84 77
76 54 68 33
33 99 59 75
40 100 67 84
93 22 93 39
82 96 26 17
12 93 63 76
13 53 10 70
22 34 35 74
70 45 16 12
77 72 31 41
50 43 43 97
27 51 32 97
68 92 32 17
31 26 73 31
80 90 28 99
57 41 16 11
78 91 85 20
15 55 32 72
34 38 10 54
27 21 51 74
64 87 86 81
19 50 97 22
90 10 22 36
48 35 54 88
10 97 88 65
70 72 77 47
31 67 77 81
77 14 15 81
37 86 79 38
31 13 79 42
33 24 93 80
25 94 91 29
29 75 89 68
51 11 76 100
99 35 59 28
81 10 56 46
77 48 41 60
13 49 52 17
65 72 77 53
29 22 61 73
27 93 20 10
30 32 87 40
25 84 52 78
34 64 32 87
93 54 37 61
39 66 79 45
100 46 88 30
46 71 67 99
78 51 29 61
49 82 67 31
84 50 54 44
33 77 14 34
100 61 24 99
68 43 47 73
28 49 20 32
99 21 96 33
71 45 82 64
89 31 39 51
22 56 12 12
95 20 80 44
94 88 60 41
70 91 96 23
45 68 16 19
65 13 43 66
90 58 40 76
42 38 18 35
79 59 22 27
10 57 83 41
75 84 68 85
67 79 29 99
54 28 74 53
38 34 36 61
67 86 81 14
49 57 70 23
83 94 20 86
44 74 100 44
69 14 48 62
100 26 22 64
35 27 27 100
98 92 57 64
35 72 38 50
84 63 38 99
10 30 98 86
49 30 23 29
68 10 43 57
11 77 30 38
54 23 65 12
33 77 27 73
30 77 41 67
25 11 74 66
71 60 98 89
31 18 87 63
52 50 27 11
12 54 31 32
19 70 87 11
14 71 72 81
14 92 70 54
99 92 46 62
50 26 73 11
15 92 79 41
22 94 75 75
17 31 68 32
78 93 32 66
86 17 32 89
48 20 26 37
90 45 80 98
40 32 68 77
14 70 38 48
96 13 96 62
16 73 13 41
65 84 43 44
23 85 17 96
69 14 70 58
80 11 11 35
78 69 58 22
89 19 100 88
18 44 74 61
53 60 69 62
48 48 78 90
54 73 39 27
61 59 68 20
44 24 45 32
20 97 75 58
49 95 50 82
68 61 58 48
80 31 40 83
80 81 62 13
75 48 84 37
92 71 40 80
90 38 90 96
10 96 80 88
32 54 38 58
52 40 45 23
52 82 20 93
50 14 21 31
78 72 78 42
49 57 19 35
96 71 16 89
76 40 75 40
99 81 96 93
81 17 60 97
12 28 78 62
34 49 52 42
24 11 47 92
70 33 45 32
51 54 81 29
79 85 16 82
65 35 95 72
22 79 85 47
84 30 18 64
76 29 73 90
10 27 78 98
55 69 56 51
69 10 45 25
29 53 77 70
16 27 14 37
84 61 50 31
18 99 31 51
64 71 53 97
76 99 70 14
22 39 43 59
41 12 59 19
67 64 94 42
98 99 97 36
79 67 75 84
78 38 67 74
19 64 11 71
91 95 85 63
92 37 45 38
75 39 23 25
96 18 87 81
45 97 17 90
69 59 80 40
72 57 60 39
12 34 60 67
89 24 21 81
38 18 66 99
63 14 43 47
89 11 39 66
29 17 80 59
94 47 67 98
31 84 69 98
20 88 62 17
20 41 88 99
27615 21771 15436 10089
56 43 57 77
51 70 31 69
13 43 97 30
37 68 86 18
89 27 61 54
45 46 54 79
11 52 83 78
87 44 18 37
42 64 76 58
97 58 100 29
91 25 54 84
21 68 27 43
84 39 67 50
53 30 47 30
80 57 76 79
66 58 96 76
21 97 22 84
47 54 31 96
65 35 50 86
66 10 88 17
15 61 57 44
65 91 58 10
55 62 63 29
14 91 28 18
51 76 64 54
17 40 29 84
50 24 68 73
76 20 44 37
85 36 60 69
17 50 79 22
46 88 44 53
43 90 85 76
13 68 40 83
91 56 99 33
31 21 81 65
41 30 94 99
33 71 61 36
75 70 70 46
77 93 84 49
66 92 17 38
38 89 60 68
55 45 26 85
94 63 13 48
83 48 41 93
21 19 24 70
27 25 62 65
29 54 11 10
97 93 57 92
54 79 11 47
17 58 15 55
40 59 71 81
95 82 12 50
38 35 31 49
32 65 96 45
87 92 52 97
83 43 26 34
63 40 98 63
76 64 18 86
10 92 23 75
88 53 70 54
17 66 63 39
18 42 39 78
69 33 56 61
14 49 76 95
84 94 11 13
93 71 99 72
46 56 31 71
50 38 83 13
91 63 87 63
64 43 53 89
12 37 48 90
96 86 30 46
58 44 37 55
56 79 78 44
90 46 90 23
20 45 73 23
76 49 11 98
12 70 18 15
58 53 16 22
12 29 62 41
51 36 26 96
33 79 94 82
83 45 30 41
21 83 62 55
31 90 66 91
62 37 83 87
20 33 58 18
86 70 44 20
24 24 88 36
11 71 89 25
59 52 58 40
89 54 19 20
75 20 92 54
41 69 30 79
51 74 73 43
10 99 83 97
42 17 22 57
23 95 67 24
79 88 36 84
28 71 81 61
56 47 56 41
48 36 85 40
76 84 81 92
30 11 23 30
53 26 24 90
99 49 83 43
89 47 50 73
46 44 56 95
72 72 54 96
50 57 49 52
54 61 76 65
55 28 90 32
39 18 65 31
87 69 69 76
91 79 70 13
40 23 59 76
18 68 93 25
71 59 43 12
30 47 50 43
78 34 14 13
30 61 39 83
14 54 37 78
82 47 74 95
46 39 82 96
92 87 54 55
43 39 42 24
27 59 26 36
28 49 44 87
25 74 94 81
12 87 32 15
71 23 56 78
16 72 40 90
27 20 14 62
76 56 10 78
68 95 73 85
60 26 41 50
51 73 95 42
10 55 57 71
67 62 84 76
34 93 32 80
28 79 15 31
83 41 41 94
75 73 25 67
18 81 33 25
39 45 95 44
61 36 74 58
73 19 45 62
60 74 14 27
41 25 71 55
64 90 17 95
12 45 88 38
82 96 59 56
87 85 64 95
61 86 37 93
86 36 67 54
86 84 23 63
80 59 100 93
18 81 48 74
19 25 67 54
92 81 69 34
91 37 22 71
83 47 82 46
87 10 71 52
63 68 34 52
80 100 89 36
42 66 24 77
47 98 40 71
17 68 30 33
95 35 51 65
34 70 11 100
56 30 26 18
79 69 49 59
20 60 68 97
34 33 58 51
30 41 98 11
92 57 44 98
24 72 22 82
29 93 20 64
40 10 36 33
16 64 60 17
79 14 66 53
80 100 95 82
24 49 54 59
82 29 30 51
14 100 13 85
91 94 73 29
98 19 51 21
67 24 83 54
93 18 47 84
69 11 19 13
64 45 88 23
45 88 93 76
100 52 41 38
58 43 76 61
13 38 17 77
18 41 57 33
47 48 98 66
31 37 27 52
72 97 76 39
35 50 39 41
86 23 51 96
35 72 60 13
15 70 66 48
77 12 51 50
31 96 52 70
29 40 60 15
38 61 84 29
11 60 40 67
84 97 33 18
50 23 22 34
86 19 100 37
97 63 40 69
96 24 87 46
71 53 22 23
47 37 44 32
70 57 94 34
49 49 43 87
18 97 55 30
28 95 12 13
53 93 61 13
53 81 68 31
93 28 87 83
69 51 53 44
82 19 93 63
81 43 13 95
99 36 66 79
54 88 41 39
45 46 74 22
67 47 31 76
90 65 70 80
64 89 19 78
17 14 28 70
27 29 92 20
94 34 79 74
86 95 36 15
18 53 39 41
16 90 98 41
68 36 46 48
37 78 65 53
98 34 65 49
97 26 49 76
85 73 57 89
26 97 47 74
75 84 74 21
54 73 90 84
67 40 57 62
89 35 74 84
21 86 23 30
81 43 92 39
67 98 27 45
27434 21218 16188 10672
20 33 68 76
93 76 71 32
71 72 11 68
92 11 66 38
91 19 67 36
49 59 33 26
86 16 49 12
69 35 22 38
41 32 69 83
24 36 69 79
93 14 40 19
96 50 42 29
43 37 17 48
20 24 70 26
18 46 89 92
26 45 13 73
52 10 26 71
93 62 59 19
61 87 25 35
84 17 55 52
20 29 32 13
64 35 11 79
96 74 86 26
34 57 69 100
53 36 55 52
14 17 65 35
44 29 52 67
10 42 98 55
83 20 33 82
94 11 82 77
69 80 68 67
21 57 55 91
60 96 91 91
97 66 91 22
26 61 11 57
14 16 99 20
58 33 93 29
10 89 49 70
78 80 86 96
43 45 73 98
91 16 47 47
69 68 46 56
89 66 81 68
81 31 89 94
79 65 32 23
43 23 74 56
70 35 11 19
29 21 65 73
68 81 99 83
33 85 45 100
38 55 61 61
84 94 13 11
49 65 21 15
70 92 66 34
87 97 45 95
18 20 34 19
79 20 17 49
31 91 97 72
51 14 100 34
47 23 14 44
44 87 60 75
96 79 87 95
85 43 57 73
94 64 13 90
34 15 17 17
15 20 26 52
16 41 37 23
94 10 85 47
68 95 85 26
30 87 37 59
43 12 13 25
59 79 94 82
33 35 19 24
63 96 75 12
82 94 37 32
68 78 47 15
78 93 86 72
100 45 69 100
48 90 11 100
52 70 80 44
13 66 56 80
59 56 46 16
17 63 84 91
50 76 10 45
17 81 42 11
17 21 48 11
34 65 71 20
34 40 65 36
74 76 89 83
43 15 12 32
48 18 74 93
71 100 50 15
94 23 58 27
28 94 24 17
52 55 47 31
51 34 16 66
26 20 93 45
78 86 68 33
54 53 100 31
73 17 18 76
27 14 36 59
48 32 39 39
20 65 24 43
24 14 26 20
69 74 95 93
14 19 63 89
72 60 61 50
69 11 60 43
61 72 89 98
95 53 26 36
34 88 36 64
19 76 19 37
48 81 91 68
32 96 88 49
57 33 69 35
20 48 25 51
55 12 72 55
96 56 92 84
76 18 93 43
11 93 38 55
58 90 51 16
25 56 70 19
30 46 52 98
48 87 81 97
61 42 98 71
14 57 63 32
28 91 91 51
38 77 31 24
93 57 63 94
77 50 19 65
97 26 18 22
41 77 30 12
74 89 25 62
34 67 56 93
21 62 40 82
85 50 75 76
36 22 76 23
13 54 23 73
19 60 11 99
79 71 34 80
85 96 28 82
34 40 51 30
74 93 56 55
65 54 14 86
22 77 31 90
22 57 49 58
31 33 20 23
31 30 93 33
87 35 89 62
31 10 65 57
37 12 77 36
19 16 17 54
40 63 28 11
36 95 69 26
12 11 27 71
74 31 18 50
18 76 68 27
24 34 19 12
82 21 33 97
35 65 22 94
22 78 97 37
22 33 83 18
56 44 55 86
73 41 36 28
37 22 69 17
75 52 69 53
62 68 41 21
21 35 25 79
26 19 16 68
87 18 80 58
45 35 25 55
32 65 38 12
35 81 64 83
87 11 61 79
58 51 42 85
32 74 27 91
91 61 51 80
86 39 90 69
63 42 40 22
85 10 82 100
16 21 13 82
63 82 20 83
41 62 36 61
36 10 48 47
90 74 59 83
43 84 50 81
87 47 18 44
18 38 16 47
85 31 82 10
41 35 96 65
39 72 16 73
98 69 72 83
96 48 10 68
65 42 97 86
50 28 37 68
51 65 67 12
66 80 13 21
72 22 80 37
91 81 87 37
91 29 18 55
91 17 21 90
90 65 77 44
79 43 87 32
92 35 10 87
36 31 16 45
61 83 67 55
79 51 50 36
74 64 98 27
93 54 100 98
60 16 12 60
57 68 40 59
45 12 93 56
57 99 63 87
76 26 30 96
93 35 34 78
38 25 42 19
41 56 20 44
16 98 63 34
17 23 18 72
48 95 56 33
46 78 100 93
37 44 60 66
79 15 95 66
70 12 59 95
40 57 83 64
60 70 48 12
70 87 64 62
59 16 42 34
32 10 29 93
63 53 54 100
88 96 84 77
88 13 43 73
85 54 40 25
18 40 30 88
86 75 56 23
62 53 22 12
29 83 82 25
49 98 38 35
49 21 81 33
93 27 42 89
19 53 49 57
23 65 50 95
32 69 31 75
12 57 26 65
73 95 57 77
17 13 28 36
88 61 61 95
86 96 53 50
26 81 57 33
10 64 75 57
26094 21321 15334 10491
55 87 73 10
46 98 74 66
30 55 90 100
99 98 59 28
85 30 99 28
55 48 62 86
59 13 60 74
59 93 20 26
73 43 24 97
84 15 20 46
83 54 88 24
60 43 13 89
14 82 29 72
11 64 60 67
40 57 78 91
43 11 53 63
66 68 18 34
14 78 66 43
38 97 59 85
24 11 80 60
98 71 96 58
29 11 97 69
12 83 38 76
64 88 99 28
67 86 64 98
64 21 39 18
56 37 48 85
25 17 41 46
97 85 87 91
20 86 73 59
88 39 61 77
44 68 69 34
72 87 72 27
33 10 57 62
84 45 49 46
10 22 76 54
76 40 10 18
99 76 21 39
21 74 75 93
85 61 77 55
73 56 65 40
78 89 93 29
35 16 11 68
22 58 23 70
99 82 18 65
62 61 93 96
92 60 65 38
15 34 94 92
16 58 62 93
91 23 44 35
47 56 55 85
90 46 26 37
81 23 28 81
43 85 37 13
49 66 37 78
46 19 91 22
22 17 66 25
11 18 19 80
12 45 82 74
47 33 63 96
90 91 39 18
89 17 86 88
82 46 92 66
66 38 49 83
37 92 14 67
88 86 80 14
84 15 68 76
24 85 40 52
96 93 38 64
24 67 86 12
26 24 53 24
27 40 97 52
30 51 71 14
31 80 91 38
41 32 59 61
98 76 86 29
87 26 42 14
76 95 26 58
75 95 41 32
43 92 50 25
82 91 33 99
44 66 81 96
54 46 90 55
23 35 80 85
84 41 77 31
32 67 23 73
77 85 99 19
25 60 56 86
44 95 49 66
17 28 78 12
44 27 52 52
18 91 75 34
69 55 30 63
91 19 51 61
78 99 48 10
64 99 16 89
94 59 45 63
35 41 27 64
45 49 11 16
13 36 11 61
67 82 37 47
63 98 67 64
38 33 56 97
92 45 90 31
59 63 35 91
36 71 28 48
31 44 60 53
38 45 19 28
12 96 84 36
69 83 45 51
32 44 99 95
44 78 59 43
66 32 95 24
96 80 63 70
56 56 60 12
36 64 40 55
96 43 52 64
70 55 73 51
22 99 45 77
72 100 46 85
74 76 66 76
49 28 19 59
57 36 58 80
86 82 90 45
21 46 82 92
76 73 38 66
12 15 18 49
88 79 85 60
50 38 68 77
53 52 81 18
44 43 45 98
43 20 58 98
89 55 36 30
75 79 49 28
49 37 24 56
35 15 80 16
32 77 17 18
57 74 19 13
11 63 71 92
36 82 36 49
22 67 23 35
27 74 81 67
44 59 27 40
78 15 31 54
72 57 57 38
10 24 100 81
55 76 72 92
13 39 100 16
57 35 41 71
12 87 58 33
74 52 28 43
77 18 61 40
50 68 84 74
98 13 69 98
73 98 67 29
94 70 56 60
58 31 53 22
75 17 15 85
19 60 56 25
31 24 82 55
22 95 60 54
44 64 69 87
26 49 37 65
65 92 42 16
46 27 37 67
80 13 38 33
42 95 71 85
73 26 74 35
26 69 22 71
73 27 80 67
19 19 29 51
25 20 61 79
97 10 65 80
83 50 48 100
54 73 27 54
59 62 73 87
93 77 80 84
77 24 37 20
79 37 50 95
17 50 89 20
78 35 36 82
55 30 36 87
20 12 13 20
40 78 64 43
20 61 89 41
61 23 88 54
60 19 13 83
48 99 79 55
80 11 28 91
23 89 36 15
47 60 12 22
63 16 48 80
94 46 40 65
63 87 39 44
37 16 76 42
24 44 32 44
15 28 78 100
76 55 98 43
47 36 62 76
54 96 42 23
24 88 18 48
39 54 60 50
71 29 13 54
47 72 88 54
61 75 23 20
92 19 21 15
83 48 28 98
26 77 31 20
57 96 100 40
100 42 22 35
73 56 100 67
74 98 45 71
93 52 26 34
52 84 85 100
26 63 98 20
94 31 71 43
84 88 79 99
37 50 86 36
96 71 68 80
74 88 16 25
48 31 85 87
42 50 14 71
23 49 16 85
52 76 49 11
15 34 53 13
43 48 88 48
24 55 69 53
62 55 94 37
85 38 19 64
28 58 36 58
66 48 66 78
98 39 84 47
86 86 34 79
80 26 50 45
100 64 13 60
86 78 56 75
53 73 32 38
26 36 39 26
45 73 35 89
86 43 18 41
98 29 54 95
14 34 93 61
77 89 26 47
91 33 66 63
96 48 98 33
77 82 33 32
62 50 59 12
63 60 91 39
57 84 93 38
55 25 73 87
27002 20938 14975 9515
17 82 61 58
59 36 40 15
56 87 96 51
100 85 27 22
60 35 42 14
99 38 83 47
58 65 26 69
35 86 76 79
21 37 70 69
51 47 58 16
96 53 11 30
82 18 46 29
49 36 66 87
51 60 61 12
25 28 92 20
83 29 62 85
28 55 56 54
75 35 39 29
42 32 46 89
64 70 48 93
71 51 65 80
84 13 12 100
53 92 26 54
46 40 49 63
85 10 32 86
18 88 90 18
80 90 82 88
58 71 86 15
13 15 75 97
44 52 54 12
68 57 63 86
78 15 57 40
85 58 82 97
39 13 32 89
47 98 72 27
12 76 53 59
94 38 16 83
29 75 34 61
26 54 70 23
74 90 44 62
61 85 39 11
29 62 56 87
96 58 40 50
32 99 24 42
57 91 71 68
91 30 94 100
75 89 14 82
32 26 41 48
18 10 51 65
72 57 61 53
18 20 99 80
61 25 45 21
73 68 11 48
64 47 61 100
29 99 34 75
32 57 62 95
66 35 75 85
57 25 31 75
39 60 35 50
80 92 61 51
71 19 64 42
22 28 38 82
23 88 91 21
69 32 97 43
20 13 18 44
53 69 68 74
32 14 50 43
29 54 93 62
73 82 84 13
24 88 64 24
74 20 11 33
73 56 57 55
17 68 81 75
21 90 93 93
59 48 30 14
79 21 31 10
47 75 67 85
96 58 35 48
18 100 74 40
77 24 73 82
99 64 27 91
32 16 66 59
14 34 32 55
87 87 61 21
42 90 58 59
64 78 60 57
25 92 59 29
15 80 56 34
73 91 53 91
76 13 39 39
15 73 62 37
10 64 31 94
48 35 83 66
79 79 32 12
25 80 64 69
20 89 92 68
37 94 80 23
98 83 23 11
96 43 44 31
89 62 60 83
55 52 52 62
12 47 16 88
18 62 71 67
36 43 10 32
20 36 13 67
51 84 92 53
37 20 78 58
31 97 65 59
75 71 47 60
20 18 62 27
66 57 85 26
37 28 62 55
80 52 73 50
37 21 13 45
26 90 22 59
48 54 97 13
36 19 26 83
25 41 24 59
57 42 24 73
69 97 66 38
20 59 87 100
25 63 21 31
41 27 46 65
13 80 19 75
66 27 53 36
49 64 16 95
63 90 39 29
12 20 88 62
62 36 22 87
42 23 82 74
31 61 90 58
23 82 67 38
50 97 89 77
29 15 59 51
94 10 63 27
59 85 41 20
25 17 40 57
90 50 71 73
41 100 56 39
41 65 88 52
70 98 37 44
99 34 61 57
86 53 28 19
86 36 41 49
90 70 51 78
98 85 84 96
50 86 48 86
76 89 11 22
88 60 58 60
44 88 42 72
15 33 52 27
82 17 15 36
86 24 73 78
69 82 98 81
56 42 100 27
95 74 35 32
80 92 71 23
23 83 10 67
33 57 76 23
24 85 47 18
73 33 73 64
39 12 89 92
28 34 30 100
10 16 76 73
74 57 11 78
94 21 13 54
51 28 33 37
46 69 90 62
14 12 56 12
54 97 35 65
74 46 67 57
36 35 16 96
40 12 38 78
11 33 67 30
87 39 43 38
16 83 94 53
62 69 17 96
78 44 74 71
63 32 96 53
53 60 70 90
48 62 15 84
99 98 25 90
37 99 44 79
12 92 11 86
80 12 78 12
80 66 74 89
83 50 88 46
60 89 35 24
60 16 63 50
98 27 68 95
57 72 90 87
82 87 64 83
37 46 96 32
69 70 56 75
25 14 94 68
42 100 23 15
70 38 72 80
73 87 76 20
30 66 83 80
84 55 50 81
75 22 74 34
91 49 43 68
87 38 83 53
20 21 73 57
33 31 56 19
41 47 16 20
38 30 96 100
99 16 89 23
20 72 50 75
15 37 84 77
73 62 91 90
33 24 92 47
90 81 57 92
91 13 99 49
18 73 19 90
26 74 25 70
26 12 47 74
46 53 71 34
94 21 36 81
76 25 15 16
27 12 30 11
100 98 88 65
85 78 10 19
35 41 17 19
81 11 84 85
21 19 96 33
33 18 69 85
63 97 91 69
100 18 11 63
64 49 91 63
84 36 10 35
27 27 92 44
42 57 28 27
23 50 11 21
10 44 52 36
83 90 71 94
45 80 38 40
69 89 48 84
62 46 81 57
71 62 57 37
34 43 76 56
96 75 42 72
54 41 71 93
24 97 38 98
91 58 12 23
87 57 13 92
41 24 51 95
72 31 18 25
16 55 76 61
77 85 87 57
26002 21261 14752 10126
30 55 91 46
97 29 19 99
34 66 58 19
95 73 49 86
58 12 32 75
64 85 19 80
39 91 84 84
22 45 55 43
28 95 61 87
94 15 76 23
34 58 76 73
10 25 31 94
58 63 47 60
76 90 55 18
47 75 82 76
58 42 51 98
77 11 33 22
100 44 27 13
65 47 79 56
76 99 43 90
97 33 76 93
54 86 90 17
67 96 90 24
68 28 26 90
18 63 62 29
95 40 48 97
71 28 21 11
31 23 59 94
66 97 19 10
94 49 73 59
82 43 17 81
64 23 62 42
24 94 31 68
89 90 27 15
63 45 42 24
34 77 80 50
99 58 21 20
58 84 94 63
69 42 29 77
43 23 19 99
79 89 71 72
86 99 57 85
90 14 95 92
96 19 77 42
63 81 14 75
12 11 36 63
72 94 88 82
55 55 55 51
94 41 91 99
36 56 99 37
21 11 78 42
56 10 82 81
34 90 47 84
86 45 79 13
21 75 21 86
29 61 59 99
64 36 40 22
63 45 42 76
61 44 11 90
12 41 44 51
92 26 26 83
28 43 27 65
56 69 35 46
70 12 53 72
98 50 56 53
95 20 47 56
98 62 11 80
15 19 71 61
73 33 34 98
89 65 11 45
28 78 74 49
61 36 72 90
58 89 34 34
63 31 31 51
63 80 64 12
81 84 68 92
70 61 84 89
38 31 45 23
48 23 55 11
45 75 21 43
50 66 38 61
78 72 51 88
71 65 50 49
42 19 88 30
51 85 93 14
39 80 33 59
74 25 28 14
91 79 70 50
17 58 70 89
10 18 79 42
15 91 53 48
88 89 83 42
69 24 13 22
87 54 13 42
79 50 56 50
79 33 38 28
17 58 82 18
79 13 12 20
35 75 32 94
71 95 74 49
44 26 21 81
13 59 69 22
40 17 33 12
26 42 80 91
99 80 94 48
96 68 44 12
19 10 92 13
55 81 66 54
61 30 24 17
28 99 71 61
26 23 25 84
57 59 22 42
98 54 21 74
68 43 11 32
47 54 71 76
46 85 30 58
63 39 32 16
37 52 98 74
96 95 10 58
78 83 66 35
51 84 86 97
97 95 64 23
27 87 18 85
50 51 95 39
87 46 66 69
10 56 53 98
36 89 97 81
51 86 28 76
21 96 73 95
98 12 41 10
94 89 56 70
92 90 71 60
96 61 36 19
87 84 57 59
10 55 30 39
82 83 43 47
45 90 80 41
76 95 93 10
93 81 57 63
95 94 32 56
90 43 64 20
54 72 58 30
64 58 13 89
67 53 65 86
64 80 34 40
35 90 60 91
94 25 92 83
15 99 96 56
58 21 30 42
38 16 93 40
36 49 32 75
42 80 21 85
81 71 44 14
13 99 53 63
80 35 16 20
73 82 29 80
33 64 99 56
35 53 92 77
66 67 39 34
93 41 28 21
83 92 47 56
48 60 79 55
67 69 51 17
63 21 61 27
11 47 24 87
64 43 78 51
79 31 36 31
62 34 80 34
65 21 17 22
62 52 10 100
60 87 40 96
16 44 21 90
68 16 65 39
65 61 76 53
31 84 89 14
80 69 64 98
57 12 46 84
22 12 75 82
49 86 28 31
96 24 100 29
86 30 55 33
46 78 16 10
35 88 94 14
54 96 18 47
42 95 22 36
15 42 53 41
31 85 71 50
29 55 62 37
87 39 56 35
47 12 10 79
81 69 95 17
32 42 78 51
31 11 74 93
69 87 42 25
19 92 43 62
75 42 90 55
62 71 15 47
30 20 36 94
51 18 54 45
49 29 73 91
24 79 93 88
53 79 79 12
51 31 76 66
38 69 60 65
91 22 82 18
12 13 33 96
21 20 22 48
15 16 41 70
63 49 66 64
75 59 59 64
57 51 10 56
72 68 87 24
95 10 40 82
46 40 31 48
72 35 28 24
87 36 10 92
51 39 52 74
30 47 11 24
59 36 20 52
73 14 19 51
37 64 35 61
81 46 67 59
74 50 53 37
65 51 29 24
29 31 93 16
21 75 93 65
41 85 43 61
66 42 31 34
94 88 15 71
75 76 57 74
46 16 60 43
29 71 24 18
80 33 14 80
96 14 68 77
76 34 97 24
92 75 53 68
35 57 44 18
49 50 17 15
41 38 98 50
81 13 69 19
80 26 94 29
26 37 54 68
79 53 48 81
37 12 51 82
48 89 36 75
55 16 75 10
59 36 43 16
98 41 55 35
55 82 64 60
34 71 62 53
26409 21674 15352 10336
11 25 90 26
36 96 70 44
65 50 27 55
72 73 10 64
38 97 63 66
69 34 30 92
23 67 62 15
22 76 31 88
50 98 12 90
34 48 95 83
78 71 33 13
51 82 15 85
17 29 67 44
31 56 38 22
85 94 29 40
61 36 37 34
57 62 15 13
31 88 70 18
58 81 35 15
71 39 62 100
26 32 25 29
87 32 30 56
40 91 27 87
34 89 28 13
67 69 90 10
18 49 10 32
28 21 49 89
45 86 13 99
53 32 81 34
72 82 24 63
76 20 87 10
28 72 99 12
15 19 91 84
44 41 56 64
38 12 39 36
64 53 62 63
55 37 10 80
88 91 48 26
90 72 23 80
39 80 55 23
92 21 99 62
32 73 57 16
17 91 15 57
66 40 36 59
77 18 73 66
34 77 77 70
84 32 58 29
23 67 15 31
79 28 58 71
26 15 50 76
61 64 49 12
29 29 15 53
16 24 80 93
68 74 91 42
19 78 100 31
86 35 58 24
26 86 91 20
92 51 41 72
56 29 93 90
70 48 30 37
44 72 26 90
78 77 94 18
31 82 16 93
37 25 38 41
86 25 28 75
86 46 48 35
85 24 76 18
29 52 78 73
62 32 36 82
42 19 87 100
100 94 36 41
99 10 70 88
19 84 91 27
23 37 33 20
96 51 41 30
17 72 92 82
34 22 94 76
17 94 45 27
77 60 47 13
29 48 77 69
13 74 72 49
10 83 72 47
82 31 53 48
17 11 57 98
43 61 61 88
67 57 79 59
59 61 100 77
81 85 27 58
10 46 37 76
99 62 74 44
58 20 55 41
20 99 44 79
22 69 29 75
37 23 48 77
87 91 80 23
53 26 73 31
10 94 75 77
33 61 80 91
69 37 85 72
93 17 53 45
21 68 64 70
10 37 90 97
75 11 67 92
10 14 38 43
13 11 25 83
59 86 42 77
65 99 39 31
46 89 89 91
91 97 11 51
88 89 78 81
45 21 16 36
18 31 72 39
46 21 74 61
57 71 43 94
21 78 89 34
95 69 100 46
87 73 54 61
36 23 62 55
74 35 32 64
61 19 44 41
46 90 78 16
66 24 67 15
72 92 84 90
51 89 79 93
99 66 63 49
13 86 88 96
59 93 79 86
22 26 97 48
17 68 94 38
53 70 60 12
65 51 64 64
65 40 63 66
38 69 10 10
38 93 90 73
89 20 25 39
20 100 55 45
30 73 17 79
21 62 55 72
12 44 90 46
63 31 70 81
79 94 30 76
26 17 38 62
18 82 100 95
22 46 59 61
12 31 85 42
10 62 27 21
78 87 49 39
93 23 77 96
60 36 18 11
57 77 42 76
61 28 100 29
76 61 63 14
70 67 76 38
69 59 38 60
61 100 20 97
38 44 62 96
46 94 98 49
24 69 40 57
83 12 20 13
30 60 41 22
15 56 53 40
21 75 88 88
84 24 19 12
31 54 78 20
43 92 82 63
34 75 89 32
80 74 78 68
78 67 80 29
18 12 29 60
35 34 51 72
30 40 70 78
99 32 12 25
88 82 71 61
37 84 76 22
93 70 12 39
61 92 70 55
95 47 21 86
14 51 50 19
87 15 34 69
76 89 88 71
10 87 72 75
96 58 56 82
60 81 20 53
63 16 85 20
42 37 52 20
46 29 30 91
36 28 28 38
49 83 54 85
36 29 93 52
72 93 29 29
83 12 42 96
78 32 64 91
11 31 53 45
90 26 83 17
66 99 80 94
86 80 53 51
46 13 43 34
25 10 81 17
90 88 83 40
36 37 41 20
82 43 18 49
25 47 46 94
24 95 40 11
13 26 94 72
30 11 45 84
83 89 23 78
23 65 26 52
34 92 72 97
59 79 11 47
27 54 11 85
99 23 50 69
66 44 16 16
58 36 16 86
82 63 10 62
43 84 34 67
52 89 86 70
88 28 99 11
60 36 13 45
86 24 19 57
90 26 57 12
58 73 72 52
32 60 71 96
64 11 26 45
23 84 43 58
24 77 73 50
91 41 54 57
16 58 14 77
13 57 42 100
40 36 74 82
36 50 19 58
43 43 10 22
53 55 64 42
74 68 31 75
44 47 34 11
39 21 48 55
38 94 59 48
79 84 17 71
40 68 58 10
66 50 80 36
84 59 15 61
93 43 13 38
42 88 20 65
65 31 31 58
80 99 24 12
85 87 40 58
26 75 25 54
37 99 22 77
21 57 78 63
39 12 61 30
53 77 79 58
25267 20740 15263 10466
22 74 42 54
76 68 26 20
70 99 84 33
57 94 64 21
33 81 98 81
45 89 19 10
84 58 16 35
66 47 73 83
27 19 40 78
50 87 74 55
62 36 85 13
72 44 69 28
58 43 72 14
66 43 66 29
80 21 78 91
82 43 64 49
66 65 52 36
12 100 78 66
82 77 18 56
66 19 55 41
22 80 71 45
76 54 14 59
15 88 31 94
36 11 28 87
37 86 57 51
13 22 50 85
34 38 23 12
18 85 85 86
79 16 22 98
17 78 57 65
13 50 99 15
48 42 91 32
77 51 19 44
78 97 53 37
59 96 36 28
87 73 75 18
84 58 86 21
99 43 99 81
39 30 65 86
73 46 23 11
57 81 55 98
80 59 62 26
18 56 36 23
68 53 67 81
26 49 50 17
43 46 13 38
31 75 94 42
69 100 11 88
100 87 87 51
58 46 41 95
74 74 70 73
75 91 82 37
50 76 33 16
80 62 62 41
90 30 67 97
35 83 41 42
85 39 71 88
96 87 29 42
29 48 70 59
75 94 75 60
12 38 20 46
90 76 24 15
36 27 56 12
41 50 73 43
52 24 30 71
64 12 95 50
42 48 34 13
16 71 43 82
14 23 89 17
15 65 12 59
28 32 48 81
28 94 91 74
64 80 44 99
91 38 23 70
37 96 88 38
62 96 15 28
48 71 68 58
35 22 76 30
33 14 20 43
74 50 32 23
86 98 14 26
41 23 23 80
84 19 25 85
93 97 70 84
11 82 45 93
25 88 35 38
57 57 12 71
100 47 91 48
43 91 41 60
12 35 60 60
14 80 82 24
19 37 10 92
70 47 51 20
47 43 74 86
57 76 56 60
64 67 92 18
59 35 63 71
97 33 80 38
50 89 71 40
52 12 48 18
20 67 61 20
76 97 41 60
99 37 23 43
56 76 44 98
94 28 52 94
66 50 75 77
46 43 24 71
25 20 73 26
19 37 29 67
22 10 11 26
95 25 66 18
98 43 46 91
46 49 11 54
18 42 80 13
97 18 45 45
77 65 84 32
46 19 15 82
79 86 75 84
32 16 28 90
21 19 98 56
99 99 82 96
28 22 99 48
27 10 23 88
62 28 76 30
76 46 33 84
66 38 73 83
57 99 81 67
63 73 64 94
23 44 25 14
23 59 45 63
94 10 24 93
95 33 21 86
78 36 89 74
26 37 16 76
84 100 39 82
37 54 36 27
20 69 18 76
90 84 31 73
98 59 83 20
29 94 24 87
40 15 79 88
19 42 100 93
61 66 70 21
96 82 59 76
100 89 68 61
29 21 14 67
85 37 93 44
64 45 58 58
30 70 98 40
67 84 26 69
28 53 68 58
17 88 64 24
14 90 96 16
90 52 20 37
23 28 41 56
95 90 71 38
51 26 43 92
32 27 87 16
30 94 17 65
16 94 24 66
95 80 25 90
26 71 46 28
65 37 43 95
34 25 31 59
12 33 15 77
52 94 66 68
16 21 25 93
43 91 58 47
83 37 23 62
16 46 72 55
70 31 79 99
13 25 66 99
80 61 12 61
36 57 99 78
82 67 81 16
90 11 45 34
48 72 27 50
17 80 41 99
39 14 100 71
88 38 96 85
74 70 41 96
85 31 69 71
18 56 22 19
21 34 20 14
42 57 74 66
28 45 94 46
32 38 95 11
67 63 64 29
35 66 38 70
36 22 77 83
86 35 67 42
32 71 36 95
18 47 67 54
55 63 29 92
11 60 98 42
40 16 66 66
26 29 53 85
42 23 25 48
44 54 29 83
76 91 98 31
60 25 46 94
67 99 39 21
85 96 65 58
49 40 53 28
95 48 94 18
99 86 34 80
10 50 71 42
84 88 55 46
49 100 78 29
16 58 59 96
50 40 64 74
16 17 34 84
20 52 54 59
44 72 36 34
44 41 84 71
53 98 60 31
83 91 52 38
60 31 35 11
49 31 38 34
60 39 71 93
77 51 69 26
64 61 65 43
93 62 10 100
35 94 38 27
77 27 14 46
70 85 89 75
12 67 15 75
83 36 76 79
74 11 33 87
38 48 79 56
80 53 67 55
43 51 76 39
60 71 62 44
38 36 69 12
58 83 99 16
56 62 35 55
15 50 83 42
80 84 79 24
79 43 58 82
45 14 89 82
39 36 54 17
50 27 52 36
19 35 64 65
52 100 71 70
54 62 44 94
32 100 78 91
50 76 43 47
60 15 41 12
58 30 28 29
61 87 88 25
25509 21209 15931 9580
97 59 42 91
43 52 62 18
24 51 26 76
14 40 100 32
83 83 68 64
66 90 55 90
83 78 22 76
70 81 92 29
98 23 36 69
41 79 100 51
56 67 21 91
92 94 96 51
95 76 87 87
34 74 65 53
99 57 72 82
53 13 17 62
51 85 80 40
61 64 42 30
12 83 49 48
92 32 11 32
81 70 60 57
19 45 31 54
86 74 78 92
27 84 79 92
46 66 64 58
68 59 13 54
12 10 35 58
60 86 18 37
85 83 12 97
77 43 92 33
52 39 25 76
57 64 95 68
92 68 64 57
48 50 15 35
90 11 42 23
27 14 57 55
31 73 85 54
37 61 34 22
12 59 76 54
53 84 41 21
15 84 79 51
25 80 64 93
96 44 29 12
14 70 26 93
67 98 12 96
35 69 12 39
57 80 14 73
88 19 31 37
56 20 87 65
64 16 62 80
52 54 43 63
20 77 99 48
52 99 78 28
96 19 78 80
56 26 30 13
49 79 83 39
26 74 94 58
18 51 33 75
26 76 59 82
35 33 50 98
49 26 90 15
54 72 22 38
95 72 58 98
54 18 13 44
37 40 20 35
85 45 82 75
35 73 16 33
94 77 68 37
23 21 63 16
42 11 69 35
15 64 17 64
17 16 21 13
31 25 88 28
35 79 24 43
55 84 82 32
76 27 45 14
25 44 20 17
11 30 62 54
44 49 72 27
22 47 37 32
75 25 20 32
53 66 94 71
55 84 22 74
28 93 65 67
22 57 20 88
27 29 76 51
61 51 76 70
90 88 64 10
70 44 23 24
10 12 41 61
42 79 89 87
29 69 37 54
44 94 60 84
71 22 92 59
46 51 96 60
42 83 28 18
45 48 46 47
96 42 61 39
78 14 73 52
62 46 60 33
57 30 41 41
28 50 56 66
61 62 28 61
48 13 81 86
84 18 76 19
47 11 11 63
89 86 24 68
66 52 11 66
62 97 57 98
77 93 77 99
71 23 28 18
82 37 58 87
98 37 97 100
82 100 37 31
100 83 100 75
52 94 19 49
99 93 41 66
73 13 59 89
13 95 34 100
67 76 12 41
96 86 29 89
68 44 48 69
80 97 83 93
55 76 53 22
79 86 90 15
78 34 82 96
44 28 100 26
16 20 77 53
52 76 57 72
82 66 90 25
25 93 83 95
71 39 63 67
82 77 61 87
94 96 58 61
92 92 80 43
89 99 44 45
10 18 99 35
59 79 25 77
21 34 48 70
22 73 74 13
42 96 33 75
10 26 46 12
55 78 24 43
11 70 87 86
78 39 90 13
41 51 47 44
44 73 80 95
60 95 98 29
45 37 43 66
93 65 35 76
88 52 69 65
29 88 72 67
67 64 85 67
80 95 10 17
69 88 89 59
56 11 42 82
84 11 91 31
44 70 19 29
64 31 37 61
15 12 94 26
71 19 93 15
28 85 32 10
92 52 98 18
51 15 15 28
52 16 18 96
90 53 21 63
84 14 62 95
37 81 41 38
41 21 30 92
54 51 37 23
16 23 70 92
44 71 40 77
72 14 87 97
86 47 29 48
68 53 34 82
86 30 100 26
51 94 18 44
76 68 44 68
15 52 78 50
32 85 52 99
80 57 57 85
25 79 28 67
55 31 94 72
90 60 97 36
65 27 48 41
96 11 31 92
76 82 95 11
30 18 60 11
99 86 47 26
17 17 22 73
21 90 56 11
27 91 64 38
72 77 84 75
18 60 39 61
78 42 88 75
62 17 32 36
29 48 79 100
40 47 43 34
90 43 24 23
24 80 92 41
40 76 64 47
74 18 27 44
46 56 98 13
49 21 31 95
93 71 58 71
42 41 63 43
45 60 91 64
69 21 70 64
27 67 61 64
94 67 66 77
48 10 29 43
51 87 53 64
24 81 29 94
91 45 41 38
70 58 33 51
15 95 35 24
13 85 35 46
17 92 75 45
93 78 100 46
66 32 70 97
27 56 58 21
85 14 91 75
15 58 31 94
37 13 10 64
27 96 87 63
62 13 26 88
79 16 82 18
45 78 64 14
50 31 70 38
59 50 77 16
50 73 17 28
21 78 64 76
60 96 20 10
44 83 45 41
64 83 97 48
63 50 54 87
79 87 40 89
27 75 86 82
39 23 12 25
20 76 22 26
28 26 72 13
98 47 16 75
90 72 48 83
68 36 27 68
31 97 85 61
77 13 25 88
30 13 87 93
39 56 68 17
40 71 84 70
85 42 56 41
26687 20983 14995 9897
21 21 64 58
22 95 94 62
60 26 67 73
19 93 16 44
74 95 93 48
46 62 71 86
87 53 61 97
77 68 53 90
71 55 83 76
22 22 34 17
27 60 16 66
18 69 65 23
43 26 10 66
33 99 66 96
63 84 86 38
46 58 91 95
69 19 54 70
75 56 59 82
68 97 76 98
17 17 35 42
100 50 46 79
91 64 15 30
46 94 23 61
76 59 99 92
77 64 100 43
85 72 31 17
65 51 12 41
26 61 82 70
49 21 24 17
22 75 22 46
97 39 22 72
26 17 73 64
89 52 30 54
23 61 97 18
70 35 50 48
22 51 49 58
38 36 42 52
34 79 48 33
35 83 36 21
51 76 19 58
45 83 77 18
93 80 95 37
52 34 43 23
92 85 70 42
41 71 21 78
74 11 66 88
98 61 19 54
80 12 48 51
67 83 55 41
60 48 54 73
86 51 19 20
48 42 91 17
58 13 63 14
79 95 14 97
12 65 19 86
41 71 14 58
55 52 60 70
10 21 94 54
80 30 38 38
32 20 16 19
39 20 12 76
38 17 18 33
84 24 29 61
28 38 39 72
80 100 56 92
22 71 42 14
59 89 95 84
59 47 69 60
87 39 36 81
17 68 67 25
38 39 17 62
53 94 13 79
76 69 79 100
11 55 28 94
65 41 34 38
75 20 23 11
46 73 47 55
71 79 10 28
13 27 48 18
67 24 95 47
33 95 17 74
87 40 92 33
31 58 57 38
27 75 44 55
14 96 20 84
51 15 87 33
72 55 34 65
41 78 13 26
29 29 81 86
53 40 86 47
27 55 65 49
12 31 21 62
13 15 88 49
83 29 40 37
82 12 80 94
44 67 89 47
93 97 12 21
33 57 50 32
31 34 64 30
15 96 23 48
61 31 70 37
91 19 76 59
98 77 25 80
18 19 56 45
78 22 11 95
77 48 54 47
24 39 70 87
31 67 89 94
94 63 71 11
100 84 88 48
14 36 66 15
95 57 78 94
63 71 55 44
70 88 38 47
73 23 42 54
58 34 60 21
10 55 89 86
68 43 69 94
100 87 33 40
65 55 11 98
29 51 21 44
50 84 33 21
11 49 85 21
26 85 36 39
43 26 40 12
48 91 71 43
26 85 61 50
71 19 32 38
63 76 47 31
19 56 39 29
53 76 72 68
39 57 79 59
70 60 28 16
49 77 65 57
40 85 44 68
41 70 11 22
77 84 72 28
99 19 49 67
19 66 46 73
66 90 80 78
40 92 81 58
30 66 53 81
54 26 16 74
33 41 82 82
30 59 64 86
64 92 36 78
88 34 31 47
86 46 88 92
82 29 85 29
63 81 32 20
48 54 48 62
53 95 90 93
28 48 20 92
38 95 77 98
20 47 84 28
98 87 76 98
64 27 16 37
46 24 77 63
15 46 28 25
64 53 87 55
16 11 96 89
95 95 39 94
99 68 61 84
18 18 30 52
100 39 74 60
73 99 79 79
74 84 69 25
66 69 58 100
23 70 31 96
17 23 47 63
61 52 95 52
45 11 63 33
88 42 80 33
81 54 75 65
59 26 23 59
14 52 73 25
92 10 53 81
43 11 83 17
62 51 37 91
69 98 89 13
62 51 26 69
34 89 95 15
76 14 21 66
14 59 67 13
91 13 88 86
33 48 68 80
26 21 43 40
34 35 70 84
94 87 99 30
51 72 16 25
36 43 71 75
33 71 40 81
39 30 32 56
30 83 34 84
68 53 35 97
58 93 82 100
60 37 66 17
89 99 70 36
39 77 53 23
66 81 12 24
79 95 78 53
97 57 23 22
76 82 20 38
21 70 67 47
86 29 34 97
51 30 51 85
17 54 31 76
61 44 37 45
78 63 97 53
66 98 35 87
30 72 31 79
95 33 56 28
59 48 11 71
97 92 40 88
62 86 42 69
88 69 25 87
83 64 79 21
58 87 92 97
81 64 23 91
80 80 77 76
15 81 34 94
83 75 19 92
30 75 96 57
23 24 23 16
88 49 26 93
60 59 28 56
32 89 65 62
44 67 38 67
47 52 82 44
77 57 34 88
37 84 33 95
89 98 26 65
93 54 65 87
99 85 33 30
95 78 64 42
85 74 81 52
91 93 87 36
13 20 73 65
98 75 68 22
64 48 100 62
80 93 71 15
60 23 42 23
22 70 50 14
78 34 35 47
24 58 94 89
96 33 99 93
48 97 46 51
84 80 17 24
85 96 72 38
12 72 20 82
26076 21579 14834 8578
26 39 52 95
39 23 89 97
41 18 80 75
10 34 21 62
74 44 80 15
16 86 42 51
80 68 83 18
12 26 20 18
39 54 40 37
53 72 66 88
13 59 40 56
28 46 44 78
55 48 33 39
86 86 56 89
95 26 29 75
56 40 17 37
64 13 60 21
54 34 75 39
55 93 30 72
72 43 89 61
22 22 77 61
92 23 80 57
44 58 27 68
93 96 83 85
75 49 76 75
79 99 74 67
56 26 88 44
48 95 64 81
34 99 98 12
77 79 77 52
69 87 18 66
42 94 91 84
42 49 55 66
30 63 44 58
77 69 81 52
57 34 21 89
53 71 24 62
93 61 40 50
93 12 49 36
77 52 12 83
66 94 13 68
60 32 97 40
53 42 24 62
60 80 31 80
61 90 69 39
52 83 43 79
69 94 99 65
29 19 55 61
82 47 26 63
42 95 67 54
88 24 30 80
71 58 13 48
71 45 37 70
69 16 37 31
62 97 11 52
14 43 45 17
77 27 90 12
57 99 12 52
59 91 46 27
55 27 50 57
39 68 61 84
32 31 14 19
52 13 85 64
13 56 24 32
100 51 39 12
18 20 92 46
11 70 80 76
50 46 83 90
87 61 68 59
54 99 67 90
96 96 30 76
31 88 54 30
83 99 90 35
50 49 93 70
21 29 89 100
11 77 43 72
50 51 38 73
30 79 67 67
39 77 75 62
49 53 87 97
75 79 52 83
88 95 77 31
50 55 74 68
39 86 94 50
62 32 22 13
10 71 65 24
73 60 68 75
52 23 78 56
80 17 71 77
27 61 80 59
58 80 11 96
48 36 40 71
23 100 21 47
29 31 16 15
32 58 86 33
32 58 98 52
43 83 31 71
13 60 22 55
85 94 33 29
51 29 46 66
57 24 16 41
21 62 91 56
10 31 31 64
87 11 65 15
92 92 100 48
27 27 36 66
46 54 97 86
15 29 63 54
78 23 72 61
44 75 100 35
71 21 60 78
51 78 66 89
97 73 12 20
37 96 30 10
83 47 66 17
31 14 87 34
87 58 96 37
94 94 77 42
38 61 29 60
52 76 88 23
81 53 40 90
74 71 88 13
19 81 32 79
37 87 39 33
68 67 13 53
58 61 61 48
72 58 42 55
42 10 47 85
73 76 17 24
43 70 63 31
98 44 86 88
38 97 67 28
99 69 69 79
34 47 25 17
71 26 63 20
82 90 11 20
56 45 82 11
48 64 83 14
31 68 79 77
84 69 49 94
51 15 62 31
49 23 24 51
88 59 84 48
85 10 65 18
33 60 37 100
29 27 60 48
50 32 49 85
61 31 29 28
50 16 19 98
56 89 19 33
41 52 67 66
19 14 18 47
80 53 91 67
52 68 72 17
84 35 62 62
39 64 28 74
76 98 35 20
36 44 62 48
16 57 66 33
60 62 27 90
92 28 24 39
49 66 42 26
71 77 92 18
19 19 17 32
66 46 63 23
41 96 56 74
44 54 23 37
17 91 99 86
100 47 100 89
45 85 26 55
63 75 73 77
19 70 72 91
24 95 91 82
94 80 78 59
95 95 89 92
12 74 34 45
79 26 13 58
92 13 52 95
73 60 37 72
96 82 50 79
51 72 31 83
88 74 100 66
73 30 29 20
24 46 90 49
94 77 57 73
85 86 90 77
79 57 53 18
11 31 24 95
92 36 64 64
83 19 87 33
54 53 55 71
11 86 37 88
37 41 44 14
10 95 31 29
43 92 80 61
46 57 44 86
78 33 63 50
59 83 66 63
42 21 48 26
78 67 21 61
100 21 59 82
87 84 92 65
82 25 98 25
95 81 27 78
78 61 16 90
99 60 25 56
42 40 98 46
59 36 82 94
60 31 76 37
100 66 55 15
28 15 24 93
43 83 82 79
11 17 28 70
12 93 26 61
45 43 98 79
62 91 58 93
10 75 64 20
11 39 44 96
15 97 13 47
59 89 54 64
34 62 15 45
89 36 29 21
36 17 83 29
85 94 27 72
81 70 28 12
55 37 56 54
84 37 16 21
14 95 31 77
90 94 69 46
49 38 80 98
96 87 65 59
59 70 79 64
32 78 50 95
75 66 55 51
99 97 100 81
30 62 21 59
28 97 61 16
32 33 30 88
10 48 14 58
73 49 72 99
18 85 98 60
98 43 69 92
17 34 80 60
47 86 17 17
13 67 98 25
43 100 91 77
78 96 72 69
65 16 54 50
79 60 96 26
14 70 27 33
