20 100 8
1 1 1 1 3 1 3 2
24 44 54 65 74 83 91 100
12957 12322 11345 10065 8959 7373 7261 4912
76 45 19 13 100 63 48 58
80 65 91 37 49 92 27 36
62 41 55 73 58 57 83 68
96 47 91 33 91 58 18 100
79 30 71 40 14 99 74 70
20 49 57 60 87 32 32 63
48 73 56 51 40 27 42 73
66 27 42 74 88 86 25 85
40 36 75 18 33 23 35 70
14 73 13 89 71 98 13 31
93 64 99 38 56 52 29 20
95 33 40 72 43 90 78 20
65 32 79 78 12 27 32 44
69 70 16 99 39 45 72 22
22 13 90 88 11 33 12 98
37 90 51 17 30 58 75 80
58 47 81 16 71 74 24 57
37 26 89 44 10 61 64 30
31 71 73 100 53 73 90 55
76 90 77 36 94 65 65 64
62 50 13 33 16 19 52 90
21 74 41 39 29 90 44 64
63 26 32 26 86 28 86 18
75 95 69 10 67 41 69 83
52 50 51 69 43 50 39 21
26 31 75 30 53 57 35 14
34 93 79 65 60 30 90 25
52 26 47 95 39 30 41 27
55 33 40 62 76 39 35 31
85 81 97 17 44 97 24 69
27 65 28 36 92 33 16 31
13 29 45 36 79 85 96 96
35 71 16 19 48 100 97 17
83 17 84 85 40 92 90 15
68 85 26 37 63 63 56 42
78 17 91 14 85 34 16 53
13 75 42 96 16 10 52 96
16 75 54 84 69 77 24 70
54 55 86 58 18 28 92 61
76 36 39 55 93 18 65 21
62 16 41 26 33 36 23 86
63 83 75 17 91 42 49 18
57 91 58 50 85 11 61 33
17 85 97 21 20 73 31 100
58 39 68 21 21 55 98 38
100 97 19 66 54 34 19 47
89 87 81 93 27 34 54 93
38 95 84 46 86 38 68 79
77 68 67 78 46 25 10 46
56 97 39 41 56 72 36 93
79 62 88 14 46 36 64 53
49 16 49 93 42 39 58 87
96 35 72 50 51 99 98 52
76 73 39 26 31 24 75 76
36 59 77 27 53 82 38 28
92 47 42 65 21 52 70 66
58 85 40 56 70 60 100 71
46 82 89 91 84 80 39 42
72 12 43 77 30 90 19 85
34 45 65 51 45 42 22 94
97 62 99 24 29 56 42 16
27 75 17 63 90 94 46 81
39 61 46 44 31 83 85 58
18 68 35 55 14 24 75 22
85 67 37 43 82 51 14 68
72 56 45 47 74 53 62 48
91 27 71 78 56 53 41 87
55 37 66 40 79 93 42 82
70 51 18 45 65 55 47 60
83 80 86 41 79 38 23 98
88 42 54 49 19 87 95 15
15 32 16 50 100 97 41 53
43 46 17 92 64 83 63 48
92 14 94 94 66 52 21 24
20 91 15 24 96 76 58 42
41 83 48 28 49 77 75 41
94 43 56 26 39 78 23 32
16 20 35 41 57 74 43 12
41 28 82 98 75 12 24 87
26 87 48 55 56 88 18 100
46 30 79 82 100 21 70 90
80 79 32 58 33 67 95 12
52 31 74 89 88 94 11 44
18 30 41 56 73 12 52 21
43 16 94 91 42 88 18 58
56 46 60 27 18 57 77 31
59 85 66 84 42 61 96 63
41 84 24 31 65 86 22 83
10 36 42 45 39 46 53 62
37 54 88 51 72 46 47 46
20 98 34 77 10 98 44 17
88 83 56 63 16 95 56 34
80 86 76 94 76 59 18 44
74 74 57 24 76 74 60 43
57 98 10 26 36 30 61 19
15 93 13 92 74 27 63 55
69 87 71 10 81 85 33 32
32 66 52 87 70 19 66 65
75 21 65 94 25 98 99 38
34 41 48 24 98 25 100 15
13197 11989 10393 9445 8779 6843 6922 5190
34 27 54 76 87 73 16 98
95 72 75 10 13 64 45 58
89 39 18 23 29 52 98 98
19 37 57 47 83 81 26 39
12 98 49 79 45 91 87 82
65 35 30 91 69 87 32 28
58 23 88 31 31 44 59 98
38 56 45 86 71 22 25 28
88 99 96 18 29 27 21 30
44 22 33 90 82 95 49 98
99 29 20 58 91 73 35 90
50 19 51 100 53 62 91 77
95 27 88 34 57 38 38 43
13 79 87 68 29 13 91 22
44 45 50 10 68 67 76 29
90 85 77 34 55 74 77 44
67 51 73 62 79 85 17 83
94 19 39 20 67 75 31 72
15 28 66 88 99 67 36 95
26 74 93 16 79 35 91 67
83 79 44 49 40 54 38 79
36 10 64 77 99 11 53 89
89 84 39 61 47 24 58 21
47 80 44 76 21 92 17 90
78 85 83 52 18 34 70 41
78 49 55 61 52 17 77 23
65 26 76 70 83 94 76 45
39 88 22 73 80 17 52 94
63 66 56 27 26 88 77 23
13 18 98 22 78 16 44 10
52 71 20 52 27 58 86 72
52 90 52 67 41 92 14 24
23 43 75 12 46 20 20 56
10 11 91 57 67 89 35 92
22 57 62 76 45 47 93 94
41 18 86 67 97 95 21 34
79 24 13 63 94 69 88 96
54 71 25 39 51 98 68 73
57 52 85 100 67 48 10 25
96 69 78 92 65 30 15 81
63 23 85 56 76 71 48 93
52 88 99 96 26 97 47 70
86 16 13 61 61 64 25 100
50 90 98 23 82 97 78 38
78 28 31 46 86 67 65 40
38 40 49 60 30 95 55 73
15 98 43 37 73 97 56 28
99 59 100 31 34 90 41 86
78 11 30 22 60 21 38 66
48 92 65 81 33 39 34 91
67 88 45 77 88 76 65 46
82 47 31 55 64 15 91 89
32 35 31 100 31 63 14 71
33 57 41 53 20 100 77 26
21 70 47 46 93 60 92 28
13 79 15 71 50 77 86 69
65 44 34 30 55 52 67 46
35 38 58 18 24 74 58 84
98 27 100 44 15 30 54 65
61 83 58 97 56 53 86 76
67 68 34 96 47 85 22 63
44 28 26 17 36 81 41 82
43 40 43 96 28 64 66 85
17 78 36 27 78 71 89 36
19 72 19 22 70 33 50 63
77 60 98 38 26 14 59 20
14 30 50 62 81 18 92 64
46 90 20 82 83 35 36 93
49 76 64 38 59 83 25 91
94 32 62 45 99 95 37 45
71 92 68 43 42 66 84 16
21 11 82 21 50 26 82 14
86 30 81 44 49 18 23 79
16 88 48 59 21 93 50 36
78 31 46 31 88 39 17 27
17 51 60 69 68 18 33 97
45 72 30 24 45 88 31 29
98 83 31 77 29 14 61 51
55 40 90 79 46 98 47 80
60 52 71 26 64 45 90 58
54 59 79 69 82 59 75 35
93 34 38 59 57 45 58 43
78 58 95 12 100 91 91 17
45 39 41 15 12 41 64 51
42 25 91 67 65 59 91 15
46 91 44 45 75 41 64 83
84 81 64 74 40 79 93 99
51 53 65 70 70 81 69 27
69 35 79 77 79 94 93 96
46 34 90 91 44 92 23 73
97 51 80 44 99 14 88 21
71 41 50 54 58 45 97 43
57 95 17 61 73 70 97 48
62 57 72 56 17 11 85 92
100 17 33 24 28 67 61 60
49 37 90 84 61 42 27 82
17 88 53 67 97 74 64 10
20 17 77 37 28 26 25 95
51 22 74 30 96 35 52 35
14 81 27 58 36 88 35 69
12985 12362 11240 9217 8722 7474 7137 5160
24 25 78 54 83 38 12 50
18 57 89 11 66 45 73 28
16 49 31 13 44 52 33 59
36 62 32 58 89 42 51 57
55 21 73 86 82 93 39 62
70 32 96 14 99 31 41 85
88 18 79 70 79 26 47 56
67 81 80 43 76 41 82 48
44 74 46 13 83 13 43 96
83 12 27 31 93 48 97 38
37 68 18 40 29 44 47 12
94 99 51 21 26 52 50 43
82 15 85 96 100 88 39 32
71 49 76 32 98 22 25 13
83 48 78 44 96 32 42 52
10 18 80 70 32 49 43 32
22 24 29 21 36 77 98 36
80 60 60 85 24 17 65 59
66 70 78 94 62 43 62 41
96 67 36 45 37 76 33 27
98 77 83 97 30 70 20 84
21 35 62 86 31 43 81 96
82 15 46 23 88 100 57 54
96 92 67 34 99 73 92 22
51 36 32 34 54 92 47 69
18 94 78 35 92 99 88 71
47 57 72 81 58 12 14 49
32 90 85 24 73 13 43 43
79 68 20 54 25 82 100 30
13 54 26 29 84 42 51 33
61 69 77 30 68 49 32 86
72 27 58 47 60 58 71 46
92 77 10 18 63 73 49 30
97 71 32 34 11 86 11 90
14 21 76 19 67 46 31 98
26 15 94 21 92 69 76 26
95 18 84 36 51 46 92 39
15 71 13 53 43 90 64 57
98 63 48 31 81 33 71 94
86 95 76 20 33 78 90 67
42 20 48 24 94 68 75 93
19 35 49 80 53 41 78 69
15 10 41 65 57 30 13 92
87 50 55 43 12 79 57 50
58 84 90 98 85 100 37 20
26 16 85 57 69 54 96 43
34 21 78 12 49 62 36 62
30 95 12 76 24 71 19 68
31 41 86 79 43 52 46 74
10 97 42 60 30 84 87 13
55 18 69 86 97 10 62 74
24 47 25 27 54 52 23 92
17 34 27 63 100 60 36 23
33 53 89 22 80 53 88 74
60 68 23 72 38 67 52 44
21 28 79 66 27 34 20 90
20 30 23 91 90 84 64 98
59 30 37 87 65 96 62 29
50 84 61 73 84 60 66 52
93 25 48 74 65 15 18 37
86 86 49 13 73 80 29 13
44 91 20 95 66 56 56 59
54 19 11 41 31 24 74 48
68 30 84 39 10 73 84 71
68 73 68 64 63 66 92 68
37 100 25 88 28 62 88 88
64 29 74 62 61 36 72 95
98 12 48 77 71 24 32 14
25 17 75 84 41 19 41 78
64 74 64 97 47 15 11 14
76 68 66 64 71 87 29 69
86 92 82 15 74 92 70 66
29 44 57 82 64 50 69 43
57 52 51 91 78 67 46 80
26 18 76 49 94 61 43 55
99 86 57 29 89 25 64 28
67 33 60 87 80 54 32 57
86 23 50 47 73 80 92 73
23 45 63 10 51 13 51 61
88 85 65 46 48 51 24 28
12 96 76 52 79 98 80 80
98 51 99 59 100 13 18 69
93 77 93 28 48 57 38 91
26 42 66 73 76 45 41 69
78 33 69 81 56 82 21 55
78 27 51 38 30 90 42 13
92 92 30 93 79 81 62 15
89 78 65 64 45 79 42 54
61 73 78 56 60 47 51 61
16 16 23 32 70 62 21 93
18 59 94 33 66 74 64 31
51 19 96 94 61 28 49 32
89 74 86 46 90 51 70 51
21 69 99 72 18 43 14 84
21 78 21 100 91 13 52 59
28 34 20 80 32 97 53 26
24 26 72 22 31 49 60 66
94 81 47 74 74 59 24 12
84 32 68 33 77 38 12 79
38 29 70 73 84 62 24 20
13473 12267 11254 10207 8665 8141 6131 5232
93 13 76 13 66 54 83 69
54 13 45 33 25 72 97 81
57 16 85 98 15 44 11 69
25 38 61 79 21 23 89 94
92 86 27 49 46 81 71 71
83 97 29 12 40 72 31 23
87 74 73 90 42 11 12 63
68 23 48 41 78 49 42 41
24 14 13 49 97 60 68 93
65 12 66 58 37 93 21 53
80 89 60 26 94 66 47 93
21 25 58 95 100 61 53 49
25 48 91 37 54 69 56 78
66 55 84 54 97 38 74 44
62 88 13 19 92 36 23 19
20 59 50 77 71 54 43 25
42 58 68 95 51 51 25 10
15 20 88 31 50 78 15 22
73 96 15 35 33 27 35 73
19 11 97 39 47 62 63 37
91 13 89 43 77 22 49 48
22 96 75 22 92 71 45 17
75 15 31 27 34 29 21 28
20 70 15 49 55 59 93 94
71 46 62 56 24 12 93 18
39 49 28 41 78 46 70 14
54 75 39 81 65 98 50 37
68 88 32 41 19 57 40 86
41 83 35 85 98 24 76 38
73 90 88 87 74 97 37 18
65 70 35 86 85 69 94 82
30 57 46 38 27 44 77 84
93 39 77 100 90 17 51 43
37 92 70 47 92 88 63 24
60 24 61 47 30 75 78 13
88 60 40 44 78 27 86 89
71 71 72 90 97 36 40 30
47 84 24 81 56 72 14 55
30 51 90 37 42 31 66 62
63 69 40 31 88 24 27 61
62 12 30 74 94 15 56 39
59 23 49 32 99 54 64 86
78 61 37 92 99 78 54 81
91 30 19 29 65 92 48 41
68 37 77 50 31 77 80 83
56 81 89 13 47 90 87 23
33 98 29 76 76 16 53 24
30 33 16 15 73 33 43 100
86 53 91 83 25 18 62 21
97 15 37 79 26 51 48 22
11 43 10 12 64 67 21 28
24 27 40 48 18 20 17 61
35 86 42 47 33 32 11 24
39 58 72 58 27 87 50 51
59 78 92 60 68 84 57 88
16 31 86 97 40 10 47 78
35 51 93 76 59 96 33 22
25 56 46 26 76 79 37 93
12 23 48 29 26 11 71 88
81 41 41 70 42 61 27 54
91 38 31 56 11 57 82 75
78 93 60 58 62 40 19 55
37 27 14 76 54 39 77 95
100 27 58 82 44 90 29 53
71 96 47 25 65 12 50 68
73 11 61 94 31 82 50 67
25 28 26 91 75 27 52 98
64 12 95 78 48 23 14 60
38 78 32 61 14 29 91 22
11 87 38 50 92 66 23 70
33 84 41 90 14 57 84 76
72 65 14 41 88 57 79 55
63 54 82 67 79 56 89 52
60 87 12 87 16 14 26 90
20 84 100 73 84 11 19 18
54 41 29 74 13 45 79 94
41 91 96 87 64 57 41 35
62 38 17 71 23 44 42 54
56 89 100 74 76 50 92 44
38 91 88 68 86 100 74 82
18 38 94 98 78 91 14 63
36 70 57 80 17 38 60 98
47 49 16 66 24 19 91 48
42 22 56 79 46 97 98 10
10 99 77 56 33 13 19 91
68 81 11 55 81 65 27 28
48 75 15 67 12 12 32 74
30 77 78 38 48 58 60 77
60 76 69 31 98 79 99 44
92 10 46 44 51 53 54 14
18 40 74 98 29 89 79 100
65 13 61 63 88 65 16 47
81 62 87 28 91 68 93 39
67 32 17 39 86 27 17 18
60 86 60 73 62 91 28 15
54 99 36 88 65 98 92 34
29 34 96 33 46 41 56 43
51 85 75 72 47 44 81 20
47 13 67 91 52 61 100 18
81 15 44 49 81 45 90 93
13046 11504 10651 9419 8159 7096 6190 5565
38 49 27 90 89 64 67 100
52 44 92 25 68 46 15 79
65 50 48 74 66 77 57 93
81 15 82 43 63 16 17 21
10 17 11 58 65 78 82 61
78 55 14 98 60 68 98 95
100 97 15 43 33 41 79 100
56 94 86 29 57 36 23 68
87 65 50 63 63 70 30 87
94 23 94 85 83 36 77 75
94 66 64 55 66 98 27 65
19 71 25 13 17 95 45 15
62 22 63 57 60 56 28 57
17 70 89 89 31 23 67 10
59 75 60 99 27 49 89 77
100 29 62 84 58 100 37 53
51 76 30 84 60 39 56 80
59 100 78 56 83 78 97 14
64 71 42 56 26 89 40 26
31 33 82 27 98 28 77 49
83 24 98 24 16 54 29 65
25 53 28 84 84 70 13 80
44 38 94 24 49 83 50 58
97 45 11 25 89 78 82 73
16 74 81 96 33 32 12 35
85 30 46 85 76 72 64 87
60 43 53 31 47 93 50 17
66 55 97 65 26 22 35 16
17 74 87 61 76 10 85 76
94 39 20 70 44 50 93 69
83 84 82 23 13 12 42 80
90 96 87 48 47 69 73 77
21 74 28 62 77 17 70 19
19 76 70 30 53 65 60 79
53 62 98 87 53 15 67 29
91 89 12 89 51 71 13 59
98 39 32 36 38 79 93 81
85 98 31 39 85 88 18 13
93 38 16 99 93 13 85 90
36 18 99 20 40 16 92 54
10 79 66 79 96 49 48 11
20 94 27 25 82 48 24 78
98 42 53 89 21 39 87 65
26 12 63 39 95 43 28 44
66 96 31 93 30 39 87 25
78 79 26 61 21 36 50 67
58 21 46 34 64 93 99 94
71 46 55 76 81 88 61 32
57 63 40 29 56 66 98 92
42 20 30 44 69 87 51 86
13 61 39 30 42 39 14 89
83 90 35 68 42 26 54 60
25 37 50 28 76 35 36 54
84 93 42 52 45 90 29 99
35 46 59 43 23 74 43 22
36 81 81 59 18 52 50 16
82 18 21 67 85 28 55 100
48 16 10 36 58 79 85 72
41 92 25 95 42 85 100 54
73 22 50 66 25 20 44 94
96 50 33 69 88 53 37 12
96 44 21 23 40 32 66 32
22 29 67 74 87 70 58 41
52 49 82 63 64 92 11 13
13 86 48 85 46 87 16 49
18 58 93 69 21 91 46 84
41 78 37 18 54 68 29 19
62 59 98 40 80 16 78 76
34 23 20 83 61 59 60 63
52 95 58 64 53 90 19 66
27 58 57 75 22 36 38 78
13 48 23 11 79 43 17 27
62 57 12 43 91 34 20 99
75 68 79 71 14 79 80 98
65 93 84 77 97 54 38 80
80 59 37 34 80 42 87 94
26 14 80 55 77 80 89 95
60 14 55 76 16 56 66 60
89 40 46 23 37 71 95 88
18 72 45 17 62 79 64 79
21 94 61 32 16 65 69 41
58 20 35 93 22 64 60 73
81 44 34 25 99 68 93 26
54 48 71 14 18 41 41 26
66 38 38 63 73 19 29 94
43 74 28 23 34 41 96 49
60 21 73 13 87 37 54 42
44 45 35 84 17 34 100 53
85 42 66 96 79 83 56 29
84 98 42 74 63 12 39 45
76 35 89 69 44 86 45 13
44 53 84 37 95 69 37 46
18 37 92 36 59 66 90 84
14 89 18 84 25 32 42 95
52 13 15 32 44 28 45 63
70 98 80 42 62 94 77 15
41 44 40 38 77 53 68 88
33 54 66 47 10 80 78 45
79 98 62 71 49 16 32 37
76 44 90 78 17 90 54 23
13154 12236 10808 9972 8916 7212 6854 5226
34 35 14 17 61 63 69 81
73 27 91 24 13 29 89 63
85 64 41 74 81 11 68 24
64 36 100 72 76 44 63 76
66 82 40 25 95 63 98 16
25 21 60 75 73 18 44 37
52 90 93 68 14 65 76 10
50 80 29 90 65 34 42 46
41 58 37 90 44 43 99 51
88 55 53 66 40 64 40 87
56 79 17 81 31 30 18 89
57 15 23 22 76 11 81 26
16 73 77 76 42 91 41 98
53 95 81 53 32 68 69 97
33 43 85 13 23 95 78 98
72 25 76 64 77 14 24 13
40 62 30 82 13 94 49 19
52 35 25 84 62 46 19 92
28 100 49 27 83 61 69 35
27 16 71 98 52 36 67 92
25 81 47 17 30 23 43 65
16 46 40 29 76 59 42 69
20 10 62 61 94 84 27 50
75 37 47 16 55 67 30 41
99 25 35 13 33 14 58 67
42 81 94 43 19 32 68 76
14 91 37 39 80 57 20 10
93 76 92 34 47 22 88 44
55 52 37 32 12 59 98 42
18 100 33 61 30 47 98 41
40 62 13 55 58 72 97 69
33 39 50 35 69 29 40 41
25 31 74 56 10 12 19 86
49 12 17 73 30 76 46 93
38 33 88 27 61 24 66 88
78 28 32 48 52 16 86 37
95 88 22 85 62 75 37 87
75 45 49 57 43 65 27 57
18 76 62 87 19 57 23 49
80 28 92 32 32 38 28 19
82 33 38 55 93 14 19 64
28 91 72 64 96 19 79 55
25 43 26 44 31 79 79 32
46 22 51 90 71 77 61 62
17 83 34 94 67 37 76 26
95 84 75 61 60 12 11 95
69 71 57 25 74 65 27 80
22 77 84 93 56 55 16 79
36 18 27 94 100 17 53 19
77 100 81 45 96 29 15 24
53 40 25 27 39 82 19 70
99 72 58 40 93 32 53 29
60 65 57 35 70 49 78 55
87 21 61 77 86 83 43 36
82 23 95 12 13 33 78 88
29 45 26 63 91 97 39 23
34 100 84 49 87 53 83 34
59 57 85 19 54 79 20 21
80 62 68 62 64 82 93 74
12 72 69 63 57 62 49 81
89 18 22 96 51 12 97 32
52 27 94 92 78 38 97 68
87 12 48 99 73 43 32 68
18 74 73 36 23 68 60 33
99 84 70 45 52 79 64 70
94 100 38 91 55 39 83 70
76 89 15 38 32 17 50 15
15 22 37 43 85 98 97 65
34 71 87 33 90 61 24 14
16 63 30 83 62 62 46 70
31 23 63 38 52 23 59 95
51 27 100 81 50 79 54 37
82 74 55 31 46 59 42 25
55 66 97 72 50 10 86 64
81 21 57 19 61 63 21 64
36 87 17 11 53 96 79 92
73 88 84 50 94 92 10 29
76 28 97 36 51 67 79 78
44 67 16 50 99 98 93 52
18 78 11 10 86 40 77 25
58 23 63 48 55 83 73 35
41 56 34 75 13 13 95 80
73 92 94 40 46 23 32 56
18 25 98 93 33 86 17 35
93 78 59 53 92 47 91 84
16 40 41 20 37 67 43 58
77 57 87 33 72 93 53 96
28 92 24 53 59 56 46 80
81 45 28 26 68 78 38 83
27 85 27 37 45 53 32 43
76 84 18 34 26 73 97 46
52 34 56 14 44 59 23 31
16 55 49 41 55 16 76 51
80 34 69 54 50 92 18 100
40 54 42 16 73 38 47 34
98 94 53 28 11 85 26 30
65 100 36 18 49 18 62 63
27 10 67 88 100 63 39 11
42 31 46 44 57 10 75 80
48 63 26 61 24 58 62 42
13472 11937 10509 10329 8445 8041 6505 6023
47 50 78 81 64 70 65 25
44 29 86 49 97 33 56 56
94 38 96 22 83 80 93 25
80 48 22 14 14 26 87 39
18 74 44 38 24 79 71 88
39 58 26 42 78 26 51 48
13 29 79 69 91 26 97 17
74 38 86 35 78 15 81 25
33 57 24 45 78 69 97 89
29 56 14 94 67 93 62 46
68 88 89 22 91 75 24 34
50 10 83 47 44 46 46 74
48 56 11 75 50 10 26 37
84 99 49 25 71 20 20 83
56 71 89 28 56 54 61 42
30 66 56 86 69 85 62 45
10 87 51 53 95 20 65 57
51 92 30 83 96 47 80 55
39 50 31 39 75 91 71 80
77 30 52 68 29 81 33 12
96 12 34 59 24 95 37 27
54 10 99 65 13 93 29 27
41 42 91 16 71 50 42 11
92 30 36 93 27 54 97 38
25 69 92 93 64 75 77 50
72 53 37 15 47 39 86 82
37 20 84 22 53 48 82 67
26 15 52 82 63 58 44 37
43 41 79 40 43 71 65 50
15 90 69 49 58 71 70 21
13 39 50 93 51 41 23 69
15 47 86 38 94 78 58 30
94 53 27 61 66 42 39 91
72 43 71 50 72 11 77 82
72 69 53 95 58 29 80 30
97 41 29 92 97 95 94 35
91 62 86 72 74 49 13 55
85 83 94 81 17 40 74 84
93 56 82 85 68 82 16 13
89 44 82 79 31 12 28 58
89 31 93 75 62 77 45 57
56 56 32 26 29 65 84 80
94 57 68 76 96 12 38 47
94 59 31 43 49 97 45 36
55 81 85 28 25 82 14 42
83 60 14 36 32 17 73 79
32 57 27 29 10 23 58 10
52 96 20 98 82 50 63 65
21 20 77 78 97 97 14 92
10 59 78 64 50 17 81 27
94 59 63 27 78 26 29 57
23 13 66 80 13 75 43 62
50 32 26 20 33 95 63 94
23 49 69 77 31 82 62 46
26 23 90 10 46 64 71 12
59 12 45 62 76 90 74 55
42 47 56 38 69 42 87 48
65 95 84 41 23 38 48 46
48 82 47 93 60 37 77 53
20 40 11 32 60 48 68 44
96 23 32 55 31 56 66 66
76 80 30 70 85 52 62 58
72 59 93 67 60 62 25 16
60 98 47 99 62 43 36 63
87 22 85 36 17 62 28 38
81 40 13 17 24 67 94 95
14 84 43 38 38 28 84 74
37 74 67 24 45 23 25 94
38 61 94 75 51 91 37 16
16 47 57 13 50 48 52 72
70 72 11 56 21 68 91 13
73 37 41 80 89 69 72 21
68 86 49 68 36 87 89 14
19 31 38 36 46 35 69 30
36 37 33 10 39 21 82 53
31 49 12 57 37 30 19 93
87 63 78 52 30 85 20 20
85 31 66 53 92 97 64 93
100 91 94 95 95 44 81 86
25 65 23 62 57 70 45 46
96 17 30 26 28 45 33 60
12 20 93 84 83 34 23 100
36 55 59 71 40 15 67 87
62 71 98 45 30 25 38 19
39 34 57 62 38 28 12 22
13 66 76 57 16 10 10 84
66 43 25 14 46 96 18 81
49 74 86 95 46 51 96 73
55 22 74 77 71 90 97 47
96 57 56 41 43 92 98 29
86 99 23 93 47 86 76 83
17 97 36 79 81 55 100 44
32 70 68 32 85 22 82 84
24 14 89 77 90 41 74 83
33 15 10 40 61 19 64 66
17 93 72 81 60 35 81 45
77 42 35 97 41 26 18 39
99 41 90 80 68 81 76 63
99 78 100 43 72 94 85 63
40 90 43 46 63 45 94 98
13773 11920 10765 9936 8797 7056 6451 5172
76 21 36 30 30 90 37 24
15 49 16 79 65 81 95 57
45 90 83 50 10 13 76 51
42 29 18 69 75 81 68 39
23 14 99 25 20 62 80 80
36 45 64 69 33 92 58 26
63 15 10 74 31 91 75 57
20 68 97 34 97 85 31 61
26 31 98 20 12 59 40 48
64 43 92 34 24 57 66 86
42 24 45 56 17 99 81 15
40 60 46 33 26 63 61 73
60 50 45 63 17 70 92 29
48 91 63 64 83 23 35 96
79 49 99 78 93 33 82 28
97 12 33 35 27 37 74 26
82 98 92 24 92 59 72 95
69 91 19 66 24 47 50 90
70 50 24 44 72 20 94 94
31 35 22 22 10 88 68 36
39 71 51 74 45 49 58 46
40 27 12 65 51 27 26 57
41 48 62 83 45 20 18 31
56 31 11 75 56 16 47 72
94 91 44 35 52 75 94 58
94 38 88 86 31 37 17 40
67 57 79 47 91 42 72 62
52 67 17 88 46 99 93 69
36 18 82 77 61 50 44 94
95 10 48 44 57 85 94 17
17 57 42 75 52 53 67 97
86 89 88 12 10 39 18 45
36 69 64 81 59 43 60 81
31 18 25 31 83 63 40 14
85 81 39 58 66 84 71 14
39 84 52 80 72 73 16 64
16 26 21 57 50 47 66 87
51 62 53 45 72 98 25 89
41 29 41 19 92 60 51 63
48 25 74 82 93 91 26 50
67 21 76 18 19 56 91 44
52 77 16 49 41 80 21 53
87 59 55 37 19 68 98 40
63 45 25 73 44 93 25 42
98 93 86 78 45 51 20 67
38 41 68 25 30 42 74 15
60 93 25 22 23 45 99 52
68 34 34 26 48 15 29 74
48 17 48 14 15 59 98 85
53 57 42 88 21 90 68 47
49 66 59 62 50 27 44 25
80 52 66 32 64 12 58 76
99 87 89 63 25 33 83 49
78 71 82 45 18 41 25 13
79 68 55 18 27 72 78 91
98 11 63 76 97 71 81 45
49 69 38 47 12 10 98 62
14 36 96 39 73 70 86 35
11 53 57 11 59 76 55 68
42 82 64 13 85 63 38 38
34 71 23 41 66 11 34 93
52 87 98 93 44 87 24 39
77 29 47 10 33 10 62 36
13 68 83 30 97 56 26 24
38 67 97 17 82 86 56 70
35 49 65 40 11 42 84 38
74 98 60 56 94 70 50 71
63 91 36 50 64 56 37 97
90 24 25 67 36 85 90 91
71 40 70 59 77 42 29 60
70 62 25 24 33 93 93 92
90 40 63 34 81 87 54 42
96 82 41 30 72 35 30 27
94 14 85 78 21 50 58 78
71 40 86 39 50 64 94 70
28 83 10 46 92 96 65 76
49 39 87 14 70 15 62 97
52 72 25 49 64 71 16 84
54 30 25 24 95 84 16 95
42 31 55 75 52 95 80 42
48 81 70 97 24 45 79 72
35 39 37 28 85 71 23 65
73 60 47 72 86 72 58 31
54 89 32 34 21 90 96 87
75 55 22 25 71 31 100 53
10 30 13 55 55 75 77 84
25 70 63 68 42 21 51 19
33 89 44 61 49 17 39 81
53 85 29 76 99 37 37 12
66 96 63 18 41 85 24 61
86 51 58 40 90 56 55 100
54 26 58 64 42 77 98 62
25 49 63 37 20 85 85 90
53 75 91 38 86 22 15 89
20 60 60 21 51 71 32 17
85 22 86 59 63 95 39 23
25 57 60 82 40 35 61 77
78 94 27 43 19 73 17 81
34 33 14 53 51 95 18 35
75 52 96 98 19 52 47 16
13752 12428 12046 10158 9030 8524 6910 5734
29 37 68 11 46 54 63 38
28 62 84 86 58 90 45 25
11 13 97 37 32 82 45 89
60 57 41 41 74 64 11 42
75 22 64 74 57 98 44 71
32 42 42 97 64 33 50 49
54 73 12 36 79 26 88 92
54 15 14 85 84 11 65 33
90 68 40 54 66 75 78 55
85 88 97 84 85 51 16 58
76 35 84 31 21 19 27 44
34 70 96 27 16 56 56 98
71 99 81 72 88 15 37 84
31 43 27 74 73 82 50 68
51 84 54 77 77 27 26 42
23 73 80 14 50 35 26 36
46 80 80 81 46 95 89 88
45 39 72 52 63 38 16 87
19 26 62 98 48 68 63 29
70 60 46 89 25 11 16 99
42 98 35 53 77 54 18 20
52 31 88 61 17 16 18 85
47 31 72 12 28 28 13 41
60 47 87 80 12 66 96 77
71 47 41 63 89 10 47 25
52 25 72 73 49 97 91 95
22 73 86 71 67 42 100 59
48 36 17 58 32 67 31 34
20 21 96 71 46 76 96 75
99 28 13 28 72 75 19 73
71 32 48 50 45 68 72 26
82 27 44 39 43 83 73 93
75 18 25 43 39 56 28 79
99 99 48 13 77 88 51 99
28 73 21 71 70 24 80 92
18 88 67 32 97 10 10 60
51 73 93 41 68 83 60 41
95 47 35 36 44 34 11 97
23 54 64 52 70 52 95 57
61 45 38 40 86 37 29 84
26 76 58 17 81 74 54 25
74 78 81 30 90 44 63 93
16 37 79 54 54 24 23 100
13 71 69 48 85 58 36 10
91 66 80 92 23 72 83 63
91 40 42 47 31 72 67 13
18 57 53 56 90 20 97 72
84 38 65 11 81 40 36 51
45 90 29 52 79 39 36 46
86 58 83 68 40 61 43 27
97 68 15 52 80 59 30 20
30 41 25 71 54 53 18 45
79 67 76 21 86 48 30 88
43 68 14 10 17 17 50 17
80 51 61 67 33 88 79 39
19 49 56 38 23 25 40 77
37 63 31 47 55 80 81 68
39 33 71 42 73 19 26 80
47 62 86 68 47 19 40 12
29 77 28 82 34 32 81 23
10 13 71 50 69 97 32 24
34 11 76 50 90 68 41 89
20 16 81 58 21 59 73 66
43 37 45 23 64 51 25 24
16 71 82 15 67 30 35 79
98 20 93 72 88 58 89 17
37 48 88 98 43 82 55 95
83 66 75 42 88 59 48 33
15 83 33 80 34 49 95 65
33 32 42 14 59 93 65 21
18 54 80 23 21 54 35 82
81 95 13 96 76 21 51 28
66 89 12 67 93 27 74 26
24 93 31 10 65 27 86 34
44 80 100 71 22 95 74 56
42 25 100 48 92 80 48 95
39 28 43 69 90 38 45 93
62 76 46 42 23 99 62 69
16 31 54 73 32 97 41 72
13 32 30 81 93 83 37 28
64 83 87 49 28 79 32 53
60 32 46 14 25 12 69 87
17 13 77 39 54 99 25 16
36 91 81 18 71 35 74 21
11 24 32 72 48 48 73 13
56 16 87 59 46 51 24 77
36 74 10 77 45 68 57 40
17 18 60 99 99 23 77 34
53 69 54 32 70 63 99 19
43 49 30 94 12 19 60 53
89 59 74 39 92 93 77 32
87 68 49 40 16 13 48 31
99 22 40 87 48 65 63 81
73 93 79 63 18 36 93 40
100 42 23 10 43 74 99 12
63 98 40 78 54 26 15 11
24 19 20 44 58 37 89 48
59 18 98 77 87 31 82 95
18 73 57 60 93 26 43 73
46 32 60 96 62 68 99 85
14148 12415 11421 10385 9028 7153 6876 5262
96 68 14 85 34 55 73 37
23 20 19 64 22 14 26 42
83 17 48 19 65 39 39 74
73 47 95 22 39 98 54 59
20 36 88 46 97 70 95 39
89 24 94 44 79 19 65 13
95 16 35 21 29 27 38 14
41 96 28 90 19 96 82 37
80 46 77 78 27 100 84 47
33 14 23 19 85 23 29 28
34 74 36 53 20 15 100 17
78 86 18 70 92 39 33 88
12 55 73 38 10 90 90 42
19 37 45 44 86 82 73 29
42 32 14 24 57 40 57 44
60 10 99 92 75 47 53 25
25 75 91 18 73 24 65 36
94 31 87 27 72 37 14 28
50 89 25 11 86 47 100 87
33 34 25 63 40 44 99 23
24 18 43 43 33 28 18 14
91 93 14 10 100 73 30 76
93 94 78 41 10 71 16 75
46 27 88 47 50 44 91 35
71 54 24 77 35 86 33 99
67 79 48 12 55 40 99 23
62 64 27 100 74 66 70 59
38 54 18 25 93 37 38 85
13 52 13 78 14 34 11 72
58 14 62 87 95 51 62 40
26 47 70 89 91 88 86 88
59 16 94 18 39 18 23 98
14 89 29 94 68 78 94 100
91 10 39 24 30 79 21 56
80 63 75 62 64 64 50 69
75 32 53 14 83 72 63 77
13 72 82 21 46 60 40 82
92 58 61 58 37 96 91 44
22 27 87 23 72 79 45 39
98 53 25 35 67 48 58 41
14 50 75 20 49 70 42 99
22 24 15 82 92 49 26 61
77 56 94 45 62 17 56 10
95 38 42 35 62 73 55 44
50 25 72 99 100 16 47 47
33 57 89 68 68 18 90 53
98 99 100 18 93 86 29 64
43 23 13 81 12 53 46 49
41 78 44 60 71 97 73 77
14 70 68 55 12 45 95 100
86 42 67 99 19 90 60 56
90 97 64 17 73 60 90 31
29 99 93 96 33 98 66 88
47 15 100 18 99 28 18 77
69 12 60 22 70 55 17 91
61 52 61 57 32 45 66 56
46 30 26 48 100 22 85 32
40 45 98 39 49 92 49 61
59 88 21 21 36 17 59 48
21 85 75 33 11 37 62 35
81 91 43 63 52 18 83 29
41 17 53 35 79 33 84 32
55 71 44 91 55 90 52 90
54 53 16 56 71 73 88 53
55 76 71 68 19 25 57 40
48 76 14 63 69 25 93 17
34 81 42 78 55 28 73 30
13 31 66 86 36 81 42 61
42 12 51 78 10 54 62 82
84 54 49 92 84 87 21 43
80 72 45 63 45 17 26 39
18 48 54 67 76 36 41 95
31 36 83 72 54 84 75 46
18 84 82 44 79 58 12 80
28 72 23 12 27 41 62 95
71 24 93 85 32 33 57 19
17 47 54 86 18 11 19 63
23 23 66 31 61 26 56 54
45 54 75 12 97 38 74 19
42 47 46 61 82 73 71 34
80 68 43 28 50 75 97 15
40 10 90 61 41 19 76 94
87 82 78 29 37 100 13 66
31 33 18 48 19 63 82 65
57 65 59 16 26 62 22 12
27 43 47 11 97 21 97 10
96 94 18 60 34 89 12 99
52 17 78 60 37 69 30 50
32 17 23 73 62 28 10 85
41 47 60 13 67 67 99 25
20 29 33 24 61 50 19 18
41 87 15 17 75 46 13 15
61 14 49 34 19 19 61 59
51 62 97 64 98 93 32 83
56 73 54 84 58 52 97 90
54 46 71 23 94 98 33 70
45 53 60 89 14 56 80 70
48 89 97 30 72 19 85 80
30 92 47 68 52 72 29 70
80 56 66 96 56 79 86 20
12730 11725 10271 9267 9049 7403 6306 6188
25 93 74 58 33 51 86 70
24 18 54 94 80 68 20 26
86 73 25 49 47 39 99 26
16 68 97 65 17 22 18 100
38 81 54 91 72 94 30 74
42 71 95 40 100 62 44 88
74 96 62 42 55 43 94 39
67 71 88 26 92 68 19 34
99 88 44 15 45 55 69 13
98 70 81 44 91 54 82 23
38 23 28 63 68 92 62 56
89 96 49 79 86 38 83 50
61 22 69 41 59 49 41 46
94 49 78 51 49 90 73 84
29 94 43 25 57 61 94 72
38 13 79 84 89 26 39 62
26 79 93 29 95 64 28 90
94 24 67 85 59 37 64 32
100 15 15 86 19 86 45 79
49 82 80 52 15 18 93 44
47 29 30 95 28 51 47 42
48 50 50 52 89 72 53 36
73 83 100 49 73 82 48 77
69 65 39 58 35 23 66 47
48 49 22 86 81 14 58 75
78 77 30 29 26 10 31 46
25 19 71 22 25 24 62 40
10 55 38 72 48 41 75 16
27 81 57 53 72 100 50 72
96 33 40 31 60 10 60 77
82 21 25 74 69 22 54 23
16 14 39 95 41 45 92 29
53 21 64 58 76 99 79 93
85 23 32 68 21 31 36 83
60 52 93 64 20 78 67 77
37 10 57 10 41 23 49 23
90 10 31 26 61 22 41 24
57 71 76 92 47 49 38 51
92 98 68 36 46 53 57 23
76 46 41 15 40 95 85 45
56 40 49 79 97 38 45 72
62 89 77 90 28 35 98 77
10 46 42 31 62 33 29 28
83 31 81 45 51 83 70 86
72 59 72 71 94 36 30 19
68 93 70 46 14 46 33 78
74 65 18 51 61 52 79 98
33 55 31 49 76 11 39 57
55 100 40 92 60 59 70 66
33 75 74 75 88 50 12 48
85 53 64 56 84 31 59 51
10 62 44 26 19 14 98 35
75 56 48 79 61 47 79 61
10 59 23 39 37 94 96 19
51 77 58 25 29 69 32 12
63 58 15 13 43 89 60 78
46 16 43 45 68 76 52 23
12 26 83 11 61 50 75 33
74 29 85 53 86 55 35 51
15 47 17 81 58 29 80 68
14 98 87 28 54 99 29 80
92 19 12 83 14 36 84 78
55 55 48 36 12 30 87 88
22 11 54 93 44 74 59 77
51 47 23 70 35 26 10 45
13 32 42 33 47 28 31 79
95 43 93 37 51 29 19 23
77 57 40 99 35 87 86 54
78 56 69 81 87 56 66 49
17 66 70 69 74 53 29 81
51 52 61 61 19 89 95 70
30 45 16 53 36 61 76 12
59 16 36 18 62 81 80 67
76 28 79 92 12 75 15 97
32 17 66 37 85 61 75 90
76 97 66 61 37 66 38 21
85 37 36 56 26 70 77 30
79 25 67 18 69 100 76 68
100 57 46 68 49 37 79 40
86 30 98 59 36 44 49 11
57 27 79 35 49 59 78 77
57 26 53 17 95 33 90 47
35 32 13 96 62 61 63 61
59 86 29 26 19 40 56 67
26 86 58 56 32 22 47 68
79 47 33 56 23 73 71 10
33 81 68 86 45 55 90 23
36 66 12 72 33 46 55 53
22 98 99 21 62 91 51 25
11 57 42 99 17 91 76 52
23 14 32 10 89 41 79 20
83 16 51 23 12 29 13 21
77 38 12 51 48 65 65 67
61 42 71 25 88 42 27 60
69 84 25 98 83 97 95 92
20 31 74 97 66 47 81 20
86 100 100 31 44 26 84 82
48 89 56 55 13 59 70 89
93 15 72 55 84 79 87 55
76 71 29 37 61 82 71 57
12607 12058 10182 10320 9266 7569 6038 5756
44 58 46 28 77 70 64 19
32 58 94 74 96 63 77 38
80 34 86 100 27 79 48 41
78 63 73 29 76 35 14 82
88 42 14 27 59 74 96 57
73 88 47 28 78 31 94 17
75 78 22 58 38 65 20 93
12 21 27 58 61 45 25 49
41 22 46 79 58 80 38 13
96 42 54 81 40 22 47 80
97 18 36 34 36 60 70 52
28 35 51 79 65 27 97 43
50 94 96 55 22 89 57 32
82 14 49 82 49 68 66 31
75 67 26 72 50 16 94 21
92 88 31 100 21 33 91 95
12 20 13 79 97 47 98 100
74 53 87 66 50 84 63 30
72 73 72 45 88 11 76 77
70 85 62 71 80 53 36 20
46 37 74 81 65 18 85 64
99 78 16 99 85 81 18 70
81 84 76 27 11 98 15 39
55 89 44 27 61 100 71 45
45 64 53 63 100 97 78 38
81 61 81 71 25 77 12 70
64 35 99 14 78 16 15 86
40 44 56 67 94 21 31 57
99 29 78 89 69 33 84 78
11 66 43 40 10 35 47 11
37 29 45 53 91 47 90 33
87 79 64 48 69 91 45 91
71 66 36 94 92 99 46 20
97 47 94 65 55 75 75 10
36 26 21 43 30 87 33 58
31 89 30 89 36 72 98 52
91 70 19 98 72 33 49 41
66 28 18 83 60 66 13 16
64 74 68 57 46 86 59 76
52 13 29 61 38 23 19 83
68 99 31 44 80 41 66 37
53 49 37 87 81 41 82 75
47 73 11 35 58 79 11 23
100 85 94 72 63 96 83 100
89 16 90 15 82 84 62 36
71 93 89 88 20 75 57 69
51 79 12 65 78 97 49 65
95 89 35 38 98 27 22 45
73 88 46 53 80 64 55 61
59 17 27 84 59 67 21 24
89 90 32 23 56 97 73 75
43 19 63 55 30 25 21 48
11 13 38 34 52 33 80 86
47 34 85 54 65 94 56 42
67 23 33 94 74 37 78 69
62 46 13 94 56 25 21 75
49 63 46 30 74 34 60 21
77 67 79 24 68 46 53 50
54 79 24 27 92 80 72 16
74 94 47 56 70 36 72 19
25 32 57 88 74 42 99 37
89 59 75 65 74 37 17 87
31 21 14 99 27 83 58 56
51 40 58 98 87 37 15 64
98 50 100 74 21 82 84 97
89 64 61 79 30 48 61 94
37 51 92 85 47 74 87 69
11 41 19 67 36 63 44 79
97 78 60 74 100 16 94 40
75 90 51 74 11 47 20 59
90 88 89 41 54 73 76 16
84 68 40 53 59 49 25 36
36 70 10 62 60 67 27 75
46 34 80 15 45 59 43 77
22 79 37 66 91 88 83 14
35 93 100 71 29 75 10 39
47 76 43 47 40 67 82 73
51 70 93 44 97 26 32 15
34 83 28 75 58 68 99 40
20 21 100 100 95 89 40 16
15 100 95 86 76 60 47 31
84 56 85 54 32 99 40 96
72 57 95 56 53 89 56 85
73 60 54 39 47 23 24 85
18 68 58 77 45 39 88 84
68 55 37 23 73 85 91 28
15 51 47 39 87 42 75 53
76 81 29 64 90 61 99 49
19 15 10 93 59 67 71 63
52 96 88 58 30 72 83 70
69 11 66 35 76 94 95 25
18 24 68 62 36 13 45 34
32 88 94 50 75 68 69 22
27 11 61 51 64 27 98 77
54 94 98 40 33 62 15 75
12 19 57 47 36 100 79 48
96 90 16 54 70 71 51 89
80 26 91 64 51 64 69 90
37 76 33 58 71 57 48 20
28 40 55 36 89 83 65 38
12641 11950 10381 9750 9177 8083 6454 5917
23 23 50 20 88 60 11 91
15 23 49 89 42 86 98 94
85 71 76 60 46 96 85 32
58 92 84 49 61 88 35 17
92 85 98 48 38 14 29 76
76 89 71 58 17 10 64 61
96 31 54 66 80 68 69 69
77 23 77 45 76 74 27 93
34 30 73 64 66 44 73 97
26 81 99 80 82 11 91 48
30 34 98 80 51 45 42 90
28 74 44 18 34 80 53 93
100 59 12 66 79 66 34 31
76 68 44 99 24 83 97 19
100 70 88 84 21 13 97 26
57 37 91 93 82 43 20 38
98 43 44 28 59 34 79 64
97 75 12 69 29 99 65 84
27 88 40 14 40 85 87 95
83 41 51 38 14 51 59 51
33 21 13 39 59 50 57 91
98 95 67 88 20 55 43 18
69 78 11 31 34 92 81 22
77 74 16 65 29 74 85 27
63 74 98 16 60 66 25 100
18 79 23 50 61 89 62 77
43 86 71 36 28 90 62 66
43 16 85 35 52 12 34 86
81 97 21 86 65 52 54 100
16 96 64 31 33 40 37 59
51 86 52 50 48 96 14 34
51 73 65 48 20 64 42 69
94 77 78 22 84 66 59 72
45 92 19 37 76 85 70 63
90 39 28 46 76 97 71 13
39 65 44 88 32 53 69 88
34 87 90 29 15 22 51 27
35 94 53 59 23 51 41 29
83 48 75 19 71 35 16 57
29 38 50 84 98 41 89 17
78 10 17 90 88 67 94 84
22 83 56 35 100 96 60 99
69 75 55 97 47 84 64 84
84 81 53 40 43 91 37 31
94 63 80 13 43 71 51 95
19 61 39 76 11 100 30 13
83 50 23 14 17 18 72 47
39 22 42 23 61 13 55 60
17 40 60 56 64 96 86 84
75 99 45 87 42 25 45 34
72 70 50 98 76 55 10 55
89 90 54 41 92 59 49 79
36 44 81 13 17 17 18 81
85 14 48 86 100 19 62 74
21 35 35 100 58 49 49 19
23 69 38 56 64 80 18 100
18 58 58 20 53 53 38 37
98 29 91 25 76 12 19 35
97 40 89 64 40 58 25 93
65 32 58 79 81 91 99 23
54 49 30 94 85 91 21 79
62 38 74 68 26 37 92 25
81 10 13 33 66 24 99 48
89 67 62 44 12 13 79 92
87 28 33 89 52 33 49 83
39 26 50 42 100 39 23 38
70 46 43 30 86 58 79 48
36 92 26 65 28 40 39 34
79 53 11 21 28 18 22 73
52 60 67 90 68 89 22 30
64 60 42 17 56 11 53 63
31 80 18 34 28 39 33 68
67 83 14 24 50 20 71 22
72 76 35 73 25 53 93 27
47 46 91 89 64 95 27 77
70 87 90 84 32 64 66 63
76 41 56 13 59 40 21 52
55 99 39 100 43 46 92 71
78 19 49 57 57 49 38 41
41 12 31 50 59 78 14 21
87 76 62 81 45 24 79 69
21 47 75 49 51 82 46 46
74 50 23 25 55 60 27 94
89 75 60 51 69 36 42 11
42 43 54 50 49 71 98 99
48 11 29 37 57 74 23 39
59 26 45 80 98 41 75 95
47 75 11 19 99 48 18 96
31 47 68 21 17 44 52 50
41 73 44 63 90 86 85 32
37 65 61 98 74 51 85 57
81 77 64 12 43 93 96 43
84 92 55 90 40 17 10 39
89 81 23 10 98 50 66 89
58 62 55 79 88 75 46 99
95 73 90 89 42 81 72 81
49 88 53 81 24 24 72 85
33 10 69 50 20 40 61 32
98 20 10 78 36 68 95 68
52 29 13 11 58 84 15 75
13332 12492 10986 9910 9036 7012 6214 5128
11 66 22 60 69 97 86 65
20 27 22 75 30 34 40 99
34 17 60 31 39 14 32 23
19 51 18 78 18 25 24 22
42 49 80 94 91 91 40 63
34 89 59 53 63 31 61 86
93 57 87 72 32 55 67 73
20 82 32 73 10 94 71 53
71 84 41 47 99 10 65 24
59 90 33 18 99 89 39 10
71 88 59 34 53 43 93 30
74 58 22 23 34 27 58 23
30 31 56 67 91 52 77 50
40 97 57 72 73 84 52 97
55 16 67 100 57 74 89 14
84 49 12 80 96 97 34 30
13 41 22 64 63 88 18 67
38 95 10 12 70 100 70 83
46 10 58 95 67 80 48 72
86 94 79 33 28 40 96 75
85 94 59 63 21 80 36 25
95 10 80 67 88 48 88 81
49 66 99 19 61 11 21 29
14 53 42 61 15 81 60 72
22 20 69 40 37 26 68 28
69 68 94 83 27 46 70 44
42 31 38 10 37 87 45 100
83 71 19 48 26 62 31 94
50 63 82 97 61 83 66 14
13 31 70 42 73 55 41 33
94 61 61 93 22 21 57 13
47 21 56 89 14 86 45 11
95 66 11 56 71 51 97 62
96 24 37 26 66 36 99 46
21 52 29 31 27 29 88 37
54 24 95 10 12 95 74 61
17 13 17 43 15 18 77 68
56 18 39 40 69 93 96 71
84 77 43 75 62 99 90 80
98 67 44 31 69 79 70 57
94 65 85 12 76 13 21 84
48 28 43 99 46 45 33 80
49 14 37 17 97 93 76 29
45 54 24 69 38 40 21 98
15 51 33 35 31 44 57 82
28 20 44 48 88 89 23 12
54 70 16 75 81 11 95 27
93 48 32 88 75 95 66 49
24 67 16 10 41 43 61 14
49 41 57 49 73 53 40 79
56 78 20 98 90 76 66 17
75 98 62 84 82 99 31 81
58 60 94 18 71 74 77 23
84 45 11 48 44 31 53 18
11 45 82 26 78 15 82 51
57 52 94 29 60 12 80 34
46 73 60 89 41 100 85 20
89 33 57 33 91 32 39 98
15 83 59 11 63 23 53 29
67 99 34 72 33 78 28 55
95 30 17 83 64 97 25 57
12 20 45 79 21 30 62 99
27 14 66 61 46 81 25 62
92 93 47 43 85 11 78 45
87 46 42 47 64 91 48 71
18 56 11 66 39 69 33 30
18 79 55 40 96 87 98 13
73 76 41 51 57 76 52 97
57 89 90 75 57 69 34 26
82 58 21 98 44 57 96 43
99 74 20 16 91 68 31 34
62 50 66 12 24 58 67 50
66 20 84 48 47 43 84 56
81 17 77 58 35 21 98 77
61 50 62 30 77 25 18 46
65 40 40 77 56 79 72 79
86 65 82 60 53 40 78 35
95 94 28 77 98 43 81 31
47 91 100 73 61 46 45 39
24 15 56 43 31 12 44 82
83 50 62 80 29 61 24 46
66 26 86 85 12 50 69 88
48 29 40 17 63 34 40 41
62 87 86 67 40 67 55 70
10 31 10 96 22 59 10 95
88 24 25 41 23 88 39 81
50 95 50 66 81 17 25 28
75 65 14 30 66 95 41 65
62 44 84 67 61 25 88 44
16 78 23 69 87 66 81 40
18 41 50 62 63 46 73 31
38 90 43 36 62 89 61 53
65 45 17 19 43 82 81 22
13 81 66 12 26 71 79 44
52 95 64 89 82 26 93 59
59 68 53 27 18 16 40 51
16 82 63 25 17 68 79 47
45 75 81 37 52 37 100 30
44 73 75 43 72 19 34 97
35 87 56 20 62 18 35 82
13792 12419 10776 9864 9427 8036 6650 5143
42 86 37 39 58 86 72 34
82 71 26 26 68 27 85 68
15 42 66 33 15 39 92 42
79 61 92 70 78 35 17 13
81 58 14 94 99 62 83 53
46 80 84 62 59 35 20 29
89 80 60 22 55 97 25 10
67 24 97 65 23 63 32 38
21 60 72 50 91 19 47 70
46 22 75 71 37 26 62 88
10 15 49 87 95 48 53 10
23 25 35 46 50 41 19 51
37 42 73 53 74 52 55 42
19 61 11 50 48 15 53 83
49 25 20 30 57 50 27 90
34 49 62 20 23 46 88 21
85 68 92 94 25 81 40 12
19 32 43 17 13 16 32 70
91 89 81 29 50 86 64 63
10 73 34 57 46 46 72 52
20 91 89 14 60 56 70 22
37 66 15 85 32 83 17 67
26 39 79 67 98 78 69 56
39 53 16 32 43 31 14 62
17 63 100 80 33 28 97 71
10 85 14 34 43 23 60 22
24 18 61 35 98 50 43 86
10 31 82 91 85 64 40 98
54 52 29 16 18 61 74 56
63 28 37 47 97 33 63 93
32 44 32 99 43 21 99 62
90 79 30 89 53 84 73 53
24 32 63 78 47 73 22 43
87 90 62 78 27 90 30 93
47 12 15 86 97 83 74 58
56 48 54 14 63 86 30 100
11 77 96 39 32 58 58 19
38 97 82 20 72 15 47 29
47 85 96 45 81 91 92 42
70 64 15 38 95 55 43 17
85 95 33 72 70 65 15 44
59 30 13 29 74 36 32 65
52 19 21 94 76 50 64 16
70 84 97 30 46 22 40 63
87 79 17 25 46 39 98 63
64 100 34 38 47 91 78 21
64 52 17 58 97 89 42 58
97 97 70 84 19 90 34 49
72 90 23 61 29 57 96 93
70 56 11 42 44 84 63 63
10 66 28 68 76 94 33 91
79 46 75 45 80 46 98 72
52 79 40 76 41 41 69 80
47 39 74 31 94 65 27 54
27 53 80 25 26 68 25 51
10 57 38 44 36 88 57 44
81 90 71 72 80 14 16 71
47 25 84 52 15 34 19 60
46 43 85 89 55 97 62 87
69 88 55 27 93 64 30 82
34 88 92 22 89 21 97 54
11 78 48 69 82 61 51 76
46 63 85 71 79 77 79 68
52 46 45 91 82 91 51 42
31 55 38 87 46 58 68 10
66 40 96 91 25 94 11 79
68 14 53 92 97 12 58 34
31 42 52 55 91 43 18 80
69 96 98 40 38 39 46 90
87 92 62 46 25 50 10 47
12 49 48 67 12 72 72 40
53 43 100 79 21 23 16 98
23 27 39 78 61 20 63 10
10 22 30 55 29 38 59 20
44 48 12 47 22 44 45 11
43 10 31 52 62 42 38 74
84 12 85 52 94 13 54 76
93 31 25 77 83 25 82 53
27 72 74 57 52 85 98 90
32 29 86 28 69 33 17 64
43 47 100 60 64 28 97 30
59 93 83 24 75 34 90 19
39 96 41 80 20 74 81 15
58 29 27 78 48 21 48 68
82 76 22 99 67 87 20 22
82 16 37 21 53 70 46 51
56 67 27 44 64 19 86 28
53 11 96 43 76 20 22 93
86 95 62 24 86 12 69 12
89 31 86 84 86 87 14 57
48 10 78 42 65 71 12 74
96 34 16 71 50 44 41 82
88 33 41 95 40 30 60 41
100 46 60 54 77 39 25 88
80 60 15 14 77 25 92 89
46 69 66 93 92 21 40 64
83 91 49 12 13 21 100 88
97 97 51 24 76 28 77 10
39 76 84 15 40 17 95 68
77 17 76 16 42 20 95 25
13941 12873 11267 10384 8260 7774 6048 5205
64 34 86 10 76 62 15 21
63 41 16 78 33 45 29 87
83 67 42 51 44 73 34 22
90 40 97 96 14 57 97 63
83 71 66 47 46 41 32 83
74 66 33 44 56 21 75 20
20 16 91 69 34 55 93 38
27 76 51 87 85 59 71 99
38 65 40 70 20 13 48 89
32 29 19 96 70 21 21 11
69 36 27 71 86 47 90 56
45 19 39 20 38 81 42 69
39 41 59 13 21 89 100 37
62 70 57 43 35 95 68 86
87 86 71 51 76 94 12 83
74 51 70 23 63 64 56 99
72 80 37 63 30 68 78 35
44 45 53 75 26 23 56 59
41 37 73 53 17 38 23 42
73 66 25 54 84 71 68 74
69 56 39 19 93 52 81 43
66 44 25 43 28 22 69 70
38 23 73 66 75 76 18 90
31 76 83 80 58 45 60 71
84 84 12 20 86 99 43 71
23 41 87 78 65 58 46 88
94 43 51 96 26 24 70 82
67 62 50 13 79 90 12 76
93 28 13 89 92 79 11 67
19 23 89 100 11 35 100 23
74 59 64 47 75 78 31 25
28 61 61 67 63 91 92 61
76 89 42 78 29 29 22 68
91 21 40 23 100 91 68 55
36 44 61 57 83 26 25 19
61 97 55 88 80 80 59 19
30 43 47 93 18 87 42 62
21 75 15 18 21 37 84 27
10 79 31 75 89 66 88 77
19 34 75 42 19 62 69 68
14 18 66 20 95 62 35 37
16 81 83 88 72 80 58 72
25 68 35 96 97 62 24 88
45 59 42 21 63 79 83 67
47 34 38 54 77 71 19 100
65 45 36 59 70 80 75 100
36 28 24 99 36 46 26 56
100 77 74 60 42 25 22 11
69 66 89 82 53 31 30 60
19 28 53 69 17 18 71 52
65 46 96 31 53 34 41 31
71 33 27 17 33 88 42 87
23 20 14 10 40 85 64 42
25 12 16 30 42 61 75 43
86 10 10 35 25 46 22 51
19 24 69 84 45 66 65 22
83 29 38 83 69 76 47 89
69 18 79 32 44 64 94 64
13 67 77 75 27 23 22 22
46 77 89 32 69 26 76 41
83 12 56 68 10 66 72 41
59 46 22 14 20 48 62 15
32 22 27 72 93 82 72 95
42 85 35 84 58 38 34 63
15 92 93 72 36 81 70 60
66 50 32 93 52 23 81 42
26 80 28 93 16 83 80 17
80 81 12 45 59 38 23 11
56 96 89 99 42 56 35 63
52 39 58 91 68 19 81 21
28 49 38 77 42 40 87 84
96 92 48 81 65 50 51 46
79 97 35 63 60 42 77 41
69 67 17 11 63 81 84 16
79 63 70 33 96 10 53 96
58 41 19 24 87 20 10 35
75 74 57 52 65 11 44 37
72 17 42 97 54 96 24 75
37 51 39 84 58 78 39 42
17 90 51 90 33 98 89 82
53 27 92 70 48 29 65 41
97 96 16 81 45 24 84 62
18 19 72 13 43 56 12 68
25 49 30 55 16 58 68 81
85 49 15 58 67 75 24 81
98 43 86 12 67 77 18 23
78 62 10 31 40 82 10 68
82 48 52 64 100 40 22 35
20 57 18 19 50 14 50 59
83 53 90 94 46 49 12 58
55 81 63 68 25 14 62 70
79 12 34 17 47 19 75 62
81 60 65 74 10 100 77 42
84 85 81 19 62 36 30 45
96 30 87 61 18 22 28 67
29 40 81 48 24 41 69 50
26 18 63 88 66 23 26 35
88 70 36 55 70 69 43 24
55 83 10 83 15 22 29 64
46 10 16 30 94 17 31 16
13455 11519 10813 10338 8639 7402 6909 5746
52 35 18 30 33 13 95 70
80 19 18 45 33 23 11 32
25 69 76 74 49 24 62 79
51 77 88 24 42 34 69 78
39 70 25 61 53 31 82 94
49 33 51 13 85 79 10 22
51 94 49 74 47 15 34 10
93 19 64 18 65 77 92 32
88 20 82 42 90 16 91 44
58 28 41 28 68 42 63 82
13 77 69 17 23 43 91 36
26 48 49 40 88 81 65 26
25 27 50 16 70 94 23 35
74 88 81 95 18 63 25 18
29 82 19 37 66 61 17 39
83 32 21 33 32 86 52 23
19 24 97 83 15 98 86 95
44 37 65 57 35 16 74 19
63 26 78 39 55 89 43 31
88 65 67 19 25 100 94 96
93 49 92 21 12 48 94 30
55 18 48 79 50 31 22 81
84 91 55 74 38 83 26 15
64 18 45 73 12 64 15 23
88 80 46 38 65 87 69 67
91 51 58 14 32 55 85 15
64 93 91 25 93 88 56 43
93 17 11 51 69 23 77 41
95 51 41 49 42 33 48 96
23 42 75 12 62 12 44 42
12 67 98 28 67 74 86 49
65 57 40 83 51 17 22 43
55 16 62 55 18 100 35 41
66 16 84 32 52 55 28 89
45 49 52 10 81 45 72 95
97 11 83 15 57 42 63 75
13 38 44 89 14 42 79 91
23 83 25 13 27 41 20 19
83 59 63 99 99 80 36 19
87 20 60 47 26 65 15 60
79 12 67 60 47 16 16 48
82 51 51 46 84 32 55 62
63 89 57 32 14 67 34 39
17 80 49 76 82 77 12 44
90 26 16 15 78 17 71 21
33 23 14 22 97 73 49 73
74 15 96 63 69 39 89 67
23 59 100 64 71 10 19 71
42 57 13 66 37 97 25 62
67 21 91 69 61 61 73 99
31 54 68 58 16 11 32 39
88 71 19 89 46 90 24 32
62 28 89 12 26 88 22 59
94 50 75 60 83 43 80 38
73 55 66 63 99 12 26 49
45 73 43 86 90 58 31 55
34 11 18 62 95 28 35 25
59 98 98 57 79 26 60 34
25 26 68 54 18 54 94 98
67 59 62 25 45 33 81 89
74 25 45 63 69 18 24 67
54 18 53 96 82 15 98 59
37 36 73 38 84 74 27 10
88 74 22 34 32 25 71 79
80 88 44 11 24 76 53 29
24 29 97 71 52 51 18 79
58 99 96 55 97 45 87 96
88 78 89 31 33 89 92 21
42 12 83 28 57 96 39 58
20 44 51 50 53 13 86 98
18 19 93 59 44 19 30 80
79 33 23 95 89 82 58 76
99 72 61 15 43 81 39 64
21 64 74 47 56 77 65 66
34 92 51 39 71 16 72 87
47 91 32 91 47 75 39 18
74 38 23 37 38 26 44 82
18 96 33 31 25 24 14 95
23 59 80 89 56 26 20 33
65 79 12 55 76 42 54 95
38 98 18 62 91 88 70 58
73 28 19 87 65 65 12 84
84 85 58 88 21 32 72 95
72 96 79 99 99 19 43 59
37 43 77 78 74 42 94 45
26 74 50 51 76 53 21 91
60 80 96 28 48 31 67 31
11 17 75 42 82 40 14 75
92 23 94 26 79 72 19 89
93 70 30 23 63 42 71 87
98 19 48 70 20 69 21 86
33 94 12 26 39 94 30 13
96 75 53 34 100 90 14 51
60 69 83 28 62 88 16 23
43 67 45 92 91 92 53 66
76 74 31 73 47 36 82 69
45 98 22 56 36 29 99 39
30 10 75 73 60 62 78 82
72 38 22 77 28 57 94 20
48 12 73 10 46 87 56 86
13253 11602 10925 10219 8393 7966 5991 5814
43 82 77 20 42 41 18 48
39 62 10 39 71 69 63 40
37 89 28 45 37 69 39 50
72 44 62 17 50 16 64 23
38 12 97 38 32 13 36 50
67 55 48 26 100 42 11 96
56 19 75 78 96 73 92 17
72 63 57 71 47 78 47 76
80 69 52 52 94 26 38 36
85 57 56 95 27 63 72 74
35 41 60 70 33 21 45 33
57 64 10 65 73 61 38 53
66 31 62 61 81 33 95 64
49 25 94 52 14 56 54 78
48 12 80 23 21 93 59 81
14 71 41 18 96 66 13 88
70 11 16 41 94 53 83 91
41 41 74 81 18 95 23 29
21 100 24 78 70 50 84 14
59 98 57 96 78 59 16 17
68 49 99 58 93 47 16 74
23 77 66 12 64 61 20 83
75 12 16 17 65 94 88 67
69 14 40 15 93 93 89 54
15 26 98 60 89 90 72 81
72 74 19 80 35 20 73 55
28 97 84 53 16 29 20 34
78 62 29 27 80 17 75 94
22 25 81 84 22 96 67 83
100 69 90 30 87 67 100 82
28 32 72 97 74 75 80 31
37 26 65 45 82 53 92 18
51 54 75 22 49 40 23 13
20 73 93 88 30 47 11 74
76 98 16 80 64 52 59 19
58 86 43 100 62 49 97 73
20 60 57 56 63 57 58 43
45 18 72 28 86 87 11 88
86 82 43 46 75 50 24 70
14 23 91 49 90 58 17 56
71 35 18 63 92 72 97 29
31 32 97 14 64 45 63 37
18 68 86 57 95 64 43 57
65 74 56 94 57 100 16 79
89 49 47 70 37 61 90 28
46 88 44 73 85 54 81 19
20 10 26 100 21 48 62 79
71 20 75 34 83 44 78 75
91 68 91 72 15 79 72 28
16 28 20 14 56 21 86 46
89 47 46 17 55 55 75 49
35 89 24 62 82 64 77 19
77 71 98 86 96 52 82 82
64 42 25 46 74 80 25 56
35 28 21 20 20 39 79 73
77 83 12 61 16 22 30 37
27 63 54 90 72 29 12 83
39 85 19 91 63 88 90 18
12 27 28 89 64 24 18 72
18 92 83 50 14 93 22 31
65 17 10 75 65 28 90 55
59 45 55 94 11 23 35 98
71 97 27 86 18 11 66 50
96 76 18 12 82 50 17 11
32 60 74 66 15 41 88 84
46 58 98 14 11 68 77 41
98 46 55 33 65 70 29 55
97 65 92 36 99 69 14 20
62 74 78 36 57 52 64 66
16 47 94 37 35 27 21 22
41 100 67 51 43 44 21 68
47 62 14 37 19 67 72 41
19 74 76 51 38 67 76 91
91 49 43 45 60 70 31 44
71 23 72 59 13 24 14 74
31 62 25 63 34 18 28 15
34 14 68 17 93 72 22 66
14 64 83 60 67 72 77 26
61 62 48 91 51 60 23 95
66 81 11 10 70 80 29 93
27 62 12 90 36 54 78 64
46 99 59 78 22 87 95 76
89 35 23 90 79 88 25 76
39 49 14 19 67 68 81 64
79 71 69 52 40 11 34 81
36 42 14 13 28 91 99 21
17 91 74 55 68 95 84 44
26 51 60 70 93 41 69 64
19 93 17 65 79 25 81 93
75 72 77 42 32 23 48 80
51 98 34 75 88 25 71 31
61 58 35 38 45 75 44 99
79 44 35 31 32 71 71 19
89 58 60 10 39 24 82 28
66 78 28 14 77 19 69 98
64 49 38 46 96 11 83 10
65 19 13 14 56 84 21 40
87 46 67 19 42 88 71 86
98 50 10 75 84 18 11 22
92 29 84 100 51 43 92 32
13650 12241 10324 10195 8448 7564 6050 5072
65 95 27 90 37 26 70 81
33 38 37 15 11 14 92 28
66 49 86 99 39 99 77 28
16 32 28 72 88 75 58 33
14 71 76 67 28 52 75 96
16 56 40 66 35 97 93 38
65 35 87 39 100 35 23 24
78 48 80 73 85 75 98 40
33 26 44 15 95 33 65 32
18 54 33 20 66 54 54 58
96 45 31 64 31 35 71 84
54 80 50 99 23 33 90 96
62 13 87 68 63 74 39 28
71 37 70 40 71 21 62 89
27 39 39 73 45 64 83 73
22 18 83 77 97 85 50 79
29 27 52 99 85 31 20 41
15 30 91 66 18 42 26 93
36 95 94 71 59 54 25 20
85 22 61 93 15 89 37 36
13 99 21 83 29 12 16 70
64 69 26 62 49 37 37 79
49 40 77 65 93 21 92 21
25 33 22 44 77 86 47 62
34 34 59 55 39 35 31 55
38 94 81 86 53 70 82 82
50 69 46 42 82 33 78 95
60 98 17 15 62 29 14 73
21 45 29 44 82 35 18 50
30 91 29 89 32 25 48 71
24 63 11 42 11 88 78 17
52 31 37 40 37 17 31 94
97 91 89 25 42 58 48 72
57 34 26 87 46 88 25 84
66 83 57 86 14 47 21 87
83 51 80 16 87 28 68 96
30 68 60 26 50 61 41 68
49 78 60 98 93 18 31 62
14 97 78 37 54 67 36 74
98 89 50 52 13 74 65 37
36 45 87 95 82 59 80 34
51 22 33 16 76 55 49 100
77 84 30 57 67 40 82 94
71 62 21 33 32 96 69 55
86 80 52 64 39 46 61 31
98 20 94 15 72 30 46 17
61 27 75 55 37 59 92 22
85 100 54 74 64 31 35 71
30 97 24 77 40 39 94 50
29 69 29 61 77 50 69 93
95 34 49 76 86 58 87 55
63 50 15 15 21 34 97 64
27 97 44 62 28 81 100 67
13 33 56 61 46 45 26 66
11 36 36 26 41 12 81 43
20 13 87 79 79 97 53 90
34 33 30 29 85 48 90 48
14 55 21 58 49 93 75 73
48 19 87 30 76 78 27 73
39 44 31 84 47 86 52 27
10 27 41 50 34 45 33 41
51 77 86 37 60 81 31 20
85 33 52 50 97 91 19 69
73 40 65 38 84 37 43 11
73 27 28 81 18 32 20 37
20 12 92 13 30 84 84 55
48 37 92 30 24 10 79 38
38 72 50 73 58 84 82 74
20 51 71 37 18 65 38 78
44 34 88 49 76 88 61 21
40 56 87 70 49 72 30 19
68 31 51 54 43 78 90 46
100 44 68 13 26 88 50 90
58 55 36 44 67 80 87 55
67 82 58 22 56 29 78 46
43 26 50 24 63 82 18 79
76 74 76 93 22 67 69 91
40 24 49 91 27 71 79 35
70 57 54 13 11 66 81 12
50 48 61 27 93 36 75 39
82 14 47 58 95 83 15 16
64 56 85 22 44 100 66 38
16 40 60 29 63 17 42 57
99 67 63 18 72 92 71 55
93 81 94 42 34 55 70 44
97 90 94 24 23 35 85 69
97 39 54 45 11 52 18 45
57 49 67 70 17 44 46 56
91 45 66 45 58 19 42 41
14 52 97 52 80 20 19 96
33 93 21 77 79 28 88 57
72 25 37 37 36 21 38 74
95 99 21 57 41 34 26 72
66 10 34 59 81 79 67 67
87 19 69 47 75 54 35 59
63 82 35 21 48 16 10 63
54 62 12 67 35 49 82 21
54 44 12 92 90 52 34 85
82 56 29 59 21 79 49 48
30 31 47 66 99 31 35 85
12368 11548 10557 9141 8991 7506 6659 5050
58 79 62 76 92 36 41 95
47 70 54 82 78 80 16 58
81 89 78 68 89 42 50 27
42 94 69 50 36 87 52 23
93 65 14 20 11 63 89 96
47 37 57 94 21 33 55 33
32 56 47 94 81 34 44 89
79 44 59 66 65 70 81 57
88 20 26 44 12 42 74 73
51 73 57 13 97 54 97 58
13 34 93 99 73 37 13 18
94 11 100 93 93 22 52 81
28 84 51 31 71 59 72 68
13 26 50 58 29 26 85 86
32 34 30 79 10 41 29 18
79 21 74 75 13 100 99 59
75 25 64 89 68 81 16 91
74 81 92 21 26 15 87 92
58 28 23 88 82 16 67 80
46 29 45 37 33 41 96 86
50 62 65 80 82 15 29 94
20 81 68 44 52 13 14 37
46 80 81 93 16 99 34 63
26 36 17 20 51 58 92 90
35 50 32 51 100 80 21 78
69 33 77 55 48 49 22 58
51 87 100 56 85 34 63 76
18 16 93 90 73 62 83 56
31 50 72 55 28 24 35 58
69 33 32 50 28 16 57 99
35 74 70 99 34 75 90 10
67 39 54 34 17 61 61 70
45 57 66 14 18 85 79 30
26 78 93 50 38 11 38 75
90 27 33 86 34 62 28 90
95 39 78 20 53 97 35 30
61 80 16 33 65 74 35 16
94 90 19 94 23 34 24 12
45 39 46 46 66 99 59 25
71 74 30 42 17 40 82 56
63 28 74 27 65 23 24 95
43 64 80 55 88 40 57 39
94 70 39 28 48 35 39 85
61 21 76 37 85 97 49 68
63 38 99 49 73 11 77 26
76 30 99 50 66 31 83 31
75 68 64 89 77 27 58 77
70 37 43 41 71 14 46 18
96 76 40 34 56 25 91 100
90 24 62 83 64 62 28 42
51 59 86 23 83 83 70 12
41 94 27 45 97 24 45 56
40 39 98 25 20 15 68 98
72 85 70 26 35 51 36 21
24 37 22 48 27 94 25 22
95 66 90 53 85 53 34 10
25 56 60 10 38 35 60 41
90 82 28 25 70 62 90 81
76 71 33 90 60 15 81 90
47 62 53 74 93 92 67 52
86 53 78 18 38 30 89 63
45 84 62 90 92 30 16 20
23 33 46 30 58 68 29 51
31 37 20 32 16 16 61 92
97 29 61 68 95 52 14 94
57 65 98 56 28 39 97 52
24 45 58 12 89 97 58 66
10 87 94 65 33 78 84 11
70 37 44 57 93 67 95 76
60 16 58 73 44 48 55 76
84 48 52 66 24 32 80 50
69 93 86 65 70 94 24 56
60 65 93 93 12 93 25 53
39 18 36 37 57 36 63 70
23 57 43 32 60 57 52 83
72 29 36 87 70 65 14 68
49 25 17 65 14 23 40 19
49 19 81 25 76 90 99 59
50 78 90 85 69 31 61 77
60 90 97 46 37 10 20 39
37 11 81 96 11 48 86 66
54 75 43 43 77 27 20 95
91 44 49 97 92 22 32 23
86 45 14 85 95 43 39 75
80 34 72 46 56 54 33 81
59 57 32 50 36 89 63 23
57 69 15 42 41 100 58 88
19 77 31 10 20 71 67 94
96 31 14 44 72 82 66 70
70 95 90 72 73 74 85 84
71 70 100 96 67 21 77 96
25 52 44 98 10 52 19 50
53 67 74 57 44 18 86 32
59 25 50 35 66 52 43 62
77 63 82 97 10 18 41 93
39 96 92 79 91 74 43 100
77 34 23 91 28 93 86 29
42 77 59 74 33 73 84 57
59 92 15 33 74 88 61 75
95 47 35 100 52 23 16 51
