10 50 3
1 3 1
13 32 50
8157 7667 6460
16 73 22
44 95 58
76 20 65
70 56 12
44 28 24
10 62 96
21 24 22
44 70 14
64 60 61
27 71 86
78 32 44
63 74 75
85 54 16
99 87 29
84 23 20
83 30 74
81 96 94
99 79 72
96 93 38
63 29 53
89 49 55
30 39 98
48 47 44
67 23 68
35 14 15
64 93 96
44 80 44
90 33 81
19 86 68
39 83 81
41 11 23
46 49 99
35 69 73
64 65 27
45 10 91
49 17 100
18 35 93
60 16 77
78 51 87
39 68 30
31 18 53
46 23 92
69 18 64
76 100 55
97 48 21
35 78 42
95 36 13
50 81 92
70 39 38
74 90 18
8961 7826 6243
57 28 24
19 82 55
74 84 27
46 54 17
86 97 28
86 85 15
75 48 22
56 99 34
21 27 89
77 66 62
53 83 66
86 35 19
10 38 91
81 58 26
88 86 67
77 22 56
52 65 11
57 41 90
14 26 31
49 59 41
24 32 95
63 47 31
24 35 92
41 61 53
67 29 45
36 53 17
16 90 95
98 45 14
54 92 23
71 28 11
11 81 37
96 86 84
24 67 50
48 21 43
35 34 53
33 50 68
30 86 47
40 65 93
14 61 67
55 61 53
18 91 92
23 44 87
18 40 67
25 10 46
94 73 90
96 65 79
10 37 68
41 72 59
41 91 79
57 43 44
8804 7022 6326
88 34 32
82 58 84
67 29 48
35 66 68
40 32 36
47 91 19
64 99 14
65 38 85
16 80 48
11 18 81
69 14 29
94 46 34
85 73 15
19 13 20
66 25 51
49 37 58
61 61 95
69 81 68
30 74 95
43 44 99
22 62 49
77 40 97
51 96 80
99 16 70
13 65 71
87 100 97
90 92 78
20 44 35
88 88 74
72 64 47
19 71 24
87 93 76
82 41 25
99 85 12
21 24 66
11 67 80
56 17 86
50 30 50
12 30 61
67 19 17
66 93 15
20 54 86
72 59 84
16 34 34
89 20 36
32 98 18
77 52 11
66 61 43
61 41 49
76 49 57
8303 7538 5513
80 16 100
58 30 20
69 75 50
50 76 98
53 80 87
54 18 40
24 67 90
62 16 17
41 37 51
95 80 67
72 50 77
70 32 17
90 55 29
96 86 94
67 30 74
87 51 98
94 72 84
42 29 93
15 21 34
66 60 68
14 88 14
12 86 94
10 90 75
54 60 66
53 56 43
97 36 65
16 86 27
87 12 24
85 12 89
96 95 38
32 38 61
34 52 54
53 70 93
27 16 57
14 75 69
90 51 22
49 42 88
32 15 16
16 35 67
16 82 53
96 16 73
42 70 33
17 58 83
39 41 32
57 34 29
76 91 14
45 61 16
38 61 30
25 44 41
87 71 33
9699 7319 6469
76 24 87
71 19 90
65 82 57
55 76 70
36 47 49
29 45 63
80 10 100
66 51 21
98 56 70
63 53 22
39 26 50
43 89 34
10 88 34
87 80 27
69 84 51
93 62 85
66 13 31
80 24 21
37 52 68
65 41 87
90 43 27
54 22 22
68 45 88
52 66 66
65 43 91
32 82 20
81 24 42
39 41 71
75 66 91
41 90 54
60 82 62
64 88 23
40 53 87
56 36 76
92 80 47
37 33 82
23 75 56
83 82 59
84 92 80
67 52 14
79 18 60
19 82 58
66 83 52
63 86 33
52 51 54
29 80 13
15 67 32
57 91 17
67 49 33
17 76 78
9132 7157 5917
49 28 72
77 99 62
36 83 83
18 61 27
33 59 14
67 97 64
93 74 89
95 65 65
45 64 100
70 97 84
38 41 85
36 22 39
25 75 85
34 70 49
92 16 22
76 70 27
21 93 46
50 12 10
30 34 57
46 15 53
41 49 40
59 95 53
77 93 38
25 60 69
95 51 37
11 10 55
89 57 17
71 98 51
84 99 73
18 71 95
57 71 90
88 35 37
85 45 44
74 94 49
44 31 49
39 76 68
87 27 94
55 74 15
71 76 46
70 59 82
48 73 48
30 18 23
83 22 91
99 35 78
50 95 81
87 68 69
47 29 97
31 55 51
70 66 67
64 62 25
8629 7627 5531
55 26 45
29 84 44
78 69 76
93 75 37
79 36 10
56 82 70
56 49 75
97 85 93
92 88 50
96 23 61
67 54 86
25 97 36
77 51 71
56 55 39
48 75 19
65 28 90
73 46 41
48 29 66
52 14 75
78 74 12
87 57 53
53 70 87
49 93 15
26 47 76
90 55 63
17 44 68
21 68 78
82 35 62
62 52 32
19 11 52
47 97 70
32 98 70
18 82 70
48 89 77
74 54 95
90 49 34
17 30 31
52 40 82
93 16 83
49 94 63
48 55 14
69 81 72
92 71 81
44 93 79
41 31 37
96 43 82
51 99 58
56 81 48
39 62 83
81 87 10
8720 7020 5790
44 31 100
28 72 64
100 18 92
71 49 50
14 78 98
55 93 47
49 88 26
93 29 55
91 25 15
49 76 36
82 66 59
13 88 47
27 40 52
86 23 48
50 36 47
31 13 63
25 79 38
88 36 39
10 62 87
15 82 24
23 70 27
77 25 65
54 55 97
46 75 59
94 87 76
96 44 14
57 40 33
44 17 64
86 43 63
65 70 87
47 98 12
39 34 10
28 94 79
25 49 36
91 88 41
58 96 22
20 28 90
72 11 28
90 92 94
45 95 19
99 21 71
55 38 67
34 35 65
74 11 44
71 82 64
79 91 12
16 81 76
57 20 30
54 100 77
11 95 64
8666 7282 5241
90 92 18
94 19 39
38 17 100
68 81 16
97 70 88
73 94 83
37 21 89
30 18 38
61 59 25
67 57 20
74 50 76
21 93 53
16 37 79
67 32 10
84 50 24
94 57 32
31 22 43
19 12 54
93 92 78
50 15 80
15 35 80
85 49 55
67 65 99
64 83 23
24 33 94
44 33 36
24 35 89
67 88 93
44 66 17
94 61 22
31 26 88
86 94 64
57 11 81
63 68 23
44 84 86
11 98 21
64 39 79
75 50 59
92 62 95
92 20 98
45 67 39
80 40 67
78 21 70
17 71 68
69 70 12
84 90 81
42 51 37
15 17 77
43 56 27
14 81 36
9067 6894 6064
40 94 17
28 11 10
11 13 49
88 96 54
15 82 83
28 96 84
78 30 37
26 21 81
20 51 20
32 48 24
34 97 60
49 20 53
99 55 71
45 86 100
10 100 38
66 42 65
91 48 19
69 82 80
39 69 80
17 50 38
97 30 22
87 63 38
82 48 52
25 94 44
89 51 61
56 68 10
80 15 32
30 39 64
78 43 41
39 56 53
23 35 18
14 85 91
24 86 85
84 17 36
69 21 57
36 49 43
42 75 27
28 49 10
12 19 95
49 63 62
54 54 21
81 72 27
46 34 90
51 65 69
50 79 75
52 44 62
59 82 94
71 49 64
65 17 73
80 66 56
