30 250 4
1 1 1 1
110 165 208 250
27375 21695 15740 9542
71 94 52 49
80 70 69 55
16 88 38 91
17 91 82 70
78 51 50 52
50 42 11 29
33 19 82 34
14 35 22 67
93 23 72 78
52 90 13 24
13 91 58 72
42 85 46 69
21 96 62 49
50 12 51 68
51 78 31 29
52 48 91 18
32 53 18 22
95 73 42 92
63 89 75 32
76 40 98 40
15 61 43 59
98 96 55 60
60 96 38 94
27 63 18 56
98 97 48 99
14 50 54 65
97 24 96 97
18 37 24 62
91 82 14 48
24 34 66 23
57 18 31 66
62 42 24 24
15 94 93 64
95 38 78 13
83 20 55 51
45 67 10 12
44 32 42 92
77 48 93 22
52 59 15 80
94 55 19 87
97 82 31 93
24 61 98 11
30 64 58 28
48 61 92 38
24 47 30 49
36 81 21 64
85 56 45 62
85 64 49 31
88 90 21 33
35 13 49 72
29 10 55 81
28 66 78 57
99 85 52 21
94 37 59 71
78 61 33 88
12 32 32 98
32 58 40 26
60 20 35 17
77 39 20 58
32 79 71 15
98 60 94 93
81 24 35 89
17 61 92 63
82 89 41 21
65 70 81 66
44 77 85 93
32 57 93 94
18 71 24 99
42 31 63 79
48 35 65 34
33 89 74 22
27 49 17 48
77 26 34 92
73 74 95 31
19 64 30 12
83 75 25 12
74 30 28 10
20 11 18 37
47 85 96 98
65 36 26 57
11 83 73 81
85 21 24 83
45 66 52 44
28 40 47 48
71 43 14 20
91 75 23 13
71 92 49 25
48 60 53 43
67 88 51 39
95 78 84 71
67 54 44 81
50 14 71 35
84 63 45 62
24 13 42 55
24 69 29 51
14 53 64 26
58 100 48 38
74 76 38 24
37 10 78 64
44 46 17 11
56 72 10 46
32 20 13 46
38 87 86 33
91 28 63 52
52 33 62 98
74 59 77 94
93 91 65 25
47 62 23 48
69 98 19 95
43 75 14 59
93 75 91 79
77 59 37 99
73 83 75 84
33 11 88 14
37 30 52 14
48 34 20 33
24 83 98 18
78 27 92 95
43 15 60 28
39 32 95 23
24 75 65 53
29 80 70 51
62 86 39 21
84 74 76 58
25 60 86 92
65 61 82 76
82 52 20 57
12 87 100 87
41 52 31 64
83 52 86 19
46 63 81 15
98 70 42 82
55 32 27 93
26 85 94 31
75 25 26 15
90 41 85 100
98 66 57 42
95 44 61 42
13 19 97 73
40 34 86 58
50 98 13 86
91 86 16 27
92 51 42 81
37 68 82 78
81 45 24 92
80 13 89 26
83 68 25 47
93 57 38 82
61 10 66 82
86 15 51 59
31 24 58 97
37 75 69 78
69 57 50 81
31 17 13 27
27 88 46 97
91 63 41 76
17 87 29 53
96 46 75 81
40 52 30 22
59 45 28 77
92 68 28 50
61 45 53 23
92 28 94 84
59 70 41 27
58 29 87 85
25 10 60 44
47 15 55 95
26 65 25 74
14 85 59 11
17 65 81 16
80 66 16 96
11 47 93 90
74 31 87 92
36 22 91 45
81 13 33 64
61 38 88 18
73 61 12 11
91 57 97 53
97 40 92 60
64 51 88 40
23 49 97 34
78 100 44 44
22 18 45 57
20 37 28 64
80 100 49 78
83 38 69 83
35 15 73 84
17 41 74 45
42 94 23 38
41 38 57 79
54 42 64 52
86 90 83 64
40 18 54 46
51 24 16 89
50 91 93 74
83 93 92 60
85 20 22 91
17 85 76 23
20 70 46 88
19 18 19 11
99 45 27 44
24 60 25 96
87 22 50 62
63 41 40 83
39 38 95 74
52 82 52 90
27 68 82 68
17 70 100 28
12 92 31 53
45 90 24 11
35 93 39 70
63 74 77 48
53 47 63 67
18 82 60 76
80 12 75 100
19 91 11 25
64 24 52 11
78 17 16 12
20 16 25 98
42 68 85 28
57 29 40 43
75 90 33 68
70 76 25 27
58 10 18 83
85 99 17 19
12 41 10 84
82 28 82 89
82 39 51 17
96 15 60 32
77 31 79 52
16 29 68 23
71 21 60 73
66 28 98 51
57 84 34 40
26 27 48 99
64 59 83 97
50 75 32 52
31 48 50 53
26 65 81 92
95 19 99 59
30 95 78 13
87 60 96 75
71 36 75 28
77 66 26 49
75 31 11 13
48 52 10 58
25 82 24 46
72 32 11 78
54 74 38 32
40 34 87 83
24916 21100 14878 9653
35 49 60 64
48 94 37 32
92 88 57 83
49 88 73 10
45 100 30 39
76 91 93 60
56 58 84 70
69 40 55 77
55 53 45 32
98 53 87 90
24 76 87 92
73 44 65 70
69 61 24 75
68 55 46 78
45 45 41 47
92 47 26 45
91 32 79 58
81 62 63 92
96 31 58 95
97 21 32 49
23 12 79 75
34 39 90 75
81 82 25 91
20 64 73 44
48 11 98 89
42 82 34 21
64 45 83 59
41 49 79 92
86 57 26 37
70 92 93 72
47 97 41 78
53 49 23 33
92 36 72 98
37 48 73 33
66 29 77 25
79 35 23 97
55 43 89 95
60 81 67 29
80 12 73 26
92 51 33 72
31 60 69 72
95 57 60 20
76 42 80 19
53 15 77 10
51 34 80 33
89 74 65 50
95 78 33 21
47 74 85 15
38 38 64 75
12 11 78 89
57 49 50 47
53 61 65 33
83 26 100 56
67 90 22 53
93 47 13 67
67 29 16 79
36 64 12 10
71 63 44 72
24 71 75 99
64 15 77 63
47 24 54 64
52 64 28 47
40 25 40 87
91 64 28 81
70 39 42 95
57 88 28 18
82 48 77 47
28 30 36 79
33 24 26 63
56 43 95 35
64 23 47 88
15 88 53 71
57 97 57 66
95 87 77 66
40 38 79 13
56 73 68 25
20 86 59 34
65 32 43 24
86 10 73 62
71 55 84 50
46 23 49 21
66 20 33 21
98 100 42 59
73 92 11 50
39 33 89 38
65 89 67 47
44 53 49 61
92 16 58 23
10 12 39 46
39 40 45 60
10 44 54 91
82 55 14 93
62 61 81 93
25 82 22 69
70 97 62 35
20 79 31 59
95 19 75 87
25 82 80 57
66 60 73 19
67 33 38 75
58 33 28 12
56 17 24 73
95 16 21 95
59 14 24 67
44 31 23 16
36 51 95 36
44 89 25 58
37 38 78 46
15 26 12 34
97 54 38 36
50 77 96 73
45 58 93 43
94 44 85 43
61 62 56 69
73 39 28 74
49 68 95 22
77 51 29 10
73 50 45 70
75 59 74 95
57 91 45 32
42 90 98 88
31 42 60 31
83 25 11 15
12 65 14 21
15 41 11 27
27 57 34 68
89 99 39 65
54 11 43 70
29 47 18 95
55 67 77 18
38 44 74 39
95 51 99 93
76 100 65 35
54 55 69 13
30 31 84 34
84 59 56 77
40 92 49 43
31 86 71 30
17 13 29 92
39 56 61 70
79 42 60 24
43 73 37 22
52 22 100 87
87 32 63 37
100 56 80 86
68 83 31 51
87 65 31 50
11 27 59 47
31 97 79 10
33 70 90 85
46 29 41 97
69 64 96 29
52 34 59 26
26 61 83 66
52 46 40 92
72 39 97 20
53 23 12 52
21 97 31 31
29 78 30 33
25 14 97 80
51 13 83 15
69 63 17 51
39 48 74 44
15 94 16 40
73 25 37 58
31 97 15 95
88 41 78 53
72 45 37 66
74 81 93 29
74 58 82 76
47 16 66 89
47 72 39 44
39 75 43 23
51 62 25 65
11 79 97 20
87 23 62 64
65 84 45 54
56 100 59 62
81 16 50 42
35 81 55 60
14 62 43 10
60 79 63 51
91 46 41 25
77 100 48 37
58 28 94 22
87 98 64 28
82 36 26 19
64 37 22 44
75 86 91 69
23 27 81 41
13 37 61 28
92 88 25 36
18 86 11 65
98 23 68 39
51 63 53 56
73 21 93 21
63 25 52 48
45 98 87 46
79 69 45 81
76 85 59 99
72 75 68 60
80 98 83 69
73 90 53 26
73 55 73 45
57 10 31 38
17 72 33 99
14 89 27 11
19 81 28 90
44 19 76 26
64 57 66 95
20 25 81 40
38 71 89 38
33 35 11 18
34 73 82 88
32 89 54 63
39 19 72 87
42 62 43 14
35 70 29 43
65 63 44 76
13 74 72 25
48 83 61 87
34 55 93 90
96 86 21 99
27 19 44 38
86 62 60 72
77 40 20 75
66 10 56 44
52 93 84 75
68 57 98 75
62 71 88 50
44 94 85 77
39 53 80 44
45 78 39 37
77 64 35 66
69 35 36 82
89 30 83 71
100 46 59 72
90 25 47 43
47 88 49 61
25 86 59 18
73 77 92 34
61 54 73 20
95 22 69 84
60 46 49 43
72 28 20 69
19 58 93 42
34 33 80 13
26 71 36 87
32 57 11 55
14 80 66 74
23617 18629 13965 8804
67 86 27 21
99 84 79 17
80 100 41 53
12 38 54 100
94 36 73 42
36 50 97 22
86 71 59 55
43 49 26 53
15 41 57 62
60 32 65 44
98 48 76 13
22 33 56 16
84 39 45 63
24 96 72 88
42 52 94 65
80 50 96 34
67 70 81 32
41 38 88 20
53 39 27 91
40 40 25 35
80 64 63 50
62 37 26 94
71 84 88 10
83 61 39 80
38 88 34 44
67 11 93 57
73 47 71 46
56 64 21 28
93 89 36 74
18 55 24 81
75 44 33 62
62 27 54 98
22 92 80 19
36 16 91 99
49 72 89 47
18 37 13 35
45 98 40 92
87 42 75 42
84 86 63 27
35 12 75 11
78 92 85 31
91 92 78 53
89 89 54 12
86 85 17 19
93 37 69 18
67 38 67 27
46 100 39 77
43 58 14 93
74 52 59 29
67 28 65 21
67 12 71 32
40 64 47 19
50 67 24 52
38 88 67 52
10 83 35 79
75 99 77 61
52 83 46 36
35 86 88 11
18 47 13 42
69 76 89 15
55 48 35 28
40 41 65 63
92 18 85 11
55 40 72 93
75 89 17 89
73 93 43 67
59 67 89 78
94 10 65 21
54 64 84 19
87 81 55 43
75 49 86 12
63 37 57 44
67 34 95 50
78 11 13 72
13 26 93 90
39 16 86 16
51 60 10 31
51 69 13 53
43 84 43 17
14 82 84 91
75 96 24 31
22 72 99 23
92 55 83 68
55 17 23 46
13 21 67 53
55 54 20 40
70 27 64 56
63 65 85 42
78 74 80 82
27 21 92 53
83 35 13 11
78 79 10 94
93 16 89 14
42 32 35 43
19 75 21 44
24 58 66 41
55 22 100 51
75 12 93 31
52 41 86 24
14 94 50 70
19 33 94 82
48 51 32 45
13 51 89 48
37 42 24 38
92 100 83 68
48 94 48 50
39 20 42 10
30 35 57 97
60 79 31 85
87 78 52 26
43 46 81 45
35 83 58 38
45 100 43 98
60 54 11 76
37 81 73 38
12 82 27 48
26 17 41 71
33 31 100 77
52 33 37 16
14 30 49 71
31 24 47 34
11 25 98 50
24 79 98 12
68 81 38 77
57 29 88 63
56 99 22 24
55 44 49 67
49 36 70 14
21 61 30 42
85 21 60 91
13 96 48 57
24 96 29 47
37 30 97 63
44 91 27 48
40 14 54 72
65 53 26 17
22 43 13 80
81 30 12 21
45 65 13 74
42 83 50 46
85 61 82 43
94 23 61 78
25 60 21 23
38 29 46 74
11 97 25 15
31 14 49 70
46 24 27 81
98 42 12 73
90 20 80 31
100 85 30 40
83 79 47 43
58 70 91 37
83 44 99 35
89 83 87 89
42 33 15 36
71 74 91 30
64 42 13 10
34 18 76 80
41 13 80 26
80 32 26 27
12 97 81 16
63 89 44 88
24 27 33 51
19 76 75 88
92 82 56 50
31 46 46 58
100 54 61 61
63 56 57 35
11 46 91 82
68 43 56 41
62 28 33 14
18 30 38 80
31 15 88 34
86 79 59 48
21 30 76 60
30 45 31 37
77 27 97 46
59 79 43 11
17 85 88 88
16 34 53 57
39 37 10 62
95 60 84 99
63 69 73 27
95 30 33 61
24 59 100 34
25 31 38 86
91 59 21 15
27 58 10 34
21 49 12 62
55 35 85 58
83 27 57 72
54 53 30 67
43 76 79 94
31 15 36 95
81 30 36 53
58 36 14 48
100 41 55 10
57 77 70 58
75 63 53 23
42 51 82 66
76 19 93 59
86 30 83 30
100 11 86 34
64 22 95 19
63 26 13 84
74 82 60 47
87 82 31 51
83 35 60 81
72 86 60 13
93 33 23 97
28 100 88 49
96 97 88 25
79 51 48 30
67 91 74 48
88 85 22 18
89 93 20 66
27 77 69 73
36 25 50 37
30 68 90 87
42 64 38 25
69 61 13 68
16 46 91 38
52 92 100 40
11 92 79 98
18 14 18 85
26 65 40 30
28 41 54 22
90 22 28 92
95 76 33 26
29 45 63 79
90 44 96 86
27 12 30 97
51 90 12 67
59 77 31 82
73 38 85 30
66 56 38 38
97 25 44 30
62 47 44 21
64 74 22 15
40 12 30 48
20 38 98 30
30 89 21 19
47 63 72 17
50 88 96 94
79 11 12 61
50 90 89 61
81 13 93 15
100 89 83 48
87 47 74 45
37 10 89 67
26371 21535 15506 9799
61 34 46 50
93 39 19 87
79 85 44 91
47 18 42 51
94 71 29 92
12 80 16 35
64 87 99 74
75 64 14 24
76 37 46 53
92 38 36 34
89 79 16 24
52 18 63 83
87 62 44 86
24 84 12 92
42 46 66 24
41 85 18 10
91 88 39 67
91 25 55 38
61 41 70 69
91 82 36 24
40 24 19 82
53 86 16 94
78 29 90 10
75 43 51 40
69 70 96 38
48 73 58 16
67 23 66 24
61 69 77 89
79 57 58 32
72 14 50 71
40 29 18 32
24 34 64 36
58 96 96 79
32 64 27 98
74 68 50 78
73 31 54 12
61 53 78 98
67 48 37 37
91 23 66 58
97 28 24 71
77 18 40 56
16 76 38 28
70 58 36 25
66 39 62 71
17 61 64 46
14 74 85 31
35 51 11 81
92 26 46 52
14 95 33 80
30 45 54 26
36 40 66 50
47 65 70 57
60 17 27 55
92 58 22 15
98 25 63 88
12 45 85 63
13 74 33 37
63 46 32 97
14 99 79 77
15 96 69 87
96 53 81 67
91 52 48 35
28 36 53 36
19 60 27 23
100 44 67 69
67 69 10 43
44 12 67 30
24 68 47 53
31 47 78 47
83 76 67 90
85 66 11 37
52 11 13 21
66 81 51 87
16 51 76 87
65 31 65 85
63 20 61 72
49 53 35 44
63 62 53 79
37 77 81 59
72 33 33 53
41 84 37 20
79 41 54 50
26 80 39 74
12 55 64 77
82 16 82 24
79 33 90 92
89 26 45 34
23 49 81 65
78 39 46 98
54 84 85 76
100 29 49 81
71 73 63 55
92 13 65 84
19 61 81 89
81 94 65 70
91 19 86 91
62 45 25 61
59 26 43 54
65 17 78 73
66 61 14 99
29 80 51 22
77 44 34 43
84 24 23 68
10 63 36 82
93 88 32 87
34 65 91 81
69 31 65 92
40 85 45 91
64 86 39 10
27 23 15 51
84 25 36 53
13 19 97 91
11 24 60 44
25 47 34 53
75 77 23 48
47 12 10 74
25 18 41 58
30 32 43 19
39 54 14 91
77 68 30 28
86 20 43 73
32 60 56 31
35 94 36 98
86 54 58 14
65 61 76 35
99 15 73 90
54 70 82 94
19 83 52 10
59 95 32 77
42 45 19 83
71 78 95 29
70 28 99 51
50 44 84 60
85 33 75 61
40 31 40 57
60 67 30 71
81 68 79 59
78 48 91 96
59 39 20 22
42 21 71 21
60 44 36 18
79 99 41 70
95 13 40 96
27 16 23 50
32 15 25 44
99 75 23 13
71 76 77 34
56 82 57 75
46 93 33 57
46 25 70 24
75 29 33 32
36 78 40 84
25 25 35 71
18 23 58 61
77 26 13 29
56 15 100 25
28 15 43 65
83 17 90 27
29 85 39 34
13 41 99 74
89 32 78 80
61 62 15 30
81 43 56 90
93 97 74 64
84 37 51 48
50 30 58 38
54 65 60 28
79 11 75 63
98 32 43 33
78 70 70 53
66 93 55 26
26 11 21 79
31 26 97 34
97 68 44 40
21 90 100 96
28 31 13 92
43 57 74 74
80 58 75 17
40 35 67 75
28 48 31 65
38 84 72 62
89 37 75 41
95 90 19 45
94 84 43 82
96 43 94 64
63 43 45 89
33 65 54 37
12 73 94 29
100 82 98 87
83 15 74 50
28 10 66 86
84 69 34 70
64 75 99 97
64 39 18 37
57 62 64 21
87 41 70 58
10 64 72 74
32 30 37 99
19 50 25 62
67 94 13 26
52 35 28 13
16 20 57 57
94 100 38 64
26 52 15 79
41 11 10 73
83 84 66 95
95 24 68 94
49 36 17 96
55 67 12 38
80 62 54 87
98 21 82 96
10 54 34 89
41 58 68 52
23 68 25 47
79 41 49 99
79 71 17 22
89 73 67 55
83 57 62 55
66 30 22 60
88 33 64 67
55 43 53 64
71 47 22 60
56 72 13 32
39 71 96 72
64 95 25 28
32 77 85 35
21 59 83 96
80 73 99 17
26 23 70 41
65 62 74 25
80 11 27 34
93 63 14 89
51 88 50 98
30 40 65 43
24 49 89 96
20 48 30 67
29 86 53 27
69 77 79 68
97 57 44 42
70 83 70 44
41 37 56 30
58 76 36 23
44 78 77 72
59 77 21 62
91 98 42 27
100 42 72 24
68 68 55 71
56 94 20 70
33 53 58 67
39 23 50 96
27557 22205 15873 10112
52 84 56 10
58 22 16 89
49 88 51 57
83 92 71 42
61 32 69 80
57 49 75 59
44 99 59 33
31 10 78 94
11 36 49 42
45 38 64 44
86 76 43 71
90 10 65 18
10 47 21 36
76 88 35 46
50 80 99 82
19 23 25 58
51 20 36 23
21 60 18 14
91 59 26 81
57 48 10 35
23 48 61 86
18 28 12 16
24 32 11 71
53 91 79 22
92 41 24 79
63 47 82 24
31 76 40 100
25 11 44 99
33 56 10 79
75 63 83 79
43 14 88 66
34 30 67 93
30 90 86 88
100 37 10 37
57 66 21 50
88 28 48 10
84 18 86 13
33 10 99 45
94 39 68 86
48 12 41 66
24 81 19 51
71 73 84 60
35 100 19 27
62 92 32 19
90 64 72 60
51 75 29 30
29 91 86 61
37 26 69 33
13 89 82 96
47 46 68 21
45 57 82 36
91 86 88 36
48 62 73 75
93 33 88 75
25 60 59 89
75 25 19 49
85 71 46 56
62 15 84 12
20 80 55 94
31 32 46 99
57 54 22 30
94 90 64 16
73 87 24 18
29 33 43 32
91 81 83 37
50 22 74 43
60 66 92 36
70 93 78 79
86 34 82 88
24 46 19 79
41 45 15 88
88 98 27 33
55 79 51 93
69 54 23 80
19 99 18 63
60 64 43 77
47 29 27 18
16 21 14 78
59 12 65 62
48 87 13 80
89 92 78 89
73 25 35 61
17 27 56 64
33 28 96 71
44 66 86 76
50 84 46 51
88 29 97 57
45 52 55 66
20 51 23 69
34 86 63 59
44 37 12 87
76 72 20 90
38 81 52 85
80 43 69 55
30 29 41 25
59 17 12 44
38 28 61 44
87 69 15 34
99 78 78 100
57 85 63 41
61 48 63 48
66 47 63 72
33 87 85 49
93 66 73 100
60 46 74 52
35 100 17 43
14 33 24 94
34 30 71 22
28 60 36 65
91 71 83 40
90 10 32 41
79 65 67 80
69 82 40 30
88 93 50 36
80 17 24 69
78 74 82 36
69 81 68 52
38 94 32 59
61 22 29 69
35 78 58 13
64 84 65 93
43 80 52 10
45 10 76 56
85 26 48 17
63 55 55 18
14 36 12 53
18 26 56 32
18 82 61 85
49 55 52 85
23 70 43 91
10 20 43 87
32 20 23 84
89 55 24 35
50 70 34 53
17 67 82 46
10 12 59 80
95 76 18 29
89 43 38 78
25 67 76 12
71 93 75 15
51 68 46 81
28 75 98 51
34 64 72 86
14 99 43 33
84 91 74 42
27 96 16 10
94 84 37 38
24 34 53 39
17 16 59 89
14 69 22 70
95 62 53 79
60 55 81 76
98 73 58 52
75 30 50 59
11 45 89 96
63 95 98 62
68 39 21 14
99 73 91 53
10 39 88 100
23 81 48 53
12 80 19 94
73 95 59 47
62 38 92 65
20 24 70 57
83 86 74 36
75 26 33 95
95 72 43 17
60 16 22 40
69 60 41 34
16 36 31 67
89 18 26 74
60 22 38 71
64 53 18 29
48 96 16 37
85 54 22 73
91 39 18 99
14 11 10 54
53 58 11 69
61 95 79 20
87 94 36 79
19 81 24 57
94 76 98 40
69 91 76 61
85 48 23 20
48 80 98 10
77 86 31 23
73 47 16 45
80 85 29 15
34 43 90 55
29 49 66 42
56 25 89 68
12 39 49 77
33 65 28 98
62 35 46 69
71 23 40 99
30 59 34 84
93 99 45 78
51 38 29 83
66 14 78 91
58 13 33 45
43 80 44 23
98 96 59 26
43 51 28 78
60 36 42 23
82 64 53 20
98 30 28 28
70 29 60 40
50 43 95 92
97 27 24 62
94 91 96 20
34 23 41 13
11 41 35 62
39 33 77 92
35 11 22 69
38 64 74 99
49 15 75 14
60 84 16 78
24 55 100 87
66 60 48 29
38 93 93 10
63 25 77 44
100 47 40 83
46 70 43 60
100 96 16 51
98 61 12 30
61 92 99 10
45 86 64 55
30 69 70 53
23 58 43 34
77 48 83 94
55 27 50 26
70 98 92 48
15 61 37 66
72 90 68 88
91 51 71 63
12 94 11 92
88 71 37 53
49 51 35 28
94 95 77 22
50 37 31 43
94 41 58 85
66 26 31 16
21 13 70 43
97 34 12 16
66 79 16 64
80 84 78 11
64 18 22 40
21 94 27 12
94 77 21 23
71 82 13 61
27560 21328 16026 9904
53 23 34 79
85 92 94 82
72 20 88 20
75 42 19 93
66 84 39 26
31 31 67 23
77 89 87 63
98 20 70 55
74 11 77 36
98 94 20 88
58 83 31 67
15 98 22 60
45 59 34 70
67 92 69 70
70 98 38 95
35 12 68 65
77 67 58 38
77 18 99 28
64 27 99 56
95 55 55 20
52 97 55 60
75 39 75 64
76 53 23 46
40 71 54 57
63 56 94 47
45 67 44 62
70 89 60 78
74 16 33 58
35 68 74 57
71 93 43 27
44 45 21 48
32 92 84 100
53 44 58 71
78 99 83 58
24 70 73 10
62 48 49 55
100 48 13 51
87 51 99 100
74 11 21 98
15 38 45 30
21 34 67 42
54 27 32 35
80 77 35 68
40 47 100 87
24 15 10 26
20 49 61 60
59 44 56 38
22 61 99 15
60 89 73 80
13 25 100 51
49 54 64 59
28 53 74 16
46 11 86 22
99 94 32 46
71 50 98 85
73 93 49 94
41 74 46 83
31 62 12 10
36 64 14 24
12 52 94 74
33 35 55 94
98 69 11 16
24 43 50 75
80 45 56 46
99 51 46 55
98 40 92 73
41 23 10 52
73 39 64 61
35 73 68 45
12 32 88 87
61 77 54 61
56 81 53 68
41 92 30 26
99 40 63 12
44 85 47 44
75 49 49 24
34 16 59 43
79 75 85 50
46 49 42 61
33 65 19 66
84 77 62 27
48 81 46 56
10 36 66 64
38 27 78 43
24 51 86 13
28 89 64 45
43 53 94 12
35 54 66 30
74 46 72 80
10 22 63 93
14 11 17 60
95 66 91 38
29 44 39 36
39 76 75 34
53 55 88 88
47 58 37 64
40 85 24 34
14 93 41 30
61 42 50 62
93 38 69 59
21 51 12 46
23 20 92 87
90 48 14 28
47 58 41 97
70 74 55 78
59 54 82 62
12 37 39 96
51 58 10 60
66 55 11 72
23 58 19 26
92 45 54 51
43 81 80 90
37 45 95 52
89 53 77 66
65 37 50 96
41 14 84 32
74 81 37 32
12 25 34 40
66 50 79 83
44 49 17 42
79 94 25 52
66 98 88 42
44 40 69 20
83 79 17 41
75 97 58 25
46 40 100 93
21 56 18 21
83 34 44 18
78 49 99 34
27 21 66 30
73 35 72 56
65 96 26 75
13 69 81 50
53 78 49 96
27 85 56 81
57 35 59 22
16 44 70 46
82 90 57 46
31 40 49 47
48 66 77 54
41 73 33 31
76 28 69 48
85 59 100 95
63 29 54 59
88 28 94 16
90 62 17 17
79 47 51 39
97 82 96 38
49 20 83 80
11 51 56 80
38 91 19 23
100 19 58 89
15 18 64 88
95 56 83 97
38 38 82 22
45 83 60 70
38 67 94 89
88 12 24 98
33 53 33 99
44 87 59 53
31 20 49 11
45 40 13 93
69 17 29 19
47 74 84 38
16 72 79 64
10 11 12 10
37 10 16 72
28 73 52 52
90 35 89 89
97 20 70 63
22 20 96 17
56 23 20 74
45 53 66 24
71 44 39 19
92 86 70 12
72 11 92 91
60 80 22 15
94 87 27 93
69 12 17 51
57 100 89 83
67 74 19 92
67 22 51 23
58 57 81 75
86 73 58 36
88 36 47 83
80 61 56 14
85 86 63 80
46 60 91 42
52 67 24 48
53 15 39 48
22 54 16 92
44 33 23 92
81 69 70 89
81 18 54 12
22 71 36 63
47 66 28 87
11 15 13 53
97 16 63 24
93 52 93 17
40 48 43 28
76 49 58 28
50 68 50 75
14 63 83 82
73 55 15 72
26 54 97 100
72 66 78 45
83 56 88 69
10 56 51 61
32 79 77 86
96 68 58 97
59 60 32 75
62 41 87 39
48 33 61 44
31 48 29 51
99 24 85 13
82 95 39 34
28 71 27 84
24 12 55 24
21 62 43 80
18 43 28 33
77 67 22 48
84 72 50 46
85 46 37 28
19 79 16 60
99 58 35 85
64 67 85 86
22 99 67 12
94 72 18 16
15 79 20 28
92 15 77 16
28 58 34 82
22 76 54 97
42 68 34 36
47 44 98 91
20 95 46 49
20 64 86 21
86 61 84 58
85 28 66 55
86 23 83 84
18 35 19 20
63 45 71 95
75 37 65 100
77 55 11 47
58 39 16 50
45 69 16 62
44 33 33 54
18 80 39 10
70 75 30 97
63 15 11 98
19 83 42 91
25448 20207 15731 9165
17 84 68 27
38 13 77 87
47 77 92 45
53 87 63 96
58 21 83 54
48 21 53 19
51 35 93 81
86 50 65 40
18 90 40 31
35 75 34 43
21 14 40 12
76 56 22 30
23 60 65 59
98 57 99 54
37 78 58 16
15 32 68 17
43 16 49 10
74 42 39 41
43 57 49 10
52 33 76 24
77 58 95 67
95 19 44 88
18 22 18 44
23 37 51 46
81 55 18 53
14 32 10 36
95 92 38 14
40 22 69 79
86 32 64 33
53 49 51 13
80 94 76 34
29 81 32 16
51 41 73 51
60 43 53 66
21 55 80 80
57 54 99 24
49 71 48 31
65 34 83 63
51 69 33 21
94 65 66 35
71 12 34 91
14 45 42 39
43 41 92 95
74 24 81 58
61 48 22 93
71 56 87 77
24 12 13 93
64 98 60 93
16 12 53 95
17 79 92 24
75 68 88 46
21 19 12 65
85 51 52 77
34 12 83 53
51 46 23 93
39 37 80 74
14 21 92 78
93 30 95 13
71 80 17 51
24 99 73 58
85 96 20 29
94 33 11 12
27 44 94 43
92 71 54 54
76 51 21 49
37 18 67 55
17 13 72 11
54 97 91 79
57 68 64 53
69 87 54 49
29 98 17 92
99 17 70 79
71 88 50 79
59 82 69 75
90 80 94 39
72 57 75 98
11 20 61 94
89 73 100 49
61 78 27 47
59 21 69 16
81 43 12 28
79 96 79 64
28 89 72 79
66 76 77 47
70 47 25 44
44 53 35 97
96 60 29 42
83 58 24 46
99 84 45 68
66 89 77 72
89 98 72 71
76 86 13 80
93 26 47 57
66 75 100 99
99 24 95 53
72 15 71 53
38 84 54 52
45 73 26 75
28 31 85 88
41 94 34 88
27 52 30 61
59 19 25 54
64 75 30 72
22 67 71 48
61 92 83 58
33 18 71 99
61 41 12 78
74 82 43 65
96 90 79 96
37 38 48 88
81 92 74 91
26 50 72 56
42 15 44 65
92 10 34 79
37 71 57 30
90 55 75 83
69 96 64 39
44 38 46 89
29 66 99 75
62 89 24 65
40 76 40 51
64 93 11 68
13 19 53 59
16 77 79 22
15 14 89 41
81 91 91 30
17 66 19 51
46 88 89 78
17 46 60 18
77 57 12 35
46 81 46 49
41 15 11 39
26 66 23 87
11 23 82 32
44 81 63 23
23 84 56 91
45 38 65 71
31 19 39 44
81 26 73 55
96 48 75 31
53 50 33 85
80 86 16 14
53 56 10 79
43 21 52 64
22 54 43 16
24 99 68 55
51 48 74 44
63 63 34 32
62 63 29 10
73 92 56 53
45 50 30 60
94 10 71 14
29 45 61 32
98 41 17 91
58 99 27 14
62 97 97 79
57 41 43 85
32 38 79 72
38 98 15 87
83 71 80 24
48 23 98 43
31 61 10 90
78 60 90 97
61 58 48 28
58 20 97 77
83 77 65 83
56 97 55 85
77 18 40 66
70 55 81 45
39 25 32 31
20 38 76 62
28 49 40 32
36 18 35 35
78 58 23 68
92 88 80 38
83 56 66 26
67 55 89 26
69 72 13 49
54 29 61 99
41 70 74 16
90 74 23 88
14 66 73 63
29 84 49 61
74 47 48 98
36 39 90 68
34 85 11 51
60 65 73 51
12 30 55 42
51 18 13 97
38 97 44 97
79 42 75 37
14 35 30 77
55 38 97 55
66 65 59 80
10 20 17 82
36 42 66 77
63 84 19 13
69 14 95 77
71 43 16 39
59 31 12 74
89 90 39 47
86 19 60 47
26 60 99 58
57 26 87 84
26 48 86 54
86 37 91 24
63 91 12 66
51 78 69 88
51 47 97 54
24 71 11 78
64 88 45 73
94 80 27 66
32 75 13 96
45 25 40 22
12 23 28 90
66 29 74 50
33 88 99 56
73 81 27 63
77 57 23 96
85 16 52 86
46 42 60 19
81 15 81 21
95 26 75 45
53 78 91 87
90 33 15 80
63 66 39 13
74 22 75 14
63 74 18 64
53 65 14 76
43 33 60 19
66 98 29 23
77 20 22 49
48 53 28 37
49 14 31 57
29 98 58 33
37 13 70 14
50 95 22 25
51 27 12 56
16 77 33 16
94 50 80 63
71 56 70 13
21 19 53 43
32 96 10 83
77 27 44 62
38 61 45 47
26 86 78 68
68 24 54 64
71 99 86 11
48 20 19 42
41 69 76 28
25232 21378 14454 10334
22 25 29 55
55 82 38 57
57 84 20 76
91 99 67 56
67 18 55 26
88 56 76 76
36 64 88 12
66 54 16 33
94 58 81 95
89 35 40 48
25 18 50 11
98 85 13 22
86 18 62 36
33 63 86 28
44 88 19 97
66 45 88 58
41 76 51 97
28 74 11 59
49 80 35 67
47 68 80 59
43 25 25 60
13 83 84 83
23 98 12 88
87 100 45 36
31 52 11 91
95 27 67 91
71 75 69 64
100 69 93 92
41 63 14 89
92 35 62 29
75 40 82 71
58 97 27 74
83 69 95 23
15 67 43 72
71 16 30 20
15 79 53 79
28 30 14 92
33 69 74 53
20 15 37 46
51 99 96 28
38 73 27 38
92 66 46 44
87 47 65 46
82 42 82 30
93 45 60 21
65 57 58 83
68 16 25 93
20 86 88 71
64 88 15 98
11 49 89 49
41 29 18 28
74 85 70 68
11 48 65 35
20 46 33 12
58 45 54 46
16 99 25 11
95 73 75 32
75 91 41 37
79 69 79 80
65 54 19 100
23 19 50 46
90 33 47 16
84 22 62 23
62 84 93 37
34 81 86 29
96 41 68 17
81 31 64 17
48 58 81 82
39 54 61 54
66 30 88 60
93 99 86 77
56 74 19 88
71 96 97 26
44 11 64 67
79 29 49 99
32 57 66 65
28 75 62 15
93 45 53 73
94 35 81 61
74 20 71 83
34 24 67 100
78 15 88 20
100 86 100 98
50 94 60 88
61 56 85 79
61 66 85 75
86 98 22 85
85 53 30 23
16 48 15 46
41 63 100 81
13 11 64 46
84 98 60 66
56 38 55 43
42 99 71 26
78 14 67 17
49 10 41 47
54 11 23 81
98 31 98 92
83 47 93 10
53 65 84 55
42 77 30 75
44 42 89 97
39 31 78 38
20 51 92 48
36 56 40 31
37 89 45 87
97 33 66 49
87 39 84 33
74 82 11 70
41 77 33 22
10 87 88 57
91 32 60 95
19 31 15 51
85 71 30 35
12 89 81 61
100 44 97 41
23 46 50 29
47 31 10 13
29 67 22 47
35 26 15 80
27 60 43 93
90 81 45 77
94 46 38 17
73 59 34 21
74 16 75 69
87 37 71 44
31 29 26 71
39 32 81 32
10 27 77 19
17 75 12 48
26 100 14 10
40 75 23 98
58 24 71 72
24 81 13 46
70 58 87 87
71 57 91 38
35 81 58 93
48 38 55 60
72 69 49 57
13 65 36 36
25 78 64 76
47 28 57 69
40 32 50 53
86 23 50 90
65 18 22 50
78 10 28 77
89 62 13 67
11 27 72 49
41 51 77 49
77 41 49 57
84 23 40 15
83 61 55 38
99 90 62 98
13 64 26 58
55 87 38 60
43 76 65 74
50 93 47 42
10 59 25 39
78 22 72 93
61 30 84 26
21 66 33 41
29 19 64 99
22 30 15 35
28 32 79 75
61 48 88 57
90 52 99 74
46 50 17 35
98 80 86 68
88 91 16 97
52 72 25 88
56 29 11 10
81 87 92 15
16 68 68 46
11 45 36 68
93 12 60 87
33 57 98 20
41 42 81 22
35 12 45 99
61 93 58 37
40 58 26 13
80 47 10 40
16 41 51 89
90 71 44 65
80 42 76 33
89 73 18 35
48 77 73 19
33 87 81 56
97 67 18 84
70 76 50 55
22 51 90 63
84 38 90 48
92 87 67 87
37 62 68 99
50 41 20 93
78 32 16 98
63 10 97 21
27 65 49 94
39 27 82 28
24 21 42 93
64 22 37 50
17 30 22 62
89 35 49 23
36 80 100 30
77 24 81 26
93 58 80 53
31 64 12 65
72 68 70 14
100 26 31 80
27 19 60 34
44 29 46 20
69 26 78 69
47 96 37 85
86 75 77 34
74 72 74 15
69 56 88 21
50 27 79 95
90 16 64 85
34 11 41 10
41 12 91 84
72 70 75 27
69 76 26 92
54 96 36 44
97 79 88 69
28 82 85 74
98 33 89 71
86 75 55 51
92 95 96 88
16 72 15 20
84 72 71 28
58 35 15 52
20 48 40 84
91 96 12 15
79 33 85 81
31 43 15 93
41 41 43 17
60 58 66 58
34 33 30 54
71 52 97 89
14 46 48 88
71 63 40 55
91 18 20 41
47 15 90 94
56 78 10 61
50 28 55 54
58 72 57 35
83 71 31 46
30 23 56 60
38 22 98 57
24 96 84 18
81 82 73 28
25461 21971 16470 9741
74 70 23 14
44 94 34 96
65 12 77 95
98 35 98 74
36 55 71 13
66 77 56 84
45 31 86 61
77 15 39 27
72 39 30 29
93 47 33 81
53 75 13 58
98 85 42 91
84 62 27 85
70 11 50 54
12 15 88 48
81 68 58 89
42 46 97 14
62 97 38 26
52 50 54 88
54 10 58 18
90 80 99 54
21 93 33 90
44 42 54 26
38 75 83 77
93 10 60 79
56 65 54 21
15 60 33 17
91 88 36 14
94 98 38 74
78 30 20 68
37 42 100 56
79 66 19 14
54 17 16 100
86 95 92 67
86 93 13 97
37 92 11 35
39 75 92 48
30 76 14 81
43 32 52 74
31 59 45 78
93 51 54 35
38 65 40 18
75 85 75 26
73 36 24 79
62 74 42 92
63 79 46 42
94 25 78 62
12 50 30 79
23 88 30 97
43 25 29 68
83 95 28 95
41 36 24 91
58 82 10 68
54 14 87 36
72 67 54 24
41 60 99 85
84 62 73 19
10 33 29 19
81 68 64 18
91 100 63 81
74 76 98 72
47 85 62 67
93 44 44 51
82 39 11 95
25 31 77 30
86 62 50 48
35 79 18 12
26 13 72 45
100 29 47 23
12 78 100 48
16 64 84 62
87 12 10 27
89 63 66 71
15 53 63 95
11 13 14 51
84 47 24 62
35 27 81 95
54 91 55 72
58 24 79 73
49 84 87 65
97 88 38 83
24 18 29 10
64 48 14 21
14 43 12 16
88 66 70 72
94 30 19 57
60 21 66 95
90 29 85 24
80 34 55 71
30 38 82 86
51 35 85 80
52 55 48 80
28 72 21 76
93 10 15 87
64 44 37 81
21 49 25 80
12 89 82 20
16 22 57 30
58 65 92 17
65 94 15 43
100 25 56 24
75 62 58 15
46 51 67 33
51 38 38 82
96 89 57 31
56 34 76 35
96 77 58 77
100 38 72 79
48 72 78 83
20 64 61 23
67 80 23 85
29 100 29 92
89 87 83 60
83 80 11 27
87 42 87 45
44 25 24 84
47 81 83 53
78 50 65 29
88 12 48 52
99 81 62 33
11 99 27 40
99 94 87 44
85 72 92 91
38 61 46 27
27 15 93 96
74 26 57 54
89 10 52 68
86 98 35 51
92 11 59 81
16 28 98 91
67 23 34 94
26 49 88 37
51 91 92 65
11 56 57 14
68 74 99 100
46 63 59 28
63 29 18 40
93 49 87 39
24 87 58 20
53 93 38 64
58 54 11 61
41 20 44 64
44 60 90 37
60 40 67 25
55 56 88 84
83 76 28 35
63 10 96 15
52 38 75 63
32 15 27 66
16 67 41 53
45 70 90 62
89 72 69 74
70 68 28 54
37 73 32 33
46 55 59 49
87 28 32 28
91 84 68 37
55 98 60 45
42 16 90 41
40 39 18 83
59 21 89 81
42 100 100 93
77 67 70 89
59 20 86 78
45 43 12 97
50 41 36 40
55 51 45 11
60 37 77 56
41 67 55 19
82 49 11 99
94 12 87 37
50 15 32 85
53 21 39 81
45 57 73 72
48 52 41 54
65 92 50 86
77 68 50 80
57 25 93 28
84 36 14 24
18 34 92 57
99 17 25 71
65 70 25 78
53 16 80 70
68 94 41 15
78 34 75 15
71 41 20 63
31 98 98 87
41 84 16 29
78 51 13 89
94 71 54 11
95 15 66 60
46 62 94 41
34 52 33 45
76 37 88 46
86 57 28 36
47 39 40 75
66 74 89 65
22 16 61 97
71 57 73 25
16 68 38 20
67 65 19 74
81 71 38 78
67 62 10 85
62 57 57 40
69 28 96 49
76 74 46 63
37 64 60 63
12 14 77 12
81 28 58 64
39 61 31 65
37 20 66 46
36 31 37 61
98 50 20 28
76 86 10 78
83 78 56 93
83 94 89 65
11 94 12 44
90 18 27 54
19 16 44 24
16 39 30 37
83 63 49 99
53 53 59 80
14 11 70 35
14 47 78 81
77 49 78 72
49 67 17 100
95 34 77 16
47 53 92 77
58 14 58 99
15 58 68 56
63 34 65 20
77 45 69 81
19 34 53 53
18 99 25 39
72 55 77 15
55 85 67 21
75 22 22 36
63 75 68 10
60 85 53 68
22 62 17 97
65 11 42 13
66 82 71 74
94 91 64 18
44 86 28 88
74 74 48 36
97 71 47 75
96 57 99 16
77 81 18 80
33 27 51 37
10 20 67 83
25922 20043 15934 9551
97 76 67 97
97 43 92 58
29 22 37 81
37 59 63 29
65 72 66 89
42 78 73 89
30 68 32 41
87 41 16 20
75 41 67 97
19 41 58 83
56 79 45 90
58 71 83 50
87 58 30 19
99 72 13 83
48 67 76 56
53 17 68 65
91 50 20 50
73 88 12 18
53 15 38 80
97 91 77 89
77 50 57 21
26 23 83 45
65 18 95 16
96 93 16 82
19 76 26 66
32 24 35 50
89 31 78 25
43 76 64 90
59 19 48 92
79 94 70 22
83 22 23 39
49 56 64 43
85 100 19 63
52 32 67 81
61 20 98 93
85 52 65 88
39 90 53 30
55 13 73 38
24 34 21 65
20 40 15 66
33 35 24 83
21 100 25 27
49 58 18 60
73 81 76 37
42 71 32 32
22 73 93 21
11 77 23 13
44 92 65 67
66 50 92 97
64 68 73 19
31 80 30 16
84 16 63 26
44 97 74 44
49 21 48 51
72 33 39 51
93 47 33 51
13 59 65 18
15 90 59 55
54 19 50 64
32 22 42 95
62 25 99 71
23 23 93 87
78 63 12 87
57 64 98 80
40 49 68 56
85 100 61 65
48 13 79 26
53 72 23 77
100 59 11 21
23 68 51 66
87 70 60 54
86 94 54 82
81 86 88 79
55 99 45 62
40 100 28 88
54 24 47 56
77 56 62 97
69 18 35 73
67 27 91 37
74 79 87 71
81 35 21 20
34 76 74 67
47 71 82 84
31 52 65 53
100 95 23 56
10 99 61 29
58 34 70 62
80 18 50 96
63 18 51 98
24 80 74 40
33 49 79 75
70 95 44 97
100 81 66 71
28 40 96 33
77 99 42 32
31 24 21 87
93 23 77 22
65 47 36 91
84 27 17 25
51 54 58 54
15 31 46 85
13 98 70 18
23 27 81 54
85 16 89 21
36 20 53 49
80 61 42 47
94 35 77 28
34 12 41 72
54 51 36 61
66 66 39 75
43 79 73 50
77 74 44 13
73 82 16 95
63 42 63 49
36 79 52 48
44 95 46 30
43 56 78 48
61 94 95 72
46 53 16 25
36 47 73 80
65 42 19 95
89 19 77 13
82 75 98 51
91 83 100 87
60 75 78 69
92 66 47 13
36 53 88 50
46 12 97 88
61 45 60 24
19 26 43 13
16 99 63 52
70 38 81 52
54 31 80 25
70 37 69 18
58 80 72 79
43 16 26 58
10 18 90 56
83 85 100 92
80 11 47 44
88 94 61 93
72 28 29 20
89 44 72 81
63 56 86 56
34 67 88 95
65 53 21 29
54 32 74 20
91 86 21 61
59 44 68 61
52 57 13 51
41 90 88 63
19 52 56 80
95 57 13 28
73 31 39 15
43 84 64 23
30 31 25 65
46 39 84 78
42 87 26 98
68 74 46 30
21 50 70 37
74 66 40 68
56 11 27 52
52 28 11 38
32 53 36 94
76 60 63 50
29 70 95 91
88 51 46 58
58 43 68 82
17 91 18 14
82 82 77 18
21 86 75 46
36 75 58 80
30 56 98 89
14 90 80 72
84 18 21 70
31 90 12 96
77 32 76 66
94 84 68 91
94 79 64 70
100 69 89 12
34 46 73 79
70 58 53 76
79 49 73 75
83 55 81 23
56 72 67 32
31 58 22 16
20 39 36 51
89 14 68 77
36 53 15 94
88 29 44 56
31 70 38 12
71 46 30 28
36 26 92 91
73 93 29 31
33 10 92 86
85 29 35 36
11 71 80 44
85 82 66 10
27 86 44 54
84 17 44 12
41 44 37 17
92 12 54 55
56 23 27 29
51 45 84 69
63 99 65 16
71 74 87 49
97 13 90 85
88 38 58 82
34 28 83 74
21 75 27 63
65 100 12 58
92 56 92 20
27 34 32 63
37 81 62 15
32 52 74 64
54 61 51 26
19 69 21 47
29 48 75 15
74 23 49 88
57 48 80 41
68 98 78 56
71 10 34 86
81 37 28 52
18 37 66 97
99 49 38 62
12 21 22 89
82 44 59 31
25 95 99 19
85 85 24 94
82 29 81 99
84 66 86 51
90 33 64 26
40 37 12 12
74 61 25 26
95 27 51 27
61 39 71 73
77 12 93 12
82 44 41 85
44 71 61 22
23 70 21 62
57 12 81 46
63 25 68 73
50 31 16 17
33 20 35 80
95 71 12 78
39 71 96 56
78 27 10 71
61 77 94 67
46 10 92 57
18 92 27 23
44 66 87 82
27298 21322 16245 10113
74 35 26 37
62 12 71 93
77 74 73 100
45 39 48 12
72 19 93 64
32 23 25 68
58 68 31 78
93 45 65 34
54 46 62 64
44 45 45 28
40 65 60 52
18 73 16 75
93 44 73 40
18 55 16 63
19 100 89 94
98 48 31 86
89 58 96 91
35 80 17 100
68 42 70 18
10 91 21 83
88 97 72 34
93 47 86 20
63 56 98 84
84 38 76 13
71 28 59 46
15 23 54 33
33 32 92 11
90 69 58 50
96 49 61 98
77 73 61 18
46 30 92 37
46 80 70 87
31 29 29 17
67 99 43 42
13 57 22 94
77 31 53 19
32 53 22 74
44 70 57 67
51 27 32 92
22 43 22 86
62 41 75 93
71 79 42 59
57 10 33 29
67 95 57 66
16 81 35 100
14 14 19 78
75 73 67 15
86 53 28 70
100 63 42 26
69 41 26 61
74 28 24 77
64 38 61 45
36 82 11 28
57 95 44 58
25 21 89 83
80 42 53 82
41 95 60 11
61 57 60 32
94 63 39 11
95 91 18 61
36 45 81 79
18 32 37 76
32 79 58 12
35 44 48 47
54 33 29 96
53 39 49 18
71 23 77 90
32 33 60 87
73 34 11 82
85 72 67 35
76 43 18 99
27 11 28 27
35 23 58 45
81 96 78 12
41 49 61 56
36 45 28 99
51 65 52 41
87 13 83 43
98 98 75 55
30 64 89 58
52 41 30 94
27 47 100 23
94 96 62 84
69 54 78 26
52 47 75 17
75 84 99 45
25 67 46 40
47 54 10 74
47 27 65 52
78 80 33 60
80 68 72 14
100 44 45 83
62 86 81 19
92 93 85 40
98 47 48 58
69 30 47 56
31 47 48 11
50 17 92 97
51 52 27 58
86 82 63 91
60 100 33 36
65 78 97 85
20 63 95 26
52 14 99 86
48 16 98 18
95 16 38 21
46 18 54 64
90 49 63 66
71 11 89 81
16 27 47 96
59 21 38 91
28 51 60 14
62 49 10 70
67 45 36 38
49 34 33 42
100 40 30 51
57 68 74 67
93 21 72 49
25 20 14 72
32 59 43 40
84 68 77 27
76 42 65 100
13 61 27 19
16 25 84 22
59 22 79 70
60 36 98 49
88 28 48 52
85 60 51 63
61 56 40 69
44 38 46 34
87 94 94 99
82 97 88 63
55 55 26 57
30 30 100 93
38 52 80 56
67 27 99 32
71 27 80 43
80 49 33 95
64 28 56 72
79 19 27 41
13 95 73 64
55 67 92 29
64 38 84 91
14 28 74 51
89 67 77 15
51 60 56 34
96 99 72 15
22 11 55 63
76 50 16 30
19 40 77 86
67 45 71 62
52 98 77 27
98 11 36 83
52 37 43 39
56 48 90 71
35 72 58 27
61 37 11 37
27 72 37 65
98 21 61 91
26 57 60 43
20 36 53 41
92 98 99 85
41 93 68 89
58 54 48 82
51 97 81 14
79 82 46 15
73 55 11 56
72 94 26 82
30 76 51 31
12 57 79 52
51 76 50 42
32 63 81 38
11 83 19 89
98 95 63 71
41 77 100 68
98 48 22 81
36 38 35 82
100 97 56 61
86 86 28 100
57 99 14 22
30 16 12 94
52 79 100 39
35 59 36 52
95 89 21 86
51 39 80 69
63 82 42 29
13 72 36 15
15 83 39 27
20 19 84 56
66 80 56 43
73 86 85 83
80 21 50 45
92 91 52 48
98 87 17 85
10 24 97 25
44 57 94 63
80 64 84 89
54 45 26 93
55 84 19 51
29 30 16 61
99 74 10 87
62 58 76 73
77 31 91 93
22 53 32 78
67 44 56 83
86 93 53 48
71 63 88 44
95 14 13 93
39 41 88 52
38 51 30 97
72 78 39 83
20 48 76 68
87 20 14 40
33 95 58 67
17 18 77 91
44 13 18 83
27 75 78 43
40 16 66 61
37 27 77 17
14 44 31 38
65 63 37 36
68 61 94 73
79 62 46 30
89 87 28 48
70 14 22 33
94 48 71 60
48 60 59 58
74 29 96 85
82 52 94 68
74 88 39 82
33 79 10 73
26 16 85 71
73 51 71 12
21 79 29 77
36 12 92 34
61 54 19 23
81 36 31 12
37 51 16 61
30 94 71 13
60 35 52 24
96 43 42 72
28 61 96 83
87 53 47 46
37 86 29 65
92 66 73 25
53 26 17 41
53 94 86 41
42 43 62 12
60 71 64 16
86 82 95 40
26891 20583 16077 10409
87 83 21 29
58 87 47 47
72 92 72 65
64 56 83 40
29 63 10 21
19 51 95 46
41 77 86 23
63 16 98 96
31 29 86 71
60 37 100 21
70 59 73 29
37 71 87 85
38 35 38 86
14 68 48 49
14 53 76 89
52 18 55 65
31 14 57 31
11 76 94 20
96 38 58 73
27 81 44 14
48 25 35 23
48 26 16 34
75 29 97 38
99 78 15 92
82 94 58 70
15 63 29 18
88 70 60 43
18 37 56 70
52 75 78 45
79 25 71 45
96 63 89 48
77 28 19 34
10 41 100 35
38 48 52 37
52 14 41 51
49 27 72 53
29 72 11 13
31 49 72 79
28 91 91 46
88 27 67 14
75 77 22 15
77 99 16 12
18 53 32 41
33 74 95 91
43 65 60 88
28 20 99 89
70 88 84 12
73 58 12 15
53 63 83 45
77 87 15 33
33 63 79 44
81 56 33 43
18 98 85 20
16 16 37 76
19 34 60 62
50 18 61 24
29 21 42 76
33 98 65 70
86 30 25 79
79 90 91 57
80 89 69 37
80 49 16 70
26 89 81 89
34 73 38 81
91 37 48 29
95 83 60 12
95 88 80 54
98 83 99 33
41 64 77 99
38 47 99 27
77 72 95 45
96 97 29 30
70 64 37 100
83 76 96 91
45 62 91 59
64 32 28 34
16 98 25 25
19 68 54 69
77 32 86 94
70 97 81 89
99 35 34 100
64 19 19 23
98 19 64 88
41 35 86 24
18 24 74 40
13 99 10 50
49 39 74 88
40 95 93 42
100 70 93 17
66 66 15 39
13 55 23 16
99 57 69 82
98 90 32 52
89 75 40 51
31 39 41 92
93 88 49 68
100 27 66 42
10 69 22 20
83 48 49 79
60 40 43 53
62 34 88 89
44 53 88 21
37 52 67 35
28 51 44 79
81 67 95 83
91 81 33 26
43 90 38 89
90 27 37 16
91 88 47 34
35 77 38 27
73 99 33 23
51 83 83 44
52 23 100 64
61 34 77 35
82 70 22 88
58 32 43 65
58 77 60 84
85 33 24 43
72 93 36 12
29 85 100 85
53 85 19 31
47 60 62 53
99 77 75 29
31 71 52 75
19 62 48 91
53 96 100 19
18 84 17 46
69 48 30 75
68 38 36 22
61 15 39 25
40 40 28 22
32 20 59 30
21 44 12 89
28 30 88 40
68 48 63 34
77 60 56 49
61 77 54 80
26 55 66 12
20 49 44 25
38 66 72 56
52 30 54 63
21 32 58 32
26 46 67 76
35 80 33 95
28 49 15 71
23 90 57 98
10 58 100 64
90 91 99 30
41 31 91 87
58 42 84 49
20 52 10 56
39 55 89 91
10 26 22 96
52 39 100 60
57 21 23 90
95 12 89 50
61 100 18 84
62 64 70 21
78 42 100 11
52 35 16 98
22 30 64 29
91 29 67 77
94 50 65 16
47 64 96 25
90 30 79 79
49 30 73 93
49 23 28 87
11 23 68 71
38 86 88 49
98 28 80 35
16 49 15 84
83 12 58 13
99 10 57 46
47 39 45 53
34 74 87 33
85 16 37 44
11 46 10 74
73 74 66 34
48 54 99 100
90 53 15 96
38 35 76 98
84 66 78 82
94 17 49 75
77 53 95 19
51 23 73 97
47 65 52 82
98 37 65 94
89 42 38 81
42 44 79 95
25 70 30 69
70 36 55 49
95 91 29 69
58 65 35 74
40 63 84 29
48 39 87 18
84 36 61 44
79 35 36 14
79 38 80 85
58 14 80 70
28 27 32 71
48 18 79 100
75 11 76 50
63 22 70 89
99 86 58 28
26 53 96 53
19 78 20 15
18 27 22 76
56 84 44 22
82 40 30 41
58 32 66 21
63 70 89 40
100 87 88 94
21 94 13 44
54 69 50 10
72 71 44 23
94 26 42 84
85 75 40 68
53 66 25 76
18 77 96 33
79 86 11 64
94 29 96 18
21 38 73 37
39 95 52 53
97 59 67 51
38 65 71 61
100 49 39 61
17 30 51 87
97 42 42 76
75 77 24 26
29 63 19 20
25 35 84 90
23 27 88 52
33 68 88 86
76 50 68 97
22 80 60 36
90 53 19 45
75 97 94 50
39 60 93 91
36 46 85 50
29 23 71 70
41 68 66 19
62 52 71 11
67 75 44 82
66 12 92 99
36 54 42 58
85 44 34 71
76 44 96 41
34 23 75 73
99 70 59 43
60 77 15 23
26377 21143 16091 9639
92 16 35 45
25 58 35 76
13 42 39 18
41 12 82 39
32 53 100 85
72 71 82 28
57 19 28 28
20 31 41 24
79 27 40 37
29 56 23 41
60 97 50 95
86 31 15 79
84 42 82 67
95 41 25 99
10 94 26 76
90 91 52 47
47 69 60 29
67 38 30 39
59 49 79 24
34 23 100 10
90 76 24 67
68 86 41 38
63 19 47 20
87 15 57 33
63 25 94 25
60 86 94 64
52 32 12 43
49 44 63 63
35 45 87 91
76 17 48 44
62 64 99 80
71 58 60 38
62 65 68 41
94 72 12 13
31 47 75 66
34 20 66 68
68 42 76 31
47 78 83 80
48 10 11 88
83 49 25 98
69 70 93 36
30 46 61 40
83 13 54 88
28 44 80 28
33 11 56 14
100 67 15 51
30 89 52 22
45 87 90 34
42 26 12 24
95 30 11 100
19 79 99 70
71 27 50 74
67 94 97 82
24 24 17 88
100 17 25 11
83 100 36 42
48 13 80 55
15 27 66 73
45 17 74 90
78 18 94 75
93 83 13 83
29 84 75 98
94 18 23 74
73 43 24 50
47 18 80 47
36 83 66 89
73 94 65 41
86 37 61 99
59 79 11 72
51 87 23 44
33 77 13 34
70 72 23 73
41 50 37 40
31 17 15 61
38 20 73 48
20 27 59 19
26 46 42 99
86 32 38 44
24 91 24 75
21 70 74 32
40 59 13 95
94 82 65 69
59 66 95 24
55 49 14 65
40 23 54 66
53 28 87 27
10 15 31 18
33 16 16 82
68 72 33 66
85 63 78 56
57 35 93 27
18 82 96 74
42 61 47 19
50 93 89 85
49 67 29 90
42 21 99 24
28 95 46 94
24 43 63 10
98 40 54 31
34 43 25 40
100 92 13 78
24 51 73 30
75 31 78 13
46 21 58 52
80 45 54 29
72 50 38 10
99 58 81 40
93 13 25 43
97 69 49 51
71 83 41 88
81 32 44 66
46 44 71 23
10 17 23 55
90 89 28 20
18 29 58 31
85 32 57 89
42 47 47 71
51 65 46 40
86 22 55 77
13 29 21 26
40 96 57 94
71 11 83 53
62 49 44 68
31 25 80 63
33 42 22 41
21 67 64 39
70 61 36 65
63 98 24 41
72 85 78 47
51 45 31 68
36 88 82 54
51 54 74 50
64 39 70 48
51 21 93 52
23 52 70 32
13 14 27 91
75 53 67 54
66 63 40 36
54 65 78 85
91 39 84 33
20 42 23 58
70 75 24 18
26 53 80 60
25 47 23 50
55 25 29 71
48 44 36 76
90 29 20 74
90 44 35 14
64 95 26 42
49 71 10 46
43 15 98 26
48 95 93 56
40 16 81 39
27 46 91 37
83 69 78 64
93 70 99 73
13 31 47 31
84 72 40 15
18 41 37 15
92 55 88 44
60 70 39 58
51 71 45 26
79 57 78 52
43 63 18 13
63 40 21 74
22 94 41 69
82 25 42 55
46 36 41 70
59 99 89 47
42 28 82 50
72 30 86 23
55 44 66 35
74 23 42 20
45 25 50 37
100 12 96 96
33 13 94 17
80 88 33 51
54 70 16 52
80 47 40 36
70 63 90 74
88 59 21 72
77 32 23 36
29 20 10 99
15 52 66 19
31 100 25 39
58 57 61 45
88 39 62 56
32 37 96 53
28 95 14 70
34 33 62 77
85 42 16 40
81 92 74 49
98 97 42 87
29 18 87 15
80 60 24 35
27 77 55 84
28 61 87 82
82 60 82 40
25 50 44 64
12 82 94 45
13 75 68 58
18 12 14 70
34 22 35 23
83 16 51 55
95 45 19 100
23 57 10 64
77 55 97 62
99 52 79 95
61 17 74 60
55 88 36 20
62 68 68 54
13 27 99 19
52 53 18 52
90 12 89 30
71 47 17 13
89 82 12 91
56 62 74 38
13 22 51 83
54 15 57 51
59 27 50 46
18 43 75 25
29 42 54 61
83 25 99 35
75 48 100 83
76 70 16 62
26 72 92 81
95 65 92 83
74 11 68 90
12 37 54 43
67 29 84 29
86 51 69 98
10 13 76 29
55 74 95 56
12 17 38 65
91 74 77 25
28 39 88 75
22 22 58 44
73 82 38 44
62 82 68 17
29 45 84 98
80 31 99 91
26 63 73 32
58 91 90 61
21 38 33 15
22 87 37 94
39 10 22 37
14 42 29 62
35 35 49 49
14 54 21 93
96 58 71 99
26595 20310 16044 10342
58 66 74 88
63 67 19 40
61 16 25 61
52 53 30 46
55 99 65 31
28 60 97 68
80 70 94 92
25 74 89 99
71 92 10 13
15 14 44 50
87 37 51 80
52 29 90 45
11 66 45 34
67 23 38 88
68 79 71 79
60 15 15 32
90 39 41 63
84 16 89 48
54 26 77 53
42 16 93 68
48 96 32 84
66 62 88 90
15 55 60 40
77 62 37 11
17 97 26 81
64 80 73 58
30 55 44 55
60 53 65 44
26 47 87 29
54 71 64 21
30 58 68 61
14 84 34 18
88 83 14 25
43 47 74 75
81 80 45 41
56 22 78 40
84 67 21 43
47 27 15 78
21 23 40 18
30 11 68 31
73 72 48 43
64 24 10 75
21 39 58 42
73 53 85 65
32 83 80 39
14 26 77 36
54 22 79 36
34 32 13 63
79 100 51 26
46 79 80 100
33 71 56 55
73 73 98 30
97 78 31 98
90 39 97 57
75 31 74 73
82 79 99 47
92 53 49 14
56 12 29 45
12 59 70 95
63 58 20 20
89 44 35 42
26 19 45 76
28 28 11 69
73 93 61 87
62 24 76 77
95 66 97 44
90 92 70 37
14 55 77 73
99 89 18 65
51 73 75 27
88 84 74 85
24 68 35 45
18 82 59 99
18 46 48 90
66 69 87 77
71 85 30 73
78 50 47 35
80 72 52 90
100 62 92 21
87 75 87 17
73 34 88 53
80 54 93 88
94 44 49 67
80 39 76 74
95 92 75 66
97 54 72 87
57 71 79 49
16 84 52 93
32 45 74 77
57 63 42 14
69 39 61 89
21 82 65 36
71 100 41 27
38 77 15 48
18 20 52 78
22 82 21 35
68 30 86 67
20 61 95 27
75 46 58 64
44 70 85 59
64 98 72 58
19 60 56 53
21 59 45 27
71 16 50 17
98 46 70 17
13 80 42 47
48 48 68 49
34 31 83 40
17 76 28 20
36 55 12 46
29 16 70 68
60 54 22 95
38 47 61 53
33 39 79 81
70 13 94 63
70 67 95 81
50 47 83 11
36 52 55 30
47 34 10 37
39 99 76 15
54 90 16 15
28 72 40 63
92 71 77 16
22 20 48 84
57 51 10 29
27 89 59 40
20 93 66 22
17 33 84 31
75 16 93 22
83 85 33 86
77 23 50 24
11 80 55 99
42 39 24 12
77 19 100 34
42 41 17 86
26 95 23 30
16 29 44 75
47 89 17 76
80 35 81 55
68 72 48 61
91 87 29 88
70 56 36 81
19 59 49 83
29 82 61 39
95 71 22 56
66 85 44 98
68 97 74 47
42 81 76 90
88 51 15 41
43 79 49 59
37 78 37 70
62 48 15 72
37 67 85 79
49 73 97 45
55 28 19 29
90 74 81 33
27 86 74 24
28 64 57 40
69 77 32 35
88 22 40 78
90 94 80 61
61 40 59 98
38 95 38 89
27 29 28 65
56 30 94 89
59 31 84 32
79 18 46 78
96 39 80 45
67 31 51 67
59 20 96 44
67 18 29 77
40 64 66 74
50 19 94 50
42 56 29 93
67 85 34 94
55 67 56 47
12 82 46 57
28 65 82 86
88 14 41 58
22 38 14 60
96 17 11 100
41 34 34 27
80 16 29 31
21 50 99 98
30 44 49 54
40 19 52 93
43 21 32 55
64 93 44 53
78 63 16 100
98 29 41 99
84 89 67 72
100 94 34 49
39 35 79 97
19 19 47 25
76 80 74 24
40 76 77 98
67 59 77 94
73 77 48 19
42 45 64 10
63 24 95 18
91 21 59 40
82 91 85 37
66 28 15 89
99 20 17 85
50 99 53 12
58 42 15 45
39 35 91 39
55 24 77 22
55 83 30 64
79 44 27 89
91 51 79 38
22 40 36 43
12 18 10 53
89 83 85 32
99 100 29 28
98 32 52 87
18 79 66 52
80 52 26 92
65 39 89 27
34 90 97 44
44 12 21 90
36 58 68 49
98 62 52 64
83 66 38 32
49 13 67 41
88 92 22 99
60 17 58 60
34 63 17 63
21 15 44 44
76 60 39 35
41 79 53 26
94 12 20 88
20 99 75 59
38 91 30 29
63 76 37 62
98 97 14 92
52 23 62 51
92 96 72 37
20 80 60 72
66 30 55 71
72 18 35 94
97 50 16 71
85 45 69 83
50 58 56 31
21 67 17 18
22 14 48 93
40 22 24 64
12 90 29 28
45 50 20 99
25 27 88 20
26334 20067 15092 10538
77 70 83 73
23 41 16 17
93 63 89 81
76 94 90 47
31 19 27 61
31 76 18 75
35 13 61 10
20 34 57 78
11 40 20 17
61 56 45 14
43 94 95 44
99 13 93 24
73 26 81 68
63 31 42 96
68 62 68 66
21 95 17 42
62 28 61 75
84 80 92 73
80 53 91 47
96 67 100 33
98 70 75 26
87 33 42 10
100 90 27 15
19 26 74 36
95 89 65 98
16 83 12 15
86 11 90 46
30 14 16 43
20 71 47 67
56 88 65 79
53 30 95 44
90 35 25 55
96 47 34 47
69 86 53 37
15 23 35 66
80 44 96 81
42 84 80 20
11 86 65 69
71 88 54 38
42 14 14 69
52 19 53 56
39 83 14 80
44 96 56 62
68 46 16 23
52 58 28 45
74 27 92 47
46 81 16 11
52 80 15 40
99 54 49 11
37 39 38 67
43 27 46 18
28 87 20 38
97 46 95 94
80 54 37 84
83 11 50 17
70 75 39 72
23 38 75 55
22 55 82 62
20 40 77 51
38 12 52 16
34 100 84 84
25 55 51 26
29 24 49 95
15 14 41 27
72 84 22 50
26 19 64 56
77 45 41 36
16 72 80 12
15 60 33 62
86 32 21 27
11 72 94 35
16 34 97 53
35 78 14 39
46 47 59 90
15 39 35 83
50 47 46 90
60 53 78 63
24 87 82 76
39 44 77 73
52 74 57 58
90 44 83 25
40 35 49 20
48 87 53 20
38 35 65 73
72 10 56 60
77 83 71 92
37 61 60 14
68 42 13 54
48 62 53 19
46 89 37 22
96 81 89 60
13 99 18 53
95 35 93 91
35 99 86 63
98 20 48 88
96 31 76 76
71 23 61 90
17 23 69 69
87 54 75 40
40 58 90 23
14 36 26 30
13 20 18 18
31 77 54 97
99 49 11 82
47 46 25 78
95 48 24 45
28 29 15 91
30 93 86 77
92 79 21 94
38 98 88 19
54 86 45 85
31 11 43 94
80 39 74 12
93 31 89 66
46 75 70 37
19 19 62 72
82 45 32 57
31 20 60 17
79 51 20 73
13 10 10 48
44 32 16 34
69 81 28 15
12 50 27 84
42 22 40 39
10 90 13 23
33 67 75 20
78 85 71 12
60 88 99 51
68 15 39 65
65 62 94 47
61 62 18 43
63 32 72 83
91 44 100 31
21 96 26 87
69 57 10 39
23 16 89 69
69 23 43 17
30 55 18 86
39 27 97 89
84 54 73 98
96 81 28 33
58 87 25 68
93 53 51 28
83 32 72 64
94 45 95 24
29 47 93 11
13 10 84 76
44 82 78 100
39 55 49 30
60 32 33 26
26 77 77 32
18 19 94 41
38 12 72 97
62 17 22 21
79 71 20 93
52 73 76 78
14 54 33 19
86 44 47 10
90 66 91 48
68 95 81 28
39 21 68 75
68 35 50 71
72 93 15 54
56 89 41 87
17 93 95 82
44 63 20 20
36 63 91 44
92 28 32 52
33 98 23 98
43 74 76 54
69 22 97 77
41 82 67 91
91 14 12 16
92 82 61 99
23 74 87 52
50 68 92 31
58 11 62 11
95 21 83 72
14 97 81 58
67 36 31 42
35 79 80 36
85 42 72 30
95 67 53 64
99 69 56 33
19 55 17 73
54 13 49 25
33 15 51 60
54 75 18 87
46 50 95 42
13 86 41 69
56 55 39 87
50 69 81 55
94 40 75 35
39 66 60 43
24 54 22 77
63 38 69 23
30 60 56 15
61 45 55 92
38 22 45 35
70 20 58 10
83 95 58 26
18 24 67 98
33 42 38 41
48 87 45 61
25 87 14 17
77 78 63 47
37 15 44 29
49 22 75 11
87 42 19 73
78 19 87 79
44 59 23 33
21 66 60 33
80 28 94 76
86 37 20 100
79 65 58 43
18 24 84 50
72 53 72 92
27 72 95 27
29 19 21 29
67 52 20 32
67 12 40 56
68 33 25 89
84 57 56 42
62 24 58 42
45 22 31 89
28 42 100 59
34 63 24 50
76 71 58 84
51 26 33 12
87 85 32 43
34 50 26 52
14 65 69 50
17 33 59 93
15 82 27 53
33 20 95 66
55 41 89 78
58 43 29 38
60 20 76 82
59 59 42 37
76 24 40 44
26 18 10 21
48 34 72 36
96 21 74 39
75 50 22 10
74 12 80 83
28 14 21 11
46 34 35 65
22 25 64 33
79 99 12 95
44 47 59 34
26541 21435 14599 8947
97 88 78 87
71 57 88 77
65 87 15 92
70 31 35 62
83 39 90 52
100 38 53 29
85 32 15 22
62 24 33 43
16 26 98 66
61 37 85 79
49 52 36 49
54 87 95 32
50 10 98 48
57 60 69 13
98 25 77 19
99 11 16 61
97 78 82 55
64 85 30 51
66 91 35 90
72 92 20 40
17 95 63 24
46 22 52 90
76 33 37 70
83 71 64 44
59 73 98 28
33 34 26 63
95 47 47 22
95 87 76 59
24 48 85 11
29 92 41 70
98 74 92 22
45 81 29 99
77 10 25 74
86 13 83 21
85 38 45 37
45 27 68 19
98 19 59 87
57 33 97 35
96 42 76 19
17 31 91 81
36 74 22 20
91 43 51 13
57 38 32 41
33 97 97 19
17 34 39 34
24 25 16 35
84 83 22 86
75 55 55 96
64 68 51 12
80 50 57 62
51 16 67 29
89 27 35 81
77 22 69 23
59 13 59 57
59 73 75 92
64 73 25 82
28 39 68 31
93 39 18 66
99 13 56 77
39 71 61 77
62 15 63 20
40 11 73 48
15 47 79 58
89 51 82 99
61 35 26 68
30 56 94 92
25 48 44 40
61 21 39 22
54 52 49 55
46 47 26 90
16 29 36 78
82 68 20 99
75 83 52 33
56 32 77 55
12 84 41 87
25 50 33 17
75 61 45 90
53 51 25 43
87 94 86 10
52 63 45 25
57 29 50 86
58 73 73 75
29 89 55 79
31 85 45 19
51 16 28 59
66 59 92 82
10 76 92 35
21 22 86 92
80 14 59 89
96 67 91 84
56 62 41 90
62 16 99 61
41 74 46 77
62 66 82 61
19 89 92 96
88 100 88 99
46 22 100 57
85 61 17 44
81 31 97 94
71 37 32 88
87 32 31 21
86 90 12 31
18 14 76 79
33 92 68 70
83 100 65 29
28 75 100 49
80 64 56 44
75 99 39 88
95 67 77 84
48 57 65 28
43 37 72 87
29 92 45 34
21 16 89 33
20 60 71 46
10 20 17 62
98 68 23 41
71 45 59 100
35 95 48 48
66 89 42 70
15 22 59 88
11 45 58 27
69 78 65 80
14 10 34 39
22 11 54 97
44 16 55 96
94 71 69 76
70 49 66 44
45 11 61 63
78 22 64 44
13 30 24 53
22 85 39 77
28 92 82 13
51 72 39 35
51 17 17 80
58 74 86 97
64 50 86 53
32 10 19 80
98 27 60 30
68 31 45 57
69 14 68 61
63 65 58 73
76 97 25 17
64 36 45 84
58 78 81 74
35 10 32 40
64 73 72 36
64 43 54 69
35 68 26 38
86 33 28 89
19 96 62 21
64 63 37 93
95 77 69 28
81 14 60 87
47 63 100 99
51 33 78 25
42 80 24 100
32 38 70 79
16 39 45 38
28 62 36 53
69 96 64 34
45 44 95 54
51 54 32 20
60 79 63 39
77 90 77 73
57 60 85 28
40 77 46 81
65 31 61 78
55 24 96 36
41 96 34 82
49 81 18 45
36 25 37 93
43 71 49 81
22 53 92 39
32 57 48 67
49 56 71 70
39 29 17 86
28 17 38 47
47 10 70 62
95 64 78 51
59 86 62 55
81 61 94 51
23 95 64 90
40 70 45 45
88 90 21 39
58 12 76 47
34 35 30 23
16 12 99 92
83 13 94 18
13 74 65 67
25 13 86 28
45 75 12 44
62 67 97 93
28 82 84 47
91 18 24 36
22 41 16 81
57 54 69 86
47 29 85 79
91 12 38 55
28 54 40 13
26 51 30 16
30 45 50 93
62 46 30 55
99 74 41 35
93 66 12 19
75 76 22 59
45 100 51 55
37 60 99 84
31 83 35 75
40 23 38 86
62 93 88 20
11 24 63 93
87 48 12 82
82 54 73 30
77 24 67 26
63 43 98 14
11 69 82 54
75 100 90 51
12 88 87 19
89 53 23 16
19 28 93 16
51 48 13 35
19 68 20 44
69 49 67 18
91 38 26 23
90 37 11 89
28 25 98 63
13 27 15 90
58 75 95 28
26 28 94 80
100 11 79 19
14 16 38 83
27 51 32 100
65 20 47 63
38 88 32 59
31 24 68 34
32 36 34 89
85 46 17 30
63 20 39 83
26 30 94 29
25 92 28 10
18 77 61 16
88 54 64 23
64 61 40 92
67 18 41 20
38 64 70 79
57 96 46 56
89 44 44 22
43 75 30 39
65 85 74 100
63 36 79 40
26874 21536 15268 9634
94 66 25 89
80 71 79 49
11 41 29 25
83 28 88 69
59 57 39 25
31 49 27 56
29 76 74 36
66 17 32 60
30 96 54 26
69 81 85 94
83 15 15 25
39 58 11 73
45 66 60 45
19 70 96 16
31 16 67 87
41 18 91 12
31 98 60 14
65 66 79 59
84 39 81 84
23 74 100 100
71 26 45 89
77 46 28 29
77 91 58 79
51 95 90 90
39 76 87 43
83 12 36 83
95 94 85 20
13 32 62 78
13 90 99 19
72 82 27 89
24 11 32 75
50 82 81 18
19 19 85 87
21 85 57 74
42 14 25 14
53 36 51 46
66 42 12 51
67 66 74 53
32 71 43 86
53 21 60 37
82 63 42 44
84 58 51 62
48 100 59 67
23 68 68 84
35 53 46 61
23 92 20 33
18 60 45 56
27 48 58 23
82 48 67 41
27 47 50 54
80 31 81 27
93 51 63 19
19 80 54 89
87 11 72 53
63 100 87 51
41 37 90 46
69 36 84 83
65 44 59 51
96 18 69 98
82 22 65 27
92 22 40 83
42 91 31 83
75 68 88 73
79 65 55 93
20 38 26 63
32 24 55 58
97 46 58 28
97 42 10 11
21 86 100 92
86 58 88 34
90 55 47 42
39 20 29 45
96 25 53 37
73 25 11 35
55 27 26 98
58 62 92 69
40 88 97 12
52 99 39 87
57 63 71 48
64 61 16 87
61 22 91 56
41 12 72 10
18 89 55 23
32 46 40 79
80 27 87 71
12 63 61 29
18 10 58 97
94 69 96 98
41 36 70 16
84 24 46 27
58 78 50 48
79 10 80 49
20 45 58 76
32 52 44 27
84 11 68 48
89 80 67 39
96 91 86 73
13 35 23 11
83 35 46 54
81 32 15 16
51 84 91 73
69 71 67 90
55 39 61 42
55 81 80 56
37 55 75 93
33 65 83 77
44 87 76 41
74 99 26 61
81 31 35 92
74 55 85 28
43 21 91 45
41 84 39 61
21 65 74 70
88 65 28 62
95 78 99 29
37 84 64 49
64 73 98 54
52 93 61 75
34 15 66 38
63 82 51 86
87 28 16 64
58 33 19 22
50 98 33 32
81 17 58 68
16 60 52 26
64 92 21 11
70 46 19 25
22 100 89 11
45 36 96 100
24 55 18 41
21 12 67 82
98 44 88 55
49 35 62 56
12 68 63 11
26 53 65 29
97 48 30 60
61 54 70 93
84 59 29 50
34 11 37 53
62 62 71 69
31 89 16 85
42 87 73 56
27 53 44 88
100 60 15 77
32 24 88 91
92 62 69 74
13 11 100 49
44 93 33 56
98 50 12 14
41 95 12 49
46 15 98 15
42 69 91 93
46 95 20 33
45 96 70 19
18 61 23 13
26 42 38 28
63 69 19 48
45 62 97 56
35 55 40 41
52 52 88 60
21 41 28 49
34 55 13 27
75 80 57 21
70 94 59 25
45 31 42 72
99 19 42 57
79 10 18 65
76 95 23 63
23 23 86 53
54 10 77 67
79 51 33 18
37 61 69 53
11 50 24 32
89 64 54 84
15 24 62 22
91 37 82 11
88 11 29 23
75 32 59 85
41 32 72 72
97 89 35 61
100 45 27 74
27 20 51 13
13 53 64 37
41 81 48 73
97 40 67 70
53 12 41 37
51 77 50 72
16 21 40 60
12 14 48 87
59 59 31 60
15 75 67 98
28 93 15 45
73 64 97 18
20 56 80 74
100 36 34 25
71 81 21 70
77 58 36 71
29 79 48 70
87 23 76 61
81 51 29 79
85 27 57 62
69 15 50 99
55 89 63 26
24 51 47 76
28 79 88 25
36 28 55 98
44 82 91 50
26 66 61 90
99 47 55 88
22 58 66 59
19 71 87 70
71 20 66 68
86 100 71 74
51 28 54 36
55 35 15 95
100 22 15 79
41 64 48 65
93 79 50 48
63 82 19 57
91 10 40 90
25 71 58 72
50 47 39 77
38 35 60 36
49 27 93 29
35 77 50 44
27 15 11 65
14 53 20 74
21 10 20 42
42 55 71 37
87 71 49 21
69 25 16 48
85 53 72 25
53 30 11 68
56 69 89 32
36 16 27 30
96 75 35 15
29 41 85 48
84 84 52 50
56 11 41 62
36 25 88 67
85 38 26 87
86 38 31 64
96 49 78 17
35 52 91 14
98 41 34 61
80 46 67 23
51 16 48 27
39 24 62 69
66 94 85 95
33 76 57 81
27151 21596 15776 9793
71 13 96 54
48 71 27 88
54 94 61 47
81 74 74 49
61 54 41 34
78 81 31 17
84 91 11 56
45 85 25 98
54 17 22 66
34 11 68 14
45 52 10 21
35 47 55 71
65 34 18 34
40 67 11 58
68 50 85 52
32 15 68 51
79 51 62 19
84 17 63 32
13 49 47 16
15 15 25 17
37 66 45 35
15 11 38 83
50 98 64 11
81 76 94 28
62 14 62 24
64 30 37 74
22 58 75 76
73 89 97 30
17 55 26 39
32 32 61 14
31 21 13 77
69 69 87 70
29 14 96 62
61 46 84 100
64 34 46 43
79 93 49 62
43 47 93 84
48 60 10 69
68 29 55 85
15 28 12 19
72 39 70 66
79 82 29 86
57 25 61 35
21 32 87 64
99 13 66 75
93 49 68 89
71 50 66 98
58 53 58 45
37 24 72 10
54 63 45 47
93 86 80 41
48 62 19 82
62 57 49 96
88 36 37 25
22 50 42 49
50 66 69 72
67 47 58 81
87 69 22 16
36 83 92 42
88 70 71 70
91 86 77 58
88 69 96 97
38 51 39 24
14 61 44 47
29 78 29 71
29 26 20 31
71 86 18 41
58 56 11 52
71 99 17 43
10 95 89 66
56 77 39 39
84 82 82 92
23 72 25 99
98 67 83 75
28 93 24 54
10 32 89 31
35 50 63 49
28 23 75 23
54 75 19 92
52 10 63 99
59 10 29 19
26 69 54 69
68 25 12 49
100 70 12 70
90 78 60 75
65 35 95 64
84 73 50 15
27 94 88 36
75 49 73 28
89 23 72 100
57 29 33 65
72 31 28 14
96 19 74 25
15 80 46 18
26 95 99 31
58 21 11 22
74 66 51 31
97 74 74 98
72 81 97 53
32 87 63 28
45 33 93 67
60 84 84 100
54 54 40 75
54 29 90 59
66 61 51 31
77 75 63 12
72 51 54 55
31 85 33 27
86 84 97 12
96 50 57 84
68 65 100 41
81 12 16 80
51 69 83 27
36 29 33 43
25 10 26 53
37 37 56 43
90 90 11 11
63 96 10 91
66 100 45 88
74 57 97 42
23 26 90 87
35 58 77 16
11 42 81 37
48 37 66 62
82 37 53 66
68 100 26 82
87 95 33 76
82 61 35 46
33 37 72 46
69 93 52 27
81 69 97 56
74 83 47 32
82 56 34 29
26 74 83 42
75 60 100 10
23 61 20 57
80 43 37 12
75 82 90 40
39 24 54 100
55 25 44 10
74 84 75 48
85 45 94 80
53 72 74 10
10 25 97 29
54 19 63 11
91 19 70 51
83 65 76 34
17 89 67 94
96 49 14 88
84 57 80 65
52 71 58 52
87 14 78 66
82 39 13 19
41 59 50 36
15 57 57 95
23 25 72 15
36 82 10 75
47 10 95 51
20 76 65 37
76 48 56 45
16 80 39 90
11 99 71 91
48 18 65 92
45 78 43 35
81 45 78 36
61 93 77 31
45 100 81 36
34 95 20 10
44 99 83 11
30 94 53 30
64 59 62 72
64 54 18 49
67 54 14 65
75 91 64 40
66 100 69 96
32 65 10 69
67 64 16 21
50 54 38 94
31 57 82 46
100 54 50 58
76 44 63 22
96 75 14 43
31 100 77 16
82 19 29 45
32 52 23 65
20 78 53 12
40 37 13 51
25 86 17 71
68 14 19 98
76 22 26 61
36 11 37 58
73 44 83 56
67 12 69 57
27 52 81 67
69 28 39 73
84 17 59 98
71 69 21 72
13 17 38 85
39 32 46 94
74 67 86 87
94 37 74 86
73 66 56 23
23 25 97 34
84 68 36 53
55 21 59 99
43 93 92 59
23 72 46 67
98 77 34 100
10 84 46 35
26 37 77 88
10 79 51 100
64 88 89 48
52 55 19 63
39 86 42 27
72 68 100 73
46 45 23 80
67 15 78 10
79 92 85 23
75 49 35 17
73 66 98 84
13 95 76 31
77 93 79 84
74 31 16 36
98 12 27 28
84 32 83 44
55 58 41 89
46 31 72 61
17 42 10 50
47 47 23 83
44 57 43 53
20 72 20 60
54 30 35 55
60 59 48 45
36 94 39 15
62 43 95 40
94 80 30 98
68 96 63 51
58 20 71 46
26 73 17 48
41 40 79 27
42 97 87 96
16 98 74 99
84 52 97 85
56 94 77 13
52 23 76 28
50 33 63 19
10 66 41 93
69 14 19 35
92 94 19 79
78 78 21 57
26894 21174 14739 8752
77 98 41 65
35 94 25 51
82 97 80 21
68 98 81 24
13 73 38 42
41 98 81 20
99 62 77 60
71 82 48 56
90 58 10 84
30 80 28 52
95 48 95 85
98 27 76 37
57 34 34 67
53 58 93 53
30 86 92 18
65 83 74 88
94 60 79 25
67 10 53 96
70 39 16 93
83 52 93 65
26 19 70 22
52 67 98 71
93 43 82 49
20 59 75 33
28 68 19 26
47 49 65 25
13 79 49 10
50 37 98 23
79 52 53 34
21 27 20 73
52 53 17 98
33 73 94 57
70 11 94 99
80 64 68 53
51 50 34 32
14 32 69 21
56 73 98 53
50 43 31 97
86 97 93 24
69 86 52 89
96 55 85 92
40 65 18 91
99 52 55 19
82 44 34 86
97 65 38 98
38 55 30 81
46 78 94 77
56 64 51 99
18 67 93 63
33 97 69 93
64 76 66 87
14 48 20 41
10 42 32 45
28 94 43 12
70 65 38 25
43 74 28 50
19 100 41 73
58 12 57 76
49 40 74 12
63 93 26 97
38 76 61 15
55 12 47 88
50 64 82 65
55 57 69 65
35 68 73 93
48 27 24 82
70 56 50 83
48 57 56 87
52 39 73 81
13 47 53 82
57 22 86 86
26 76 23 39
29 62 97 21
77 66 24 100
26 85 43 82
50 71 60 22
81 87 72 42
21 76 54 52
74 86 74 34
94 71 12 70
17 34 99 59
36 67 21 14
85 42 39 41
62 95 24 24
19 54 77 76
75 16 94 35
30 12 65 25
49 47 81 78
30 19 61 40
71 40 60 75
79 32 35 45
22 50 24 55
62 22 79 16
39 66 70 21
30 100 51 28
32 97 100 15
74 96 92 86
44 25 58 64
29 94 51 34
43 44 99 59
19 96 88 18
50 92 73 32
17 27 57 11
96 39 98 20
49 78 67 99
69 95 50 73
75 97 40 50
99 65 30 52
39 78 47 63
83 36 96 84
30 47 79 86
41 22 49 97
12 14 40 12
99 38 97 77
26 29 93 86
30 72 71 58
87 80 55 86
81 42 80 74
41 41 83 70
33 83 33 34
83 53 56 86
57 22 75 78
37 70 16 62
49 72 51 53
78 87 37 98
93 89 69 96
21 78 90 57
77 15 19 90
78 84 88 62
76 70 43 18
13 67 94 42
53 58 26 38
49 34 66 31
26 70 38 88
50 100 86 39
30 47 54 49
86 14 60 30
89 90 55 99
28 18 60 74
66 87 63 86
76 38 53 33
81 86 67 97
28 79 55 52
39 81 62 44
68 43 33 15
56 71 99 92
33 53 69 42
61 77 21 23
25 73 15 69
77 78 96 79
94 43 27 70
13 56 39 70
16 63 17 16
27 67 80 63
92 29 83 36
68 88 81 13
91 40 40 62
58 64 34 82
99 64 34 53
84 85 38 55
50 99 45 72
88 77 98 76
48 52 42 64
72 95 18 64
73 95 78 53
70 70 35 100
52 33 33 84
87 23 32 31
25 90 71 63
44 21 17 88
58 49 52 81
70 99 35 56
83 10 17 76
29 50 33 41
46 37 14 71
72 97 88 87
98 80 42 51
38 84 86 79
44 65 16 88
32 34 84 29
77 76 44 96
82 95 91 83
54 35 93 60
14 63 32 34
41 86 48 32
82 36 80 63
23 89 91 72
16 32 98 28
85 68 13 92
48 46 27 43
36 59 74 20
53 62 97 73
32 97 57 70
86 16 56 70
18 89 46 41
78 86 60 70
78 67 83 92
72 11 21 70
86 27 57 59
41 24 32 55
96 60 44 47
35 19 68 66
11 99 66 28
81 85 59 27
64 53 54 46
63 30 62 85
92 78 29 12
31 80 35 82
79 49 91 55
90 70 36 83
87 13 15 80
42 42 83 12
56 98 29 62
24 96 86 49
58 34 91 38
91 77 96 76
53 91 41 38
52 83 67 65
62 59 44 85
45 64 52 82
27 63 11 43
31 65 44 99
79 19 90 20
22 45 57 21
21 27 30 94
84 71 52 55
77 29 55 46
80 90 56 67
55 48 26 15
28 65 25 67
39 18 85 31
77 10 34 78
34 75 57 32
91 30 48 75
10 68 31 48
14 54 70 34
23 27 82 34
42 59 26 66
92 98 56 97
11 11 63 12
23 62 88 36
85 38 70 75
92 36 17 85
70 78 81 100
29 94 63 26
47 91 13 45
25 19 61 90
95 54 26 23
51 55 41 62
48 89 95 17
24905 19519 13916 9744
94 22 54 22
31 15 16 91
37 92 25 84
13 90 10 33
15 58 51 40
73 10 40 85
32 33 30 90
72 50 21 45
36 24 55 25
12 83 74 78
39 83 17 28
60 59 26 15
22 48 68 32
31 59 48 31
57 44 31 67
42 39 15 97
63 18 62 36
62 28 58 26
95 98 56 16
90 61 25 13
93 80 14 82
87 37 71 85
97 70 34 16
12 66 88 46
100 22 52 57
48 33 39 16
25 21 85 45
23 17 92 40
70 58 68 34
67 86 17 35
39 28 70 58
43 43 61 14
11 39 96 46
12 35 97 54
15 14 97 10
47 18 96 20
12 43 45 55
71 41 29 56
88 16 51 78
86 63 77 53
23 49 34 64
44 92 39 24
57 64 40 67
84 58 95 17
34 19 25 93
61 54 31 39
97 28 55 90
62 75 41 50
59 80 23 31
57 51 74 10
94 38 39 18
90 70 78 21
66 10 44 59
33 18 90 89
52 53 51 13
66 65 68 25
25 88 96 60
32 57 88 79
82 45 38 17
53 34 70 45
28 10 61 12
79 38 75 98
85 46 59 85
97 29 18 37
64 35 81 33
64 88 63 27
77 88 68 40
55 59 27 16
22 26 97 12
81 78 54 51
13 50 55 64
79 90 51 73
86 36 78 31
42 37 92 30
93 89 49 54
28 84 97 82
24 28 61 17
65 62 65 37
59 23 18 33
51 42 47 76
84 100 43 87
89 31 92 13
86 28 45 88
10 15 10 90
12 49 92 34
83 76 44 70
11 28 71 72
72 84 88 88
82 92 16 76
35 55 35 68
32 36 53 70
53 40 55 65
26 83 50 97
44 76 89 18
75 76 34 75
13 96 39 97
69 30 25 80
56 87 51 16
96 54 42 64
80 87 20 42
48 84 80 71
99 54 38 96
90 67 98 70
83 46 58 71
74 33 13 46
91 45 24 66
39 100 94 93
47 42 92 40
93 93 81 35
69 37 15 59
35 38 86 53
80 77 51 23
49 87 80 15
84 80 99 84
97 44 34 62
87 80 81 87
42 96 100 59
68 88 87 48
49 51 90 48
34 66 50 13
75 95 95 74
54 32 20 13
100 85 20 51
43 31 99 97
77 48 85 44
41 82 79 10
40 54 88 29
79 76 93 90
60 21 11 91
73 28 99 35
56 24 71 42
46 33 83 58
16 52 20 98
98 63 51 84
75 18 20 33
46 22 21 73
34 37 89 12
74 62 41 91
87 96 25 29
79 79 41 44
92 74 90 94
67 34 11 63
46 72 19 10
89 95 76 23
66 78 11 91
49 27 94 71
94 49 68 99
40 56 54 58
78 37 11 20
58 38 49 18
71 42 99 90
31 13 61 89
62 66 32 92
88 94 17 40
14 64 63 37
28 57 32 63
73 46 14 78
46 60 47 29
35 90 64 81
86 62 24 84
49 18 59 13
37 95 33 66
86 45 41 41
26 33 15 59
62 74 31 93
99 12 91 46
57 70 57 12
91 93 74 89
64 85 59 76
83 21 38 77
22 90 60 30
53 72 40 97
73 78 95 17
69 100 72 88
51 47 24 73
80 23 39 33
37 83 12 58
25 60 37 44
22 58 33 84
63 75 88 54
74 85 37 31
60 69 44 73
15 92 42 99
82 78 26 19
39 93 78 54
100 53 58 30
37 75 52 100
69 57 95 81
79 17 51 83
43 92 25 10
95 24 17 70
13 85 72 100
31 49 22 75
66 83 62 35
81 24 63 91
84 95 50 90
89 13 24 23
46 55 65 75
81 57 66 21
35 68 21 59
84 37 84 86
30 100 52 47
16 35 100 100
32 14 52 82
47 20 42 68
62 87 48 50
89 60 13 51
86 97 14 20
52 81 26 86
29 17 93 80
81 94 64 66
83 71 50 70
66 67 35 39
34 23 29 32
55 91 100 18
54 82 82 57
21 43 100 94
22 65 30 13
54 58 53 54
71 36 78 74
72 22 90 90
15 66 74 66
89 64 67 65
94 99 23 93
99 11 53 74
60 23 10 16
55 10 54 61
10 17 58 57
67 86 29 56
83 76 93 38
49 82 41 22
86 74 92 77
91 59 40 17
36 64 67 75
37 58 56 99
30 34 19 37
39 54 89 78
81 61 80 32
56 90 18 15
61 90 82 45
67 49 87 26
18 37 13 18
98 40 62 75
61 91 89 52
30 13 87 61
38 33 96 17
48 87 72 34
94 45 35 31
27 59 25 43
49 55 12 53
25530 20763 14852 9297
77 61 33 18
45 45 88 67
19 91 74 91
19 43 37 35
88 95 13 64
63 56 49 50
41 28 36 100
53 88 92 75
69 67 73 40
81 84 51 35
61 48 59 13
72 100 79 42
80 20 13 39
79 11 66 34
67 61 40 90
26 86 14 50
81 75 33 100
84 75 96 59
82 100 83 28
80 75 37 64
73 65 57 34
15 77 97 32
67 54 23 10
29 49 48 19
58 21 21 24
44 21 30 18
70 83 28 90
96 26 87 29
40 29 11 36
33 21 79 74
65 20 31 25
85 39 40 93
60 32 96 35
60 33 82 40
41 70 10 88
34 26 69 68
97 20 37 81
16 60 82 56
78 71 84 80
30 44 37 58
35 62 39 95
26 72 65 12
55 22 15 92
13 66 88 82
80 93 43 34
96 34 76 16
78 40 11 18
85 66 33 83
81 10 70 61
76 76 63 30
47 59 93 26
91 44 37 11
60 88 25 95
97 48 85 34
11 15 94 99
65 31 61 85
64 29 52 35
38 52 16 80
31 92 30 68
10 57 14 40
12 94 64 18
97 84 72 89
45 21 91 90
89 98 100 72
88 16 95 57
65 89 36 29
68 85 88 59
76 43 29 76
56 80 17 20
35 77 54 30
82 33 59 48
54 60 57 76
82 83 56 92
38 52 67 78
54 55 65 100
11 38 23 35
43 85 16 44
69 85 80 88
43 85 96 26
59 56 25 15
20 98 32 46
31 76 57 10
41 74 90 52
28 92 51 99
25 83 23 64
84 87 23 99
54 24 50 91
26 47 72 30
29 44 32 10
94 69 75 28
30 28 48 28
42 85 23 13
25 76 81 35
79 64 79 50
73 17 75 85
91 67 87 26
57 71 97 19
28 99 14 65
58 23 58 99
19 14 36 59
54 64 60 74
31 15 91 78
73 66 35 16
77 18 33 59
22 17 45 12
51 15 31 16
23 71 45 11
97 100 45 53
91 36 96 58
86 45 10 71
61 83 18 19
51 18 53 67
30 19 80 34
100 74 19 46
94 10 33 31
46 19 67 44
13 26 45 95
45 56 11 31
67 63 49 27
86 53 74 96
21 80 66 19
96 84 24 38
91 30 37 17
41 65 77 11
63 14 75 22
89 56 64 63
34 85 23 87
75 18 41 63
64 69 95 75
42 26 100 30
39 20 76 49
90 77 43 21
12 12 91 84
30 89 82 56
70 91 36 16
89 32 19 29
54 48 97 44
63 45 69 33
12 37 96 66
65 35 41 33
72 89 82 23
12 15 24 36
66 44 49 88
17 89 82 44
95 68 47 28
14 30 50 90
48 26 13 31
96 63 51 44
12 86 90 93
60 27 73 51
81 44 22 57
21 18 26 46
45 76 23 98
75 80 93 84
48 64 58 30
10 69 40 54
79 69 97 81
57 80 18 17
86 80 53 74
72 13 25 54
36 71 56 33
38 37 44 33
56 94 78 63
78 56 80 54
73 60 26 65
51 98 24 93
99 92 43 38
67 47 72 20
71 46 67 45
22 20 17 69
76 60 71 25
26 74 47 79
47 76 31 17
92 18 69 53
48 78 46 50
28 99 96 76
35 29 13 20
45 22 59 68
56 39 41 60
33 86 97 42
54 48 99 20
89 41 85 75
79 73 84 25
58 10 60 84
32 98 45 22
84 55 44 36
64 60 38 35
31 21 80 26
89 69 66 28
50 76 27 76
84 75 21 31
10 94 62 24
31 87 43 20
90 25 92 11
42 56 13 48
47 43 95 45
51 12 34 98
64 100 42 16
27 29 37 40
19 38 35 46
40 50 69 84
30 50 79 76
62 52 62 13
96 57 99 77
67 44 53 24
51 91 84 55
84 40 99 58
100 33 50 81
47 82 26 11
41 21 83 46
47 37 11 59
13 100 59 73
99 28 22 39
95 80 96 29
59 56 42 76
17 22 42 71
100 38 74 25
61 47 76 30
64 46 48 34
23 59 77 62
29 12 27 22
60 89 40 52
94 31 73 28
45 99 59 32
87 20 35 67
70 78 64 93
29 95 59 29
83 97 99 94
25 21 99 50
53 40 33 95
38 97 16 88
47 49 56 73
86 17 14 95
47 74 23 42
58 67 93 48
78 61 99 47
39 17 84 19
51 66 33 29
43 71 33 21
24 36 89 96
84 90 27 72
42 45 95 33
22 76 11 15
15 52 65 73
84 20 71 10
12 79 87 23
34 95 33 99
100 87 79 87
55 28 13 89
30 69 19 17
25931 20421 14749 9199
68 72 53 22
42 20 96 63
60 22 93 41
100 30 37 91
31 10 64 51
86 12 57 17
21 51 14 90
20 51 68 42
96 45 95 49
98 34 84 32
66 35 49 96
68 13 69 84
36 67 37 64
35 95 43 34
98 16 35 22
45 56 40 75
42 98 50 61
81 30 70 81
18 12 98 75
53 50 69 76
63 43 100 81
62 52 17 87
36 41 26 44
77 75 46 36
92 22 62 56
64 21 59 12
23 74 58 78
27 43 74 55
50 92 59 73
17 55 59 67
57 54 96 100
89 53 13 48
67 90 45 56
37 93 68 87
33 65 87 12
61 31 94 68
99 96 80 24
51 23 22 15
53 11 64 76
98 87 16 11
35 88 58 65
96 66 22 14
80 67 91 96
16 41 47 98
26 63 70 44
44 24 35 49
73 63 63 62
64 75 17 41
17 34 22 68
46 96 14 51
45 39 93 82
15 54 83 82
61 29 100 27
33 29 37 100
78 44 62 47
51 92 86 78
24 39 51 33
44 68 11 91
96 25 66 30
50 60 56 58
67 16 55 95
55 60 80 25
38 98 88 48
30 29 70 76
97 93 60 18
70 71 16 82
75 79 13 15
88 71 49 52
62 76 73 97
99 51 76 84
43 21 26 43
31 51 17 15
65 70 48 97
75 34 24 32
31 69 96 82
36 56 63 73
18 98 40 39
85 17 61 85
19 92 99 23
11 43 70 11
81 33 100 20
32 14 38 19
17 61 69 67
46 27 53 90
67 85 57 64
76 93 21 64
61 48 47 47
62 85 43 56
51 69 99 59
11 66 99 90
65 12 71 46
85 44 74 68
75 19 97 96
37 57 73 66
53 24 28 22
72 51 96 40
88 12 87 32
57 74 30 79
66 79 49 14
56 59 50 57
88 14 71 65
97 39 13 52
16 78 94 13
77 39 87 51
70 33 24 13
10 24 11 52
30 45 50 10
30 31 71 44
57 37 63 65
92 44 61 99
49 97 94 48
19 66 89 76
32 27 32 87
23 40 21 54
64 34 87 77
81 25 88 100
38 59 75 59
22 94 36 24
52 86 28 37
59 44 18 80
33 68 46 78
68 40 28 37
14 22 90 17
86 82 25 25
67 76 83 13
72 59 22 54
50 10 43 94
94 18 75 30
11 20 23 51
35 40 83 52
84 48 97 100
60 24 11 93
81 97 12 23
18 17 67 64
87 83 33 84
57 60 55 14
59 19 14 75
96 94 100 64
91 59 29 69
87 11 91 12
25 26 53 67
96 100 76 14
51 52 57 90
26 63 33 13
68 10 32 64
87 41 91 21
59 92 66 20
66 19 59 94
23 27 96 48
96 51 18 75
38 75 41 82
72 38 85 56
15 61 97 34
71 27 57 81
59 50 92 17
71 28 20 94
18 15 33 65
65 45 97 30
23 75 91 11
52 70 69 87
81 51 99 56
75 35 27 91
25 61 91 82
14 86 80 77
45 18 56 25
15 81 80 52
61 63 29 48
74 45 67 57
78 89 39 65
44 67 47 81
41 64 11 56
74 14 99 95
24 47 21 25
61 95 99 33
76 21 14 78
99 62 68 25
19 13 73 96
95 64 10 53
73 93 16 17
27 33 77 24
46 68 87 24
22 75 18 66
90 17 78 73
10 21 20 55
13 44 48 72
72 97 25 28
67 17 86 58
56 96 28 39
32 84 81 81
44 91 33 37
90 23 17 88
88 80 80 29
46 96 76 75
63 62 89 74
18 32 30 50
67 42 59 78
15 75 38 34
53 79 31 55
61 68 53 19
74 39 53 71
79 67 16 50
90 67 22 16
54 87 79 73
85 35 81 39
56 80 68 20
44 32 43 75
27 72 84 41
32 46 17 55
54 55 26 53
42 16 80 21
73 78 44 44
57 51 81 37
40 75 37 93
77 80 96 81
53 82 87 61
56 54 20 26
45 80 33 86
32 67 90 69
46 29 85 77
86 22 55 41
80 86 76 93
11 20 79 13
11 22 53 89
26 61 30 42
14 58 49 46
19 20 90 92
72 65 99 54
89 28 26 38
81 44 75 88
13 18 67 63
94 74 41 11
92 88 58 87
99 82 43 92
28 65 72 56
100 28 58 70
64 95 52 50
53 34 94 75
79 43 88 63
73 11 26 36
62 94 20 36
49 53 28 12
44 71 59 53
17 33 83 35
33 95 61 19
53 51 65 25
28 94 32 28
60 31 23 45
67 47 95 65
63 12 70 85
64 76 14 47
25739 20364 13931 9716
65 98 56 71
71 87 97 78
36 50 69 30
75 26 42 49
35 49 89 13
32 48 52 73
27 33 11 83
92 56 30 88
71 74 61 33
90 96 29 44
73 45 50 76
84 12 26 71
24 77 70 88
13 74 48 53
100 37 39 10
52 97 26 23
74 74 60 81
23 59 66 86
14 79 52 52
16 31 23 32
45 26 95 82
74 92 90 67
81 36 72 100
71 93 40 86
26 24 38 20
43 76 85 13
47 98 28 65
13 21 59 21
76 47 80 66
70 92 10 81
19 43 78 52
72 18 82 41
98 83 100 28
57 64 14 54
12 10 38 83
96 44 58 62
81 43 23 67
49 30 66 28
85 34 90 47
91 27 100 16
88 31 54 32
15 46 50 64
62 33 51 13
46 95 71 46
13 41 89 16
96 70 35 66
44 88 14 46
11 99 36 49
90 75 30 23
83 66 12 88
11 19 27 56
31 69 61 86
80 50 67 54
75 11 59 47
50 11 15 14
67 58 33 52
95 85 78 19
78 75 95 93
47 66 67 54
50 92 11 97
25 27 49 84
75 81 11 16
10 23 20 37
18 93 27 27
47 65 17 24
64 22 31 93
58 91 71 93
66 54 28 50
63 79 65 77
97 56 45 53
20 43 49 90
42 95 14 100
55 32 97 58
44 80 55 31
63 31 34 48
54 34 14 97
32 45 55 11
24 95 60 70
32 75 58 51
74 17 99 81
46 79 58 83
64 70 16 89
41 98 56 50
57 32 90 46
80 93 29 61
20 23 83 38
55 14 63 38
33 40 77 26
98 19 51 79
43 54 88 57
19 82 78 57
12 41 53 71
90 61 90 55
68 63 99 81
39 59 81 52
46 85 69 97
50 10 77 22
72 91 97 30
65 55 97 42
44 77 56 93
54 60 95 12
63 17 68 95
56 66 12 14
98 89 53 70
52 31 52 76
40 94 29 32
33 79 56 50
40 78 76 12
100 10 23 50
24 58 37 88
20 31 59 72
99 97 22 87
60 32 18 73
80 96 85 75
30 45 94 60
99 62 46 34
67 90 14 71
11 93 97 13
53 11 58 16
94 18 48 80
17 10 40 41
87 61 24 16
70 20 76 95
76 59 90 25
60 71 33 67
12 11 29 85
41 56 24 77
98 39 31 93
19 33 47 14
76 24 56 66
35 18 98 82
99 73 63 69
65 33 54 68
63 89 13 34
83 41 31 70
61 88 23 95
84 21 53 15
89 93 37 60
55 79 95 31
82 12 93 67
43 51 72 11
66 18 67 85
30 59 16 90
51 35 50 28
69 93 89 69
21 64 28 28
54 49 18 65
41 55 56 66
47 53 46 92
20 75 49 96
41 33 26 19
46 93 91 51
97 26 81 46
99 79 54 50
61 56 71 91
57 14 30 33
70 39 29 37
71 99 88 16
88 54 22 94
29 90 91 69
57 18 66 68
94 32 28 58
85 98 92 70
100 40 56 33
25 48 21 10
55 84 98 44
94 25 91 58
54 78 34 34
93 17 93 47
81 27 82 30
97 76 16 44
34 21 37 73
51 63 68 91
81 45 97 38
92 65 33 58
14 23 56 15
98 27 83 53
23 86 34 13
10 89 23 54
95 66 22 100
73 14 28 54
91 65 80 95
87 31 69 30
97 12 55 52
84 10 67 63
55 96 74 50
89 59 78 82
32 38 94 41
89 35 99 19
41 71 27 34
37 86 81 30
86 71 62 35
45 97 55 54
30 91 12 81
31 19 23 28
99 44 80 68
44 33 59 82
90 17 16 14
54 38 61 95
62 91 82 99
72 14 74 18
28 36 53 44
86 94 78 56
31 67 92 92
90 81 94 65
87 42 10 100
82 26 38 18
19 20 59 76
71 60 34 54
69 53 29 62
35 78 94 34
23 99 80 83
86 93 41 83
50 60 58 99
15 66 42 79
72 64 87 98
83 42 100 35
74 61 61 82
54 50 67 85
29 28 19 83
14 12 52 24
97 42 75 25
22 38 83 74
32 77 88 66
36 69 36 67
72 27 68 13
97 49 46 18
71 11 47 16
56 45 43 20
76 27 35 90
72 81 82 39
11 25 26 84
80 51 78 76
83 83 44 40
86 54 28 45
58 96 97 89
29 34 26 52
60 45 10 12
75 74 80 87
29 100 83 37
16 95 46 88
19 34 85 74
43 62 90 45
15 48 89 51
56 69 84 83
83 92 53 50
88 98 48 40
34 81 94 58
34 68 63 50
14 24 63 42
26823 21602 15251 9677
21 43 20 91
78 50 11 68
71 96 37 88
100 73 85 85
69 24 94 85
49 38 19 30
70 74 61 36
12 63 95 91
67 82 62 72
93 53 45 74
20 80 62 38
49 41 23 82
92 62 14 73
27 83 45 86
86 49 45 86
98 55 64 60
22 62 23 24
80 70 30 100
97 62 68 40
61 42 19 92
36 84 100 21
29 12 80 39
40 80 57 71
40 55 85 69
52 30 98 26
18 62 80 96
58 13 12 37
61 30 12 12
76 18 23 47
83 75 91 92
51 96 39 26
11 75 97 64
91 88 48 17
29 35 43 82
70 28 52 11
70 79 20 26
90 33 77 72
71 27 97 57
26 83 77 68
75 63 18 70
47 34 97 78
51 45 19 88
26 60 32 77
86 80 61 59
16 38 49 13
29 92 80 48
23 62 76 72
59 83 26 52
11 88 27 35
61 90 17 72
87 56 24 51
43 89 56 84
52 47 52 38
52 39 38 23
35 25 65 52
40 11 33 48
18 98 83 95
82 66 55 16
98 65 39 60
52 10 80 67
67 84 92 86
57 17 75 79
97 80 69 12
41 15 95 54
71 13 74 36
71 32 94 58
27 33 50 64
26 85 61 19
85 97 43 48
22 94 32 14
74 67 38 26
72 69 12 32
34 66 73 66
13 81 55 48
84 34 92 92
96 60 72 59
21 32 12 62
33 67 17 40
38 55 51 75
89 11 12 55
17 68 87 14
11 64 100 20
49 99 60 14
49 24 32 49
84 36 76 10
63 90 15 100
69 92 69 86
57 48 59 52
55 99 20 69
30 76 85 39
91 61 50 37
41 11 99 94
33 47 15 69
87 40 10 76
20 60 61 76
49 14 25 16
67 89 43 23
58 100 29 84
81 75 75 99
32 30 64 29
63 69 51 92
91 13 38 63
97 71 93 21
69 76 96 41
41 62 93 29
37 52 26 81
77 58 94 75
43 45 30 11
99 17 38 25
97 86 79 85
58 70 70 86
41 52 94 26
16 13 65 65
24 56 39 67
61 93 23 25
87 10 47 93
67 73 47 40
48 60 88 46
17 37 82 47
60 46 70 57
60 62 79 90
66 61 44 31
84 88 15 99
51 52 36 88
10 34 26 65
39 93 44 93
75 13 88 100
37 41 13 32
87 71 84 14
51 54 21 35
28 93 97 70
38 14 60 52
24 40 95 18
52 30 50 47
66 94 52 70
14 12 78 99
45 95 27 13
22 16 44 92
72 45 51 19
48 23 70 21
85 71 35 85
13 98 42 61
91 82 30 59
68 93 33 32
98 57 28 33
55 34 60 54
45 80 95 67
26 74 91 57
22 17 43 36
88 49 45 26
41 14 22 81
12 39 21 21
64 67 67 75
17 70 50 51
26 82 58 11
64 10 88 70
34 87 16 91
23 88 56 36
91 82 67 68
75 72 53 36
91 74 32 46
56 65 20 23
44 89 63 94
13 39 42 60
16 22 32 56
73 59 40 98
94 39 30 100
91 20 61 56
32 62 43 17
96 39 63 92
79 82 80 39
53 19 39 49
15 99 47 73
11 81 50 50
54 63 85 79
37 60 32 73
72 11 61 78
68 78 78 66
38 28 66 95
59 97 43 28
13 53 70 21
98 40 54 51
14 14 81 86
26 55 78 47
83 14 30 41
91 96 45 81
80 65 25 99
55 13 83 91
80 13 32 44
90 99 21 54
23 89 32 76
49 34 81 24
35 12 80 19
55 82 28 35
55 54 66 94
74 21 89 59
59 19 81 84
11 23 36 13
86 98 92 44
81 48 33 69
78 29 69 40
96 63 59 21
79 81 80 47
33 92 35 37
28 32 48 82
17 91 90 68
95 26 36 11
31 62 87 74
36 30 30 94
18 78 22 68
49 68 91 30
79 62 48 63
22 81 83 71
93 37 91 36
100 78 67 86
73 53 96 18
38 62 71 46
22 54 70 39
79 52 15 82
65 26 18 26
95 72 36 87
73 53 51 87
65 94 47 82
28 29 74 100
88 27 81 86
33 86 90 90
74 82 50 72
40 67 21 12
88 82 32 36
91 56 54 18
50 34 52 100
33 84 91 56
27 93 35 75
52 12 22 14
76 63 33 84
47 34 56 46
33 43 17 36
51 46 15 66
86 79 50 98
79 97 28 81
22 99 65 49
96 93 30 16
80 44 59 52
23 39 48 57
40 17 36 57
38 69 65 44
89 12 80 32
48 24 39 71
40 62 88 73
67 23 93 67
27342 21172 15555 10040
25 100 70 83
54 24 28 47
23 94 99 14
94 57 68 26
27 29 93 56
74 47 49 83
55 14 53 91
33 59 34 27
69 87 49 90
64 24 100 67
40 93 53 89
33 38 13 67
69 46 37 30
62 34 68 21
64 68 62 27
90 100 21 35
93 15 24 56
90 50 75 52
82 85 90 63
43 82 71 67
77 35 44 20
79 17 74 59
56 83 85 42
51 67 41 70
76 99 57 51
49 11 11 81
44 74 29 87
58 40 76 63
38 42 67 38
59 38 65 55
33 75 42 31
50 61 42 30
24 57 45 21
13 86 30 14
57 44 61 78
81 13 71 87
20 35 92 73
78 66 95 71
45 33 81 17
96 94 68 90
46 72 46 45
69 19 30 94
32 69 11 10
28 23 42 92
42 75 93 50
45 44 72 16
35 17 87 40
95 69 85 22
57 79 32 92
26 64 30 14
25 100 58 63
97 42 30 54
31 68 75 62
43 38 89 75
16 71 40 90
95 41 98 68
11 72 98 36
62 31 23 22
24 83 99 94
88 73 41 23
68 33 70 98
89 27 97 70
38 57 49 41
40 20 33 10
20 65 32 77
50 94 73 95
50 21 87 17
28 79 39 78
40 37 37 59
62 86 54 66
54 92 19 92
85 88 54 78
58 70 44 55
16 47 43 79
56 100 42 21
61 73 22 76
43 58 32 81
94 68 18 62
81 41 24 38
53 93 15 29
44 38 13 90
32 49 30 89
86 39 32 86
73 45 30 50
53 20 19 13
83 82 44 63
89 24 82 19
49 42 19 99
27 20 45 79
71 49 78 51
47 31 94 75
55 76 79 84
80 62 29 17
53 66 77 13
31 40 12 65
13 57 71 28
63 54 31 93
93 65 88 62
24 83 80 100
38 44 66 63
24 94 41 24
55 57 57 21
44 52 78 77
39 11 33 79
82 57 30 80
42 63 41 58
60 66 91 71
20 27 81 52
74 53 89 37
30 27 17 78
88 19 66 53
99 70 66 54
22 14 25 70
42 31 72 63
45 32 76 89
91 38 52 92
97 62 59 81
41 65 72 16
47 22 78 10
93 17 25 79
53 31 11 28
23 43 75 29
38 71 97 22
45 82 94 15
43 41 25 22
89 66 74 73
34 17 86 87
33 24 70 38
67 80 45 99
69 87 74 16
17 64 24 15
57 99 51 86
45 21 90 28
38 88 19 75
62 14 35 15
49 49 71 91
80 47 32 81
23 32 61 30
90 58 51 72
94 40 55 69
68 78 59 41
77 95 30 83
42 16 32 83
78 33 81 28
89 10 42 60
18 20 96 76
57 73 80 15
94 92 21 72
84 49 42 48
42 47 35 36
61 79 31 14
22 81 31 28
88 49 61 38
57 91 12 23
20 91 45 76
89 89 87 90
87 89 72 28
38 49 16 76
13 55 86 99
69 24 73 19
55 81 68 40
36 35 16 26
74 56 43 78
39 56 55 93
79 40 32 14
89 48 40 16
21 57 25 61
93 46 26 45
25 68 76 78
98 97 85 15
58 33 12 47
37 20 91 12
32 45 92 84
54 62 83 51
97 49 47 91
99 83 89 42
88 37 25 18
59 23 64 67
12 55 69 38
97 23 91 39
75 88 93 58
58 75 48 44
24 41 95 50
39 11 32 16
24 55 62 60
40 91 76 81
56 33 65 86
12 71 23 40
18 36 84 92
11 15 67 11
33 19 95 14
24 14 15 74
17 28 33 38
55 49 61 41
29 20 46 58
66 26 21 35
13 86 60 35
33 65 73 86
33 74 60 40
25 71 51 82
85 92 33 38
49 45 29 92
54 81 53 39
81 76 13 92
70 64 98 93
89 24 93 90
56 81 99 45
10 87 38 78
18 27 53 27
63 93 76 68
41 76 29 73
90 39 31 58
42 79 29 93
27 14 21 67
38 51 77 89
66 70 90 75
65 12 95 71
59 64 78 57
90 95 55 37
80 89 40 10
99 83 64 19
18 83 24 11
95 76 18 40
87 62 53 14
77 90 75 66
26 36 75 17
86 90 98 72
99 54 47 57
100 95 33 19
97 93 39 96
37 90 56 69
89 40 58 58
74 23 90 19
11 75 48 14
55 91 54 54
36 59 47 10
70 40 46 28
31 42 39 97
34 95 60 56
52 14 91 45
37 49 58 76
45 46 81 86
26 93 29 42
43 73 84 58
51 31 14 52
21 11 11 66
100 45 32 66
58 92 42 21
92 48 52 39
27 97 80 28
26617 20578 14105 9097
80 19 71 45
78 90 80 17
16 15 85 48
20 99 29 58
100 47 33 81
84 17 91 43
37 11 94 14
94 66 69 63
51 50 60 37
76 27 10 42
26 31 32 25
44 55 53 32
55 59 59 64
16 65 87 18
81 23 50 53
85 79 40 89
92 58 63 37
67 33 50 98
76 63 39 63
18 81 86 10
73 72 68 84
12 49 88 88
96 83 56 18
98 52 25 49
44 11 84 76
66 11 38 86
95 75 72 63
39 82 27 41
49 67 81 60
38 28 12 55
67 61 91 67
17 49 11 11
72 27 63 27
78 14 83 75
81 64 42 81
57 28 16 97
87 30 39 15
65 75 27 11
79 82 58 78
15 18 63 72
62 37 28 19
89 66 47 73
57 89 78 87
31 95 14 56
88 34 72 27
52 58 95 78
87 57 77 73
84 92 65 67
47 11 47 60
51 90 59 18
69 60 10 15
29 27 50 69
100 39 81 16
38 74 33 18
67 63 46 42
57 89 95 97
57 48 94 29
12 99 35 87
81 18 47 71
69 85 68 60
78 30 88 17
64 26 57 19
72 16 60 14
41 41 35 56
10 94 18 68
71 82 56 79
56 41 92 73
70 25 29 14
23 20 26 58
76 95 77 23
67 35 52 40
79 46 71 23
35 60 76 79
98 87 93 69
33 36 10 62
20 52 46 22
15 20 36 12
33 53 67 35
69 52 15 99
16 19 78 15
17 80 42 46
89 43 36 56
80 44 97 61
71 63 39 91
28 87 26 58
31 87 15 51
61 10 65 70
46 82 88 51
46 62 12 53
72 26 83 25
61 46 46 86
16 40 90 78
59 24 81 35
40 20 73 11
29 66 87 29
50 50 71 80
89 90 67 54
24 32 21 99
67 92 58 94
11 25 42 47
46 40 30 45
33 28 21 63
38 69 32 85
45 46 67 40
20 84 56 32
12 40 11 96
33 55 33 60
48 61 58 58
11 10 99 52
89 12 65 88
55 36 47 93
78 26 64 59
71 40 52 66
67 53 56 39
72 96 28 65
93 94 23 81
72 73 88 81
21 71 100 62
17 81 88 94
16 74 22 94
25 60 99 53
73 40 75 78
32 97 20 34
35 88 81 93
74 13 63 97
59 41 32 53
12 78 68 73
18 63 41 63
53 54 84 80
26 88 50 98
57 30 60 86
63 79 36 11
42 75 76 39
41 15 35 97
49 64 16 43
26 65 97 92
54 45 69 54
15 90 74 28
62 16 27 65
51 13 79 52
73 97 45 97
92 47 64 59
24 69 54 41
25 35 45 38
100 24 88 97
59 74 37 96
11 100 47 32
94 82 42 11
19 74 71 42
61 23 94 49
17 98 73 89
79 23 83 82
74 34 33 51
47 99 80 18
56 53 86 33
75 53 30 76
16 30 77 65
23 27 21 29
28 77 94 98
50 51 22 90
94 69 88 75
99 18 16 13
59 79 94 41
79 31 51 56
54 14 15 52
37 39 70 21
63 42 38 19
54 19 18 32
89 56 41 90
95 91 50 42
70 46 51 60
55 68 11 18
63 29 20 77
47 16 38 59
68 10 41 80
41 12 76 100
86 17 56 16
90 35 34 40
11 49 69 28
90 100 49 51
59 91 73 35
58 90 61 17
77 93 12 45
92 58 58 39
46 37 93 93
32 59 61 69
57 100 75 93
96 97 25 12
15 19 17 79
39 50 46 17
29 15 17 97
47 34 58 83
25 70 89 98
59 66 99 76
81 29 40 41
44 52 77 91
65 55 94 54
72 10 96 55
38 58 26 58
92 18 42 42
43 91 43 10
65 92 25 31
87 34 85 60
86 100 11 61
68 65 74 57
93 97 61 92
91 62 81 95
20 15 46 28
86 92 65 12
47 80 51 70
27 64 56 24
20 87 30 32
29 50 25 66
90 27 75 26
33 56 45 72
80 79 64 85
88 60 31 24
94 30 38 33
65 54 95 56
17 24 80 77
74 42 70 73
28 74 64 75
12 52 89 54
98 39 99 95
99 28 13 21
76 42 98 52
90 84 39 56
91 15 31 35
58 20 64 11
78 68 28 79
86 48 39 70
58 100 36 22
60 55 27 11
54 35 17 83
26 89 96 35
68 48 61 56
42 58 42 43
21 43 59 35
51 90 36 93
39 36 37 42
27 23 32 52
35 72 14 92
27 39 57 21
94 82 91 74
25 21 77 32
56 52 89 38
25 79 99 38
36 85 25 87
46 70 72 46
14 69 67 32
24448 20242 14942 9627
44 16 36 76
24 95 63 49
29 37 91 75
32 98 94 82
94 15 14 54
75 83 98 12
27 99 71 82
69 63 42 28
23 84 55 56
44 80 70 90
93 31 38 70
43 61 89 64
45 29 86 90
28 52 32 76
51 58 49 30
21 52 63 16
24 49 33 43
84 63 18 85
41 35 12 91
95 75 95 84
36 61 16 39
71 28 40 41
10 39 24 82
54 13 79 26
79 38 97 75
71 41 30 85
57 83 76 46
47 39 28 73
68 47 14 89
84 15 10 61
48 28 22 25
82 29 64 81
60 95 24 22
74 18 59 47
82 51 36 95
100 51 22 92
87 19 99 68
81 27 58 36
67 51 68 29
38 39 77 58
95 23 66 49
97 28 12 45
27 90 36 29
16 58 62 78
83 36 71 74
12 84 32 46
56 81 87 67
82 98 49 76
84 57 91 27
91 83 95 41
13 81 100 33
77 40 67 85
71 53 47 87
13 20 73 42
85 85 98 66
78 36 87 41
32 85 64 20
51 66 34 59
20 26 16 99
39 59 73 24
22 38 43 32
15 31 82 10
100 65 65 13
96 20 38 31
24 14 36 63
25 94 78 44
20 32 61 16
88 90 47 89
28 13 36 87
38 31 69 93
62 44 90 91
16 35 91 11
71 81 91 92
92 44 61 93
80 56 27 63
25 43 65 84
78 50 63 13
26 56 73 36
20 91 59 69
10 90 72 29
59 27 13 53
20 12 23 62
26 23 30 34
17 32 35 70
81 74 74 22
32 12 25 49
86 49 71 27
17 10 46 70
16 83 55 15
66 13 98 28
76 70 97 68
61 29 99 57
46 12 13 38
60 49 78 88
95 82 55 17
45 50 79 33
56 77 81 35
14 93 88 71
89 81 87 23
31 77 68 90
44 74 96 47
53 36 33 78
68 65 77 37
92 99 40 79
11 89 65 60
18 37 69 73
44 66 97 60
38 65 38 95
91 93 65 74
17 29 37 48
19 32 96 45
18 32 34 70
64 16 58 71
72 84 29 86
92 95 39 50
20 69 88 33
14 34 91 50
41 43 54 17
43 100 78 83
14 33 45 39
83 35 16 73
74 19 11 70
82 42 93 67
30 80 79 80
96 80 44 15
40 10 68 91
18 16 23 82
27 34 75 30
63 14 99 13
56 99 63 70
30 17 96 99
22 100 63 15
98 43 94 77
77 14 26 81
51 13 27 48
65 100 12 94
93 50 76 50
32 23 58 70
79 60 53 18
100 71 90 75
41 13 13 20
79 77 64 62
45 27 57 80
91 72 14 56
54 20 98 84
52 99 44 14
68 81 24 32
22 23 25 11
22 37 29 30
27 87 48 47
21 19 30 70
13 78 100 34
23 78 44 66
72 86 98 65
70 40 84 46
89 31 39 20
24 93 59 32
95 40 51 27
13 50 57 72
11 74 38 88
69 30 19 56
21 85 72 63
33 85 27 51
27 26 35 18
45 43 87 41
85 24 99 26
44 49 63 59
78 73 47 75
53 72 55 100
24 32 79 31
93 62 44 17
32 81 92 84
74 71 18 15
35 85 94 48
40 71 95 10
55 76 31 76
93 63 45 41
38 72 53 32
15 78 51 85
41 79 37 64
74 20 14 67
77 67 40 47
17 99 81 51
97 51 91 28
54 64 18 94
30 24 67 11
29 46 63 69
17 42 34 35
97 36 92 42
10 35 18 39
29 72 94 94
43 68 69 93
86 99 46 55
57 30 60 54
21 37 84 72
47 26 49 66
63 24 38 91
26 46 87 42
65 77 66 45
96 33 57 82
58 89 68 91
71 89 32 42
61 77 37 32
47 44 64 61
75 47 40 40
48 98 95 45
46 95 49 68
39 62 26 34
50 38 51 83
63 70 73 39
72 22 68 72
100 18 47 94
100 52 79 31
20 62 36 51
74 77 97 43
90 72 25 51
38 60 22 98
97 71 47 100
72 16 40 89
32 19 52 73
78 96 64 25
46 29 88 80
22 61 97 20
80 66 49 32
78 56 37 99
84 15 35 10
67 17 94 43
21 41 18 48
54 78 50 28
81 41 34 50
76 35 50 79
87 65 99 29
20 97 66 82
85 20 20 11
42 89 20 39
24 61 76 79
90 16 100 54
74 76 55 34
85 80 95 25
55 89 80 63
46 43 36 25
31 90 83 56
37 39 50 85
13 89 71 85
51 97 21 61
18 61 36 64
43 34 48 63
55 77 24 45
70 64 91 26
78 81 70 13
25273 19443 14699 10082
48 49 61 43
47 14 54 64
27 98 94 41
79 42 86 100
34 49 94 20
100 91 51 89
31 83 87 71
64 45 55 35
41 10 14 38
26 33 59 32
89 56 17 99
96 22 84 26
29 28 60 22
41 36 63 14
44 24 53 34
93 83 18 85
74 67 74 29
21 74 40 38
89 60 76 74
38 20 48 11
53 22 15 70
46 26 52 28
58 98 75 33
84 71 13 41
71 92 19 15
15 87 14 90
12 77 48 78
88 23 25 27
16 94 56 78
62 27 42 71
37 65 33 65
62 46 80 16
29 19 91 94
11 72 35 74
88 63 80 47
73 89 85 55
41 44 51 44
31 89 81 58
41 75 54 58
31 87 92 15
66 23 88 37
40 14 33 28
25 22 31 62
80 80 86 53
79 86 25 58
26 70 85 88
87 21 92 72
66 24 57 15
17 18 34 54
35 34 99 60
75 67 44 56
91 66 22 97
48 17 37 68
54 24 32 48
53 88 72 39
13 11 11 16
96 92 11 35
73 55 57 97
33 48 42 33
99 30 74 48
77 92 81 21
91 26 64 74
19 74 24 93
48 91 11 13
36 100 48 31
51 89 13 94
84 43 44 88
91 64 39 59
76 43 69 28
18 32 74 22
91 42 33 82
83 40 87 76
30 44 24 60
39 55 26 97
77 90 11 95
85 66 62 38
89 59 79 84
81 52 35 68
30 69 83 23
57 63 87 97
38 61 84 84
27 88 52 90
87 14 91 58
47 34 76 26
24 45 61 30
11 100 23 77
73 41 52 34
19 33 85 30
48 21 98 92
57 46 14 73
39 94 97 28
29 98 75 53
55 69 63 100
65 92 52 41
30 19 55 53
96 91 26 70
23 32 40 26
98 54 57 25
80 34 31 61
40 67 81 21
70 68 67 13
95 55 90 63
71 16 49 90
98 35 34 65
80 53 90 93
28 80 10 62
90 98 39 26
72 55 62 28
68 64 95 66
56 82 76 14
26 17 100 80
63 10 51 33
84 16 58 100
21 92 89 20
87 69 15 14
16 36 56 18
80 14 28 55
35 14 79 75
81 26 19 31
28 49 52 10
17 80 76 32
61 99 48 50
37 17 35 53
96 52 10 84
99 58 17 51
51 16 18 76
96 44 65 64
79 42 30 85
62 90 94 52
78 35 26 33
69 13 79 56
15 76 22 23
100 67 23 84
34 73 64 34
85 66 81 99
22 46 65 67
83 100 73 44
53 92 38 22
87 95 62 59
54 23 30 89
55 38 50 37
68 75 44 66
52 80 11 23
55 86 84 82
18 100 63 53
99 30 82 84
85 68 92 13
50 29 68 31
57 10 49 83
99 77 40 32
44 47 39 36
42 68 83 21
23 98 93 85
82 40 12 91
75 96 62 34
69 23 78 25
72 56 51 78
16 40 79 60
25 61 32 31
41 99 32 64
88 64 54 22
33 31 36 89
87 17 45 31
15 81 21 61
38 23 11 15
43 35 36 86
78 88 84 40
94 72 96 24
29 59 13 42
92 35 21 20
59 68 83 44
15 10 30 25
74 86 87 51
32 38 67 61
98 66 10 86
25 98 30 69
23 75 42 44
37 19 84 52
13 10 22 50
11 56 30 78
97 70 45 37
89 47 29 18
64 57 57 68
79 77 78 99
29 16 80 39
66 26 84 32
46 62 25 98
29 22 96 93
56 83 78 78
32 68 16 44
80 25 84 21
44 27 66 67
62 48 30 75
20 75 72 35
28 24 19 66
93 86 39 31
51 62 56 91
80 41 52 68
96 50 50 97
19 23 69 39
52 74 37 60
64 27 13 44
44 38 40 20
33 28 11 80
45 98 35 40
10 95 42 51
41 17 50 42
86 58 99 78
37 66 68 66
15 20 63 66
10 90 52 59
35 55 43 16
34 32 100 60
60 76 88 98
62 90 80 84
48 86 14 93
90 36 77 14
55 26 92 33
42 64 94 98
88 98 22 10
93 46 34 64
76 86 18 37
84 85 78 74
41 96 40 72
41 84 29 94
93 65 83 85
26 88 27 14
48 38 64 40
22 49 58 74
100 45 99 80
20 60 80 26
60 59 66 42
55 20 20 85
19 70 64 63
37 48 25 19
20 11 68 14
40 64 64 14
91 53 52 79
38 43 79 97
26 48 68 84
49 38 65 73
70 33 29 25
85 55 18 74
21 64 66 87
76 64 28 58
27 27 81 30
93 42 90 95
47 88 100 69
60 86 55 47
85 98 92 41
26346 21083 15358 9891
52 100 46 64
86 99 38 26
65 15 84 17
43 12 72 92
14 75 44 47
19 60 75 76
16 43 35 31
55 17 39 25
57 65 59 84
54 68 44 59
99 13 74 54
42 69 80 66
78 41 31 59
94 39 86 22
75 33 60 74
39 89 38 80
35 34 41 19
81 48 57 16
50 98 55 48
72 88 11 51
97 88 85 93
51 11 63 75
73 49 95 85
25 37 10 55
31 67 86 54
76 96 25 99
20 50 19 15
44 72 95 36
77 78 81 71
78 49 60 13
10 57 80 10
83 14 29 98
56 14 49 34
30 77 69 96
42 24 80 94
63 88 41 67
72 49 66 98
50 40 20 12
61 88 37 51
17 58 40 12
59 48 99 99
19 20 18 62
77 48 15 40
96 57 70 27
11 22 90 34
71 49 25 51
83 50 91 27
42 50 98 23
79 100 94 52
89 90 20 72
32 89 72 69
37 74 21 19
59 63 71 13
98 40 60 27
33 34 90 11
98 66 68 38
76 80 35 61
71 100 14 82
31 39 94 17
72 51 14 80
64 65 93 93
63 29 69 76
39 61 12 32
64 24 18 91
25 58 74 80
20 70 33 29
13 16 40 31
74 72 38 83
47 17 65 28
55 88 79 12
18 62 73 72
74 73 64 32
88 27 48 64
32 55 32 21
97 23 57 19
73 28 97 19
41 85 67 80
12 100 54 69
95 47 54 76
93 16 68 42
67 39 79 60
67 69 12 88
46 49 16 90
92 41 35 21
42 76 84 34
61 33 56 72
97 93 91 17
83 37 24 82
31 78 37 35
70 25 29 57
65 57 36 83
68 11 71 64
14 25 51 56
73 28 82 92
25 74 83 68
10 88 71 87
23 45 48 58
66 96 18 61
50 65 32 58
43 17 67 92
88 82 13 11
88 61 81 47
98 67 53 26
81 21 25 57
58 28 67 28
65 41 33 79
86 64 57 31
94 12 32 63
43 80 66 82
89 89 21 51
32 41 81 20
58 78 83 99
79 46 98 76
72 36 46 70
40 42 73 84
91 79 80 82
85 35 36 46
75 76 16 63
59 75 40 64
71 79 83 77
43 83 18 84
27 75 33 25
17 46 21 36
75 73 76 82
42 45 54 57
31 98 49 24
17 72 27 78
100 60 21 78
79 58 46 44
86 15 54 62
45 83 26 85
63 11 12 14
80 89 12 26
92 95 13 75
97 95 60 40
100 15 42 20
76 69 63 51
69 79 72 78
52 63 93 94
21 94 28 33
59 18 79 65
42 100 98 86
67 72 44 32
41 100 96 26
67 91 83 57
55 61 20 10
72 74 82 43
68 51 75 50
93 49 99 99
68 75 36 42
39 77 81 31
97 36 61 47
73 44 23 18
61 30 50 49
20 96 28 11
25 45 19 91
25 77 35 26
86 71 90 51
82 34 10 20
18 84 55 43
19 59 75 77
37 34 83 40
35 70 86 30
40 67 85 17
71 31 76 68
71 29 95 85
42 12 22 39
24 60 30 70
39 12 31 24
64 78 82 10
78 98 85 11
94 56 95 64
93 92 10 53
76 38 28 57
46 53 15 91
27 25 26 70
64 85 35 39
100 21 84 24
99 22 98 18
11 57 11 77
69 97 99 16
67 71 55 13
60 97 65 77
79 11 43 51
60 24 76 41
83 99 98 95
65 87 44 90
27 78 92 90
90 32 53 100
11 96 86 72
93 47 76 11
30 65 65 71
21 91 59 45
18 74 62 45
33 53 14 30
88 36 71 17
37 13 24 18
53 99 54 39
93 63 29 11
33 40 14 53
72 89 68 45
32 74 48 99
58 68 71 73
32 98 45 21
25 31 46 43
71 59 31 84
62 58 17 57
76 48 19 66
63 10 59 82
20 83 31 70
43 59 38 100
59 41 65 93
43 77 18 68
62 44 29 26
61 44 56 65
83 21 54 73
97 46 99 87
14 10 28 15
21 29 26 68
40 33 98 98
54 41 70 21
72 44 67 82
84 97 71 23
82 51 48 85
69 88 29 49
96 76 23 91
80 84 16 70
38 34 63 81
24 65 14 24
73 75 58 66
38 63 46 14
36 15 65 68
10 87 90 30
69 67 67 91
74 32 90 13
75 59 72 70
45 93 48 17
11 88 97 97
42 38 68 88
48 28 42 56
50 13 13 76
41 72 20 36
89 53 25 96
33 51 69 41
31 69 41 100
40 90 41 100
45 79 32 21
51 95 63 43
88 65 74 15
76 53 36 44
27254 21509 15462 9861
19 25 93 52
28 56 61 96
60 43 98 83
30 25 54 59
55 92 49 68
23 12 39 73
73 90 97 78
11 18 82 22
61 36 44 81
50 35 88 27
99 95 62 71
21 33 35 41
27 29 31 88
80 51 13 93
26 33 47 61
86 91 68 23
94 59 67 30
81 69 22 78
75 51 84 89
92 63 55 26
43 16 45 10
38 71 91 92
85 54 31 97
82 80 38 38
96 70 23 96
40 43 85 10
99 42 11 62
50 43 17 83
47 18 79 63
100 22 12 13
51 79 69 13
98 20 52 79
77 57 42 23
82 90 27 78
25 22 34 84
95 45 27 29
88 20 75 52
61 73 46 62
23 96 89 61
83 53 72 73
95 34 65 40
37 10 15 66
47 35 25 32
83 88 43 52
72 68 64 17
89 51 83 75
29 37 98 42
46 39 27 76
11 43 66 94
50 11 34 40
27 15 56 21
19 22 29 35
27 55 96 90
97 46 73 48
54 83 84 59
81 63 22 28
44 78 20 44
40 100 46 21
67 31 62 60
44 93 29 84
29 44 91 41
58 13 80 42
13 45 16 24
89 53 49 58
22 36 43 51
39 52 73 73
65 62 41 52
57 50 39 23
12 73 85 49
45 88 60 32
22 69 45 50
66 51 44 85
79 99 38 93
81 53 53 80
60 37 56 34
26 86 15 47
29 24 14 78
12 56 23 41
56 98 16 97
86 83 98 87
20 59 44 33
83 54 60 51
78 86 85 29
65 15 41 53
63 62 78 72
53 26 45 39
70 91 14 47
54 63 13 13
54 14 39 73
15 41 70 31
22 87 78 96
31 40 12 27
62 70 27 17
33 100 36 73
89 13 55 25
56 45 25 15
60 82 33 84
28 29 34 78
22 48 47 88
55 32 72 26
51 82 53 58
84 78 18 32
30 21 68 67
64 10 36 17
15 40 49 19
24 51 89 97
28 50 85 27
17 70 28 22
16 42 17 81
87 10 54 32
39 89 82 12
12 35 18 99
63 92 94 37
67 44 35 97
95 80 57 41
78 24 56 100
89 66 80 86
48 77 59 100
88 69 67 12
90 12 77 56
44 17 30 30
10 11 57 10
86 57 67 67
66 65 71 48
88 64 78 81
76 60 51 85
47 31 21 94
44 79 51 63
46 94 73 28
34 90 65 16
60 60 87 28
95 55 73 78
48 43 93 57
43 64 23 88
35 23 92 28
43 37 55 45
14 39 85 21
64 27 84 44
78 21 74 74
80 78 99 73
28 42 75 93
17 36 50 12
40 34 32 42
48 20 72 90
33 24 14 69
61 13 19 70
98 52 62 87
85 49 43 13
54 41 66 93
94 51 61 38
28 96 19 41
40 90 28 60
87 69 95 87
21 40 89 38
100 55 28 71
48 47 41 72
71 60 70 71
35 23 22 77
99 58 11 92
21 20 52 45
36 16 16 27
47 11 46 29
73 100 59 97
100 22 17 63
14 95 97 80
58 92 92 17
47 42 18 89
98 24 27 16
68 85 13 94
36 28 36 45
26 88 41 64
39 57 96 71
34 56 46 60
11 11 42 17
57 23 61 99
64 27 80 20
42 81 15 89
26 22 43 31
70 66 68 77
58 80 32 16
22 25 73 41
19 51 48 31
54 56 13 94
99 19 48 36
55 57 11 14
17 32 99 18
82 38 32 79
41 36 91 62
56 29 68 60
15 40 94 55
95 100 23 61
20 17 51 73
29 18 72 92
23 58 79 37
80 76 70 62
74 24 56 54
65 12 71 57
75 90 49 66
48 52 58 32
26 100 12 39
93 31 48 85
99 69 94 80
17 84 26 33
37 12 70 71
37 13 49 28
78 16 34 76
69 97 82 17
84 75 36 22
17 86 94 60
41 89 79 43
32 11 64 55
96 32 73 43
66 35 46 31
18 78 34 42
27 51 53 54
98 35 91 91
100 97 99 23
47 59 64 26
72 77 44 29
98 10 67 47
17 80 32 77
44 18 96 40
34 97 100 90
25 36 14 38
44 25 78 96
65 10 31 24
84 86 54 28
76 65 42 31
51 52 41 81
50 97 64 83
82 73 81 82
51 52 18 54
57 40 17 50
52 87 71 82
16 97 44 63
18 86 76 25
53 94 33 70
15 72 65 80
37 70 90 32
99 52 38 17
29 23 66 70
67 53 24 27
80 85 86 95
71 54 86 61
92 56 11 91
84 41 20 54
83 23 83 35
55 99 69 98
84 34 29 52
99 61 97 51
