10 50 3
1 1 1
25 38 50
8337 6679 5497
48 44 13
23 75 44
40 39 37
42 92 54
100 21 93
18 68 35
31 27 83
36 79 37
58 42 39
42 51 31
74 11 71
61 97 25
17 17 100
89 47 95
47 16 10
62 21 28
70 71 12
13 57 84
98 25 64
66 13 90
86 21 73
18 42 92
88 35 95
98 61 75
40 10 23
67 30 18
12 87 37
54 80 25
72 94 17
61 47 89
48 13 27
83 60 89
63 46 39
94 24 19
78 93 16
80 100 39
97 84 82
39 19 77
54 29 30
88 41 35
51 71 72
99 40 10
14 81 79
26 10 60
19 32 29
41 67 100
50 65 38
69 17 11
88 80 66
93 80 89
8584 7448 5582
39 51 44
86 34 88
66 31 96
79 90 27
64 22 87
80 79 21
85 73 23
97 61 86
50 39 35
21 94 47
42 90 82
96 50 96
83 48 34
16 66 79
88 94 55
26 59 65
11 16 54
22 22 73
86 41 48
41 61 16
27 38 69
20 32 50
21 52 94
91 58 78
26 61 60
67 56 66
73 52 40
12 81 79
37 17 67
77 100 88
12 15 18
59 87 20
54 93 19
30 63 45
24 15 85
20 36 38
54 35 55
96 74 37
15 57 41
48 36 57
84 22 78
65 74 43
64 88 63
21 81 19
92 33 56
59 41 55
74 93 16
30 26 12
59 35 55
95 71 32
9218 6929 5497
34 70 32
61 15 35
33 44 21
91 13 10
55 42 87
41 25 31
20 11 27
49 20 11
11 65 58
76 34 85
10 87 77
85 20 43
21 98 55
88 13 95
92 22 96
37 40 79
86 31 100
19 73 34
44 16 39
68 99 18
12 89 27
97 90 28
55 24 18
74 39 92
61 86 52
14 98 56
21 24 46
65 26 89
36 20 88
21 53 29
30 82 11
34 51 84
57 49 13
99 10 77
23 98 34
68 56 11
85 33 86
52 29 42
24 12 99
55 94 16
21 34 23
27 39 27
67 85 97
98 82 49
97 61 30
85 39 66
64 87 53
81 62 98
50 92 61
81 40 100
8361 6688 5910
47 90 28
17 41 23
93 48 88
81 81 74
82 29 67
33 23 24
96 16 80
92 50 71
68 19 21
58 38 18
24 49 74
56 90 87
27 80 40
92 91 22
48 88 44
24 47 90
87 50 41
33 47 95
29 15 94
49 60 70
69 70 63
64 36 20
59 39 27
52 55 53
76 79 58
64 76 49
98 31 52
38 59 59
28 91 81
97 26 92
55 79 91
30 91 49
87 36 63
51 59 90
48 22 91
84 40 60
18 67 41
76 83 91
86 79 63
81 82 18
13 87 83
44 54 24
48 79 95
34 44 41
93 64 90
74 25 80
48 98 27
34 89 26
15 64 60
95 67 48
8718 6861 5980
29 27 67
48 10 33
43 83 10
97 18 69
45 71 76
64 55 63
25 81 29
55 32 92
78 79 79
99 36 69
63 52 38
46 53 42
77 96 94
48 81 49
95 59 41
32 26 42
52 77 11
47 75 94
74 64 95
92 21 91
23 98 26
40 60 19
37 12 25
83 32 69
95 97 78
84 88 50
35 13 31
37 37 44
41 39 67
68 86 13
89 20 33
63 73 39
65 59 73
10 73 35
34 94 37
27 57 66
73 76 91
69 92 80
59 73 64
54 93 63
62 44 50
34 54 60
72 58 46
12 42 91
71 12 49
57 20 36
83 62 61
90 89 44
88 64 89
84 86 27
9521 7789 6333
66 54 26
59 96 17
67 84 82
71 12 33
30 63 17
43 54 48
69 84 18
59 60 78
46 34 28
90 68 57
96 31 61
58 31 65
33 67 75
75 92 64
62 56 40
50 86 13
98 70 34
100 22 22
63 36 61
98 24 46
69 95 57
59 88 65
16 18 46
96 58 47
91 37 76
50 78 14
75 29 50
93 28 85
91 84 23
35 70 58
58 99 86
91 49 27
100 77 72
41 63 79
46 88 53
97 14 39
98 96 26
26 21 18
70 78 82
43 45 11
14 41 90
53 30 19
33 80 66
97 14 85
52 24 29
59 96 42
28 24 63
29 52 20
39 23 51
78 50 32
7770 7546 6204
64 85 11
36 38 71
97 26 72
93 93 55
79 60 12
12 57 53
54 63 39
22 68 65
14 85 94
38 14 91
18 81 56
74 35 47
40 93 96
74 78 12
67 58 72
38 29 72
68 73 21
13 86 66
39 100 80
86 89 24
39 42 80
43 95 58
19 33 79
23 31 17
19 29 78
35 44 48
91 63 73
22 48 22
25 69 95
95 77 18
52 18 25
47 25 80
39 95 31
69 94 29
99 12 36
95 93 27
20 86 100
88 53 83
11 93 100
23 73 21
29 24 60
50 38 82
57 54 37
81 80 50
69 59 77
47 85 51
95 38 64
87 24 39
19 66 15
37 24 88
7967 7918 6126
65 97 41
11 95 49
86 81 27
88 80 12
98 40 29
46 89 16
24 36 25
87 25 84
64 80 31
67 37 77
63 32 30
33 96 76
45 66 40
93 61 40
66 67 43
51 95 99
13 20 26
83 10 11
44 25 87
90 94 43
81 38 97
17 30 25
17 90 22
83 95 66
94 41 73
59 15 32
82 83 44
38 71 75
99 79 30
69 81 16
38 40 64
23 98 30
87 86 77
67 40 71
94 39 55
83 53 21
86 99 43
26 46 25
58 86 47
61 43 29
100 88 77
48 13 66
33 94 27
48 29 85
74 81 26
44 12 43
86 37 80
11 82 99
28 17 44
43 51 14
8933 7420 5208
70 10 76
24 24 81
76 69 43
52 62 78
84 36 14
33 72 96
24 100 91
58 53 69
68 29 80
68 57 86
70 69 58
88 23 83
33 68 82
52 61 100
75 43 52
51 51 77
69 15 43
81 56 91
49 51 71
32 30 83
27 84 48
84 28 55
33 17 21
32 97 13
17 98 41
77 88 98
14 88 77
81 24 44
43 43 14
25 52 33
21 82 81
84 20 88
89 81 97
38 15 43
96 38 24
43 55 47
69 51 85
71 48 68
99 25 88
99 25 86
67 21 69
58 85 32
28 63 70
46 14 57
69 28 95
22 63 48
49 35 85
98 31 18
52 83 41
21 11 13
9315 7741 6074
49 59 74
91 53 26
44 47 26
94 62 20
46 68 71
74 84 10
89 70 47
61 90 21
83 89 21
94 39 44
99 58 100
27 32 60
91 77 26
19 84 75
31 76 82
64 62 30
97 52 45
95 98 93
84 24 96
90 31 58
75 59 17
85 47 92
38 45 13
89 81 14
29 61 58
93 92 11
27 57 75
59 75 88
54 43 15
67 71 19
95 86 20
48 24 59
30 48 87
80 92 14
35 95 62
31 40 47
56 22 39
83 55 100
77 59 10
13 11 17
65 12 99
65 13 44
44 39 54
97 22 44
13 61 49
36 33 100
21 77 70
44 80 31
38 17 78
24 80 19
