20 100 8
3 1 1 1 3 2 1 1
16 45 58 66 74 83 91 100
13894 12857 10743 10179 8445 8151 6060 5016
40 39 61 36 10 74 52 60
20 20 36 61 24 84 49 49
27 59 67 62 90 70 68 97
73 14 88 95 74 20 60 55
28 18 60 21 21 28 13 88
91 97 18 45 75 64 52 59
32 93 42 30 82 44 13 48
14 96 35 44 76 85 31 50
94 63 37 29 24 39 64 10
46 100 81 87 43 70 51 18
17 10 10 100 89 94 23 18
68 82 46 17 85 52 63 39
35 18 35 25 89 37 99 57
22 44 84 14 36 44 68 49
69 34 92 57 24 82 14 88
43 58 82 43 98 35 39 59
52 81 59 97 17 27 91 35
65 45 66 46 25 64 72 14
29 93 93 78 100 74 93 42
46 19 74 87 15 39 73 86
34 80 56 59 98 30 76 98
63 67 17 84 74 19 32 70
81 98 26 78 60 67 54 20
60 21 73 77 29 10 87 35
43 73 73 62 13 71 64 15
75 45 30 67 15 53 88 88
55 60 20 71 100 44 72 67
49 25 74 43 48 17 53 56
80 45 10 93 21 20 79 37
37 94 31 14 46 44 72 45
71 55 62 22 97 66 35 80
97 53 80 83 67 40 99 79
76 76 77 56 22 79 36 84
50 21 41 29 42 27 19 96
64 60 83 78 65 11 13 20
82 57 65 72 81 37 72 97
45 31 10 90 82 99 48 45
88 33 74 49 73 53 31 17
55 70 88 44 74 82 95 48
100 35 28 12 10 92 77 22
45 34 43 51 80 83 11 83
26 36 81 98 11 20 92 54
33 20 30 99 70 35 55 96
35 43 50 19 91 66 12 20
26 59 67 95 89 21 58 88
10 29 13 97 12 49 86 59
11 94 40 73 90 67 96 61
43 92 16 100 45 98 68 91
86 54 51 90 76 99 80 100
27 52 19 33 32 42 55 16
88 77 23 87 64 59 91 45
56 59 18 55 91 40 55 54
48 93 24 82 65 47 75 92
42 62 70 49 83 44 35 31
10 42 29 96 62 38 50 11
86 98 82 47 99 16 63 99
23 10 58 42 53 32 95 96
64 82 93 78 44 90 72 28
68 78 90 31 69 93 93 72
86 77 48 92 76 10 100 39
61 40 22 28 25 27 27 92
53 88 51 14 37 61 67 75
58 73 23 51 21 12 53 91
13 78 77 20 56 67 61 39
38 22 77 71 99 17 100 82
73 94 89 47 75 96 31 45
17 61 95 38 93 39 76 20
24 48 13 93 49 11 55 30
43 41 97 46 92 22 31 36
51 84 99 51 15 64 83 21
86 44 70 70 13 40 18 98
10 18 98 44 61 44 88 95
37 22 82 84 13 18 74 56
32 75 28 88 14 89 93 26
60 69 83 27 76 55 49 44
82 62 72 75 60 12 32 56
69 89 50 36 54 82 33 88
79 52 41 36 72 54 66 53
88 40 55 29 62 47 36 19
30 41 87 56 80 87 64 94
38 54 29 91 81 85 61 37
78 32 20 66 77 19 41 43
69 17 31 94 62 65 69 13
10 37 35 58 67 98 92 25
96 64 20 49 68 27 44 52
24 93 16 75 74 92 85 13
66 26 89 65 33 88 28 60
45 25 24 99 42 40 70 18
35 32 83 72 97 70 98 41
58 47 85 17 43 24 83 71
85 86 19 86 83 52 13 44
11 16 93 30 28 92 39 37
26 64 56 61 98 71 43 89
27 68 75 23 31 57 47 15
38 70 86 53 15 11 36 93
25 22 81 68 30 55 29 10
94 78 95 96 39 15 38 88
47 24 94 82 44 33 55 99
25 92 91 52 67 99 15 57
54 77 69 63 95 69 91 88
13258 11593 10802 9172 8641 7433 6214 5124
40 18 48 86 27 33 48 93
83 57 63 11 31 51 69 69
49 72 73 86 32 58 13 30
26 97 65 72 88 47 20 71
41 53 17 88 73 27 52 98
63 22 62 46 57 77 84 66
44 23 81 36 40 13 23 96
90 89 64 95 29 83 28 72
67 67 78 96 63 69 19 62
72 67 71 49 64 49 78 71
74 42 74 59 90 43 86 67
88 12 69 99 57 64 50 28
96 97 26 68 98 72 65 100
22 69 44 36 78 97 72 30
70 64 36 95 23 42 39 71
79 50 81 95 44 90 50 57
67 89 46 27 91 49 73 39
24 37 43 37 50 60 88 13
99 60 20 60 100 57 61 57
58 36 66 58 55 61 58 83
65 38 63 21 41 57 34 77
61 59 96 65 49 95 62 52
23 69 22 32 11 70 33 94
14 20 94 83 52 75 62 51
20 22 38 73 47 45 98 35
10 71 77 82 82 63 60 79
48 88 15 46 14 64 13 84
10 28 53 51 33 22 72 57
79 81 63 70 21 62 86 86
53 84 35 59 34 33 35 63
42 33 14 51 45 90 37 44
55 55 12 90 20 90 41 44
80 24 25 38 41 93 73 16
93 32 61 63 66 75 96 24
84 51 21 88 43 88 38 81
11 65 89 84 81 36 69 85
16 82 87 64 76 18 86 91
100 37 44 90 33 86 91 87
50 88 98 88 33 83 12 14
65 23 52 64 20 52 15 14
26 14 84 52 43 14 46 73
76 60 23 20 13 65 64 50
37 29 22 84 58 78 61 74
49 85 29 19 46 59 47 78
18 81 64 27 50 71 97 90
100 77 53 22 39 30 88 64
74 88 74 57 69 81 94 77
18 72 36 37 100 97 82 79
97 58 67 39 27 34 85 77
48 33 58 89 51 15 77 66
73 41 54 97 57 24 48 10
14 88 98 12 92 40 50 48
28 10 65 61 72 72 22 90
67 66 72 79 85 80 46 66
21 43 96 92 21 72 70 28
47 64 85 45 93 14 76 33
17 66 96 65 14 23 77 69
10 31 81 39 87 33 15 90
13 29 96 93 17 91 21 90
68 52 13 51 78 97 21 58
89 85 95 100 33 72 17 31
42 50 28 69 21 68 63 28
21 97 43 13 79 62 56 44
100 57 80 56 47 97 23 29
50 69 62 47 85 74 98 68
87 19 83 97 41 26 28 16
50 87 70 70 93 38 35 86
71 55 91 75 42 53 49 81
34 61 59 65 75 39 10 100
39 16 75 87 85 68 37 14
45 91 11 68 48 71 20 56
94 73 88 14 88 17 27 34
28 82 88 68 26 16 23 34
51 28 98 13 23 65 25 54
52 15 85 85 29 82 82 75
44 77 51 77 60 95 54 87
54 48 98 25 58 91 37 38
25 96 42 56 11 46 25 67
95 69 75 39 96 11 34 75
57 31 49 77 58 45 75 89
37 90 37 100 27 55 25 21
36 53 72 39 96 40 68 17
31 17 31 15 98 70 48 92
73 84 17 80 87 28 32 82
52 11 83 79 60 84 37 95
57 34 81 78 82 21 49 11
17 20 72 43 56 45 81 60
61 49 54 47 83 25 99 99
22 44 58 96 17 25 89 77
60 94 27 67 65 87 40 75
70 52 44 80 60 26 26 56
84 35 96 86 83 83 15 29
94 72 31 90 75 23 34 98
64 17 24 87 35 10 63 70
62 49 51 74 68 37 75 33
82 100 74 97 23 53 89 66
65 17 90 97 89 76 95 22
33 74 98 68 35 41 58 15
48 13 67 21 51 42 30 68
21 88 20 11 93 90 20 48
12703 12452 11460 10336 8132 7227 6004 4980
25 97 17 23 74 38 51 78
99 33 77 58 43 91 58 90
36 15 23 83 51 90 81 63
51 49 85 32 73 54 34 86
26 41 81 61 59 43 57 90
55 68 20 31 77 29 43 59
79 14 86 24 85 64 50 56
74 63 83 99 44 70 13 38
66 57 39 61 28 17 85 22
44 18 39 76 23 61 95 54
34 47 74 56 60 29 57 30
22 71 16 73 24 34 93 71
57 45 34 98 16 24 65 19
33 39 80 40 45 93 80 12
33 83 37 29 28 69 59 37
36 90 63 23 71 76 85 93
47 45 43 54 93 94 11 53
100 75 52 96 54 93 40 82
15 84 79 77 29 11 16 32
48 48 98 52 23 56 19 73
82 42 50 63 81 28 53 48
92 45 73 65 85 23 19 19
24 83 84 43 43 38 45 66
80 59 54 19 90 85 86 99
98 50 17 62 10 81 91 98
67 58 31 92 56 92 58 53
54 32 34 77 25 78 20 60
66 43 90 85 41 66 50 85
81 25 36 77 28 88 82 21
13 96 36 36 65 64 97 47
46 47 83 46 81 74 17 18
40 54 24 69 79 83 79 76
37 75 10 64 54 38 72 64
24 12 61 80 76 12 98 72
76 76 41 47 96 99 36 88
82 31 99 77 90 86 50 92
33 82 85 47 92 73 71 32
81 69 73 61 72 71 96 30
64 13 73 21 62 73 30 10
63 62 80 71 67 45 41 76
12 45 32 78 91 98 11 99
99 11 88 25 16 37 83 69
71 20 36 24 11 28 36 91
51 84 45 11 30 76 27 50
46 87 97 59 53 37 12 36
79 91 24 76 47 74 15 36
22 61 22 64 94 11 44 27
47 17 13 27 16 61 34 61
69 72 78 99 67 65 35 56
68 69 30 94 81 24 100 92
56 47 96 53 45 89 85 73
36 10 55 74 21 61 61 20
37 74 40 67 80 85 58 49
44 13 15 100 63 69 50 36
16 10 38 34 79 16 10 25
61 52 45 82 12 81 28 98
98 38 47 98 86 82 16 34
68 20 74 61 91 54 65 79
15 76 80 74 92 23 85 22
74 38 27 65 93 29 11 15
91 100 35 74 51 72 33 44
30 83 12 93 74 34 16 29
79 20 32 78 64 28 75 44
56 40 18 11 61 93 27 48
78 80 65 31 95 72 86 21
75 34 70 18 11 30 54 74
28 82 31 45 51 80 45 37
42 19 39 14 11 16 14 35
43 82 82 54 14 67 69 81
90 34 74 94 33 70 73 66
15 38 34 39 32 81 36 100
59 34 31 51 76 88 15 87
57 86 30 97 100 32 86 60
51 62 37 74 29 67 71 43
92 24 100 89 31 96 89 14
25 91 74 73 50 78 91 68
34 61 42 36 76 55 64 76
54 60 10 66 84 15 12 32
72 16 55 26 91 15 92 53
45 94 30 42 51 56 66 70
26 63 29 51 61 42 57 88
66 62 19 56 66 81 87 26
52 33 10 93 86 37 73 41
49 40 42 91 39 52 20 73
50 71 35 24 90 68 53 99
68 35 41 72 69 67 38 36
29 59 88 63 24 92 81 54
43 21 34 81 57 82 48 92
79 16 13 70 46 84 90 14
55 83 65 55 67 48 75 20
94 90 27 53 26 15 95 71
20 34 28 65 56 57 53 76
55 100 31 67 73 69 11 90
95 69 91 16 85 46 89 20
53 49 10 55 49 87 34 21
85 29 73 14 31 43 59 86
44 22 35 15 30 33 34 10
82 32 20 49 72 22 60 42
34 50 59 70 46 38 45 13
85 48 91 59 40 95 33 22
14016 12261 11148 9705 8289 7972 6976 5043
87 17 84 64 88 32 56 57
69 84 62 35 27 85 23 94
98 97 56 100 19 16 59 47
27 83 10 93 99 36 43 35
88 24 35 15 84 19 39 27
10 13 22 68 50 70 14 34
47 76 99 35 25 75 66 80
63 51 69 28 73 37 86 11
28 78 17 56 32 26 56 92
87 40 41 85 21 20 66 51
60 18 27 46 12 18 94 78
93 56 61 11 53 77 44 19
22 41 69 19 69 10 77 44
74 14 52 19 75 29 56 43
13 80 100 31 46 94 99 34
38 16 56 45 93 27 92 76
23 97 31 10 46 56 100 70
49 18 33 70 87 75 49 55
62 15 91 70 65 34 75 11
20 56 61 62 62 34 24 65
80 27 95 46 41 18 98 18
51 71 83 47 14 19 97 35
17 53 100 45 23 95 71 86
97 10 73 36 30 27 91 60
83 87 94 47 69 57 51 32
99 48 93 72 94 97 62 69
26 95 53 31 20 92 80 46
49 65 19 89 78 18 31 68
75 93 37 94 85 84 72 80
37 66 75 63 87 34 93 23
94 55 87 21 35 88 12 88
74 65 70 70 83 15 35 28
72 70 11 54 70 26 97 11
23 36 33 94 16 29 26 54
11 25 72 69 79 39 21 27
66 84 18 72 55 76 22 60
99 75 42 88 94 13 25 10
94 99 57 61 39 76 59 77
40 55 84 79 73 19 100 18
62 35 11 56 42 57 68 67
78 55 51 63 75 33 60 78
15 23 72 20 65 56 19 70
45 47 52 93 56 40 58 97
77 43 86 49 57 71 17 10
93 89 20 84 51 58 89 18
82 68 58 17 27 100 88 34
66 21 15 87 26 75 33 30
94 86 23 81 38 34 97 23
10 25 17 99 81 56 56 68
79 56 27 58 59 36 63 50
23 76 95 42 73 39 25 61
74 79 97 60 66 65 58 17
15 62 33 10 40 60 67 95
51 44 18 52 38 31 88 60
33 72 78 89 93 12 56 63
77 30 90 20 34 92 42 23
20 20 53 45 96 14 58 16
42 100 22 95 62 45 11 87
51 17 84 19 64 98 80 48
13 74 60 97 37 43 73 39
36 34 30 65 54 25 74 54
72 68 80 49 47 38 89 47
54 50 60 66 68 15 87 80
38 44 74 100 52 19 31 93
10 12 53 58 86 39 99 21
63 43 78 46 24 56 24 52
10 15 41 40 47 71 92 83
67 55 44 22 91 72 20 80
93 98 65 96 64 83 99 15
50 41 67 61 92 70 75 46
76 17 66 49 26 62 14 11
16 88 11 49 52 18 38 30
16 53 59 35 41 19 59 40
48 20 95 56 82 40 90 37
65 46 34 99 14 62 99 37
49 93 79 96 63 36 95 86
35 97 47 50 54 11 74 73
37 78 31 12 57 44 21 43
85 61 95 63 24 67 10 16
65 40 91 58 83 77 64 75
48 99 35 32 12 81 93 65
56 98 46 49 41 17 75 62
52 86 89 86 75 21 48 79
96 32 66 23 49 77 27 76
78 13 70 11 75 82 56 74
58 84 57 74 19 78 68 83
84 59 23 37 54 91 53 57
83 68 88 26 27 56 41 27
73 51 16 86 15 39 29 53
72 20 17 19 35 41 69 53
59 10 88 10 59 66 95 42
41 41 96 100 100 65 75 24
80 87 22 94 81 63 51 24
92 60 12 79 84 61 76 83
21 64 89 93 85 97 98 79
34 25 63 23 22 65 85 23
62 91 52 57 57 12 18 63
58 90 49 93 85 73 37 72
98 38 51 56 63 23 99 42
36 70 52 90 93 81 25 34
12369 11888 10373 9939 9202 7502 6768 4970
42 78 51 88 22 55 31 19
28 43 81 10 19 30 60 82
53 59 48 32 100 23 27 41
48 57 28 65 98 67 96 77
82 21 100 52 34 70 21 73
92 10 24 16 65 69 68 70
92 62 58 52 50 39 84 24
33 28 77 15 76 60 25 77
77 39 62 82 60 94 94 69
66 19 75 97 96 80 44 53
100 21 73 92 87 82 47 39
43 86 50 71 45 94 17 78
55 39 92 48 17 22 80 36
97 82 73 100 52 34 50 62
47 34 69 83 73 51 59 89
45 27 53 70 63 83 70 89
58 52 29 83 56 74 61 79
37 14 21 74 29 51 10 20
42 90 97 98 51 94 85 35
28 49 13 26 99 43 11 76
19 47 23 18 39 13 30 13
31 85 24 94 55 83 90 41
93 99 52 77 82 99 23 38
83 84 60 85 100 65 87 63
98 97 89 84 31 46 27 16
57 91 39 73 56 85 100 14
23 39 12 81 34 60 58 56
68 33 96 60 36 51 70 66
70 54 13 57 53 49 86 88
59 74 75 20 19 23 26 100
91 79 63 80 28 26 42 47
23 53 17 72 31 67 54 81
59 22 79 62 69 77 68 94
61 69 64 28 14 28 17 13
44 65 83 27 95 73 12 15
34 85 68 88 23 35 41 75
25 28 34 54 81 62 96 76
96 49 58 84 44 63 52 25
52 52 98 25 83 98 79 80
14 13 53 43 19 34 92 88
46 46 65 20 21 82 87 13
97 34 75 90 36 65 18 76
68 85 97 29 21 13 55 24
88 59 71 15 82 92 99 36
16 20 71 97 35 92 83 89
51 74 84 61 85 72 81 76
30 40 39 38 44 29 23 47
28 82 35 40 78 63 84 100
45 70 69 89 85 54 10 30
58 58 80 23 100 40 78 14
87 63 87 99 12 96 81 81
68 54 29 31 45 26 70 27
81 83 33 19 15 42 70 89
27 63 66 57 34 57 85 72
29 25 41 31 65 41 60 58
71 12 11 67 18 84 67 20
80 56 21 74 82 52 88 88
31 28 32 22 60 32 26 93
49 80 68 42 20 63 18 56
54 48 82 15 31 53 16 98
93 33 67 22 68 66 12 44
82 57 83 74 71 40 35 88
78 87 32 76 19 99 31 90
89 16 47 96 50 46 34 58
82 38 82 12 15 13 31 94
52 85 21 64 42 32 56 29
74 95 47 70 27 89 64 95
63 12 17 26 66 33 19 72
12 35 67 13 37 19 97 19
60 31 96 66 23 97 97 37
41 52 46 16 10 14 88 75
97 60 58 63 92 32 67 10
99 65 58 29 53 81 78 89
17 47 33 37 87 76 75 80
13 97 45 52 78 49 22 78
84 56 75 64 73 90 40 23
30 52 29 58 18 92 28 19
34 44 69 33 24 75 14 53
49 57 64 51 27 60 91 38
15 87 53 51 37 13 13 81
14 96 57 56 31 94 29 56
44 10 74 56 86 77 12 94
88 88 12 29 41 19 64 87
78 29 25 76 78 45 17 47
17 51 84 12 77 10 74 90
62 87 72 59 19 42 43 83
48 31 57 43 84 80 87 98
38 98 15 52 45 62 91 24
29 78 58 53 41 87 72 89
24 29 34 41 52 33 97 63
90 28 39 29 10 10 12 73
82 35 79 63 12 47 70 59
72 47 92 38 74 17 96 44
10 41 20 64 12 13 31 70
83 72 69 87 79 81 27 23
37 70 62 55 100 88 69 65
12 12 31 32 48 74 86 12
31 97 82 80 81 65 83 67
70 62 25 40 30 86 18 84
45 46 65 64 77 35 22 61
12955 12094 10906 10041 8831 7133 6053 4973
41 46 91 98 10 58 70 20
85 92 99 24 14 32 40 13
71 21 58 20 31 87 44 67
54 59 36 96 46 66 80 55
69 36 21 96 77 13 93 36
93 73 42 89 24 43 23 84
58 26 70 44 53 45 66 60
78 77 82 97 75 72 73 69
23 86 92 45 36 52 94 26
20 67 69 66 94 22 23 38
82 69 88 77 12 77 20 11
10 97 80 92 84 24 70 32
89 33 46 42 30 15 36 80
13 18 23 88 16 10 97 51
51 30 64 97 45 92 45 42
10 71 18 25 85 66 84 73
10 14 66 86 97 90 16 48
83 43 24 32 36 97 60 51
100 46 52 24 45 45 81 43
17 39 84 63 80 99 78 60
22 42 78 14 37 54 58 17
98 39 84 35 69 38 36 90
25 89 64 18 58 95 92 12
69 10 47 95 82 52 58 95
20 72 37 59 100 78 40 60
27 30 42 37 21 92 17 38
56 59 39 67 66 94 11 20
32 78 18 53 24 88 69 86
40 68 21 37 60 24 73 59
44 55 86 82 73 52 67 32
72 69 37 36 10 81 61 79
87 19 52 62 60 11 96 76
56 64 96 59 13 73 19 38
35 88 91 71 58 28 23 19
85 68 61 26 99 89 12 41
78 66 26 87 56 26 41 43
15 45 78 85 67 91 31 27
70 46 74 42 14 52 95 30
26 71 46 54 55 63 28 86
96 15 92 16 56 30 94 76
36 58 51 65 20 60 99 68
73 59 24 30 46 12 58 81
40 77 38 39 36 38 67 76
66 40 54 71 83 88 66 74
72 81 63 83 100 13 45 87
73 92 37 39 98 92 48 53
92 94 54 67 21 74 60 68
39 87 24 87 37 63 51 77
88 100 52 15 19 57 56 23
68 78 75 64 66 15 94 59
20 67 35 84 97 35 10 44
99 15 93 52 65 18 28 99
55 57 58 76 78 21 97 37
56 41 41 97 61 86 70 71
30 17 69 69 55 99 21 91
90 79 47 79 13 76 67 89
65 80 64 92 12 35 24 96
33 97 14 26 90 37 78 73
10 98 26 52 76 85 68 48
12 46 64 89 82 52 60 74
13 52 76 54 39 70 47 48
94 81 20 48 98 10 37 29
48 41 78 29 16 42 36 60
12 58 53 60 16 94 53 52
36 51 70 62 95 70 37 28
32 13 73 66 75 62 77 71
13 11 50 32 15 98 16 13
71 79 84 54 94 32 81 91
39 58 36 29 80 64 16 88
95 50 76 97 60 45 75 81
50 93 71 69 72 31 18 96
90 59 78 83 74 29 84 61
37 16 19 63 73 54 86 63
59 14 78 28 47 12 69 38
60 16 74 60 21 83 67 97
59 96 25 54 86 84 43 33
15 68 57 20 40 28 29 20
62 79 55 67 71 79 17 92
87 83 64 27 89 63 19 86
33 31 39 55 86 76 47 85
94 48 49 32 48 59 96 15
32 91 93 26 40 75 63 69
92 49 85 75 89 35 14 58
10 73 91 45 66 53 78 60
75 76 25 59 22 41 46 18
12 10 82 99 58 57 14 28
14 56 31 64 99 78 34 85
34 38 14 47 21 67 96 65
15 53 28 93 78 74 60 44
50 30 11 41 55 95 22 44
97 78 63 17 33 84 55 46
63 33 32 97 87 93 36 37
86 59 21 90 89 43 86 14
20 37 60 61 39 37 55 12
30 61 26 98 12 66 44 23
50 57 81 94 55 49 90 94
70 35 18 94 50 27 19 30
87 82 54 60 30 13 16 50
71 49 72 95 12 57 26 95
14 88 81 84 65 27 31 23
12852 12194 11521 9652 9051 7696 7051 5648
90 90 79 84 66 95 16 60
54 78 34 94 34 33 71 25
89 89 62 84 67 54 75 30
53 27 61 39 56 84 59 84
87 85 15 64 14 85 58 84
40 48 60 37 54 66 12 28
12 78 62 36 43 47 39 88
83 32 98 14 52 64 41 84
77 88 47 52 59 92 64 97
43 42 97 63 60 83 30 93
90 46 34 59 88 33 69 13
29 87 95 30 73 92 51 67
25 14 90 72 16 25 68 63
89 90 98 59 75 96 83 35
87 38 39 87 75 24 90 31
43 71 91 20 96 14 76 35
32 69 51 82 36 28 76 82
84 76 55 35 69 34 15 89
38 31 85 58 22 15 30 98
84 70 14 37 37 76 14 68
56 80 97 99 26 23 28 76
17 23 79 51 57 60 89 75
35 28 16 42 32 88 57 39
100 69 21 50 74 62 89 67
76 91 46 99 27 59 58 11
96 38 50 33 22 29 93 71
82 46 82 29 69 85 74 22
27 87 36 40 93 35 55 100
86 39 54 59 38 38 100 61
69 27 64 48 43 83 30 74
20 45 25 21 44 82 17 89
90 89 28 42 44 89 68 99
24 57 75 90 41 60 35 79
71 63 93 99 21 46 26 71
86 88 26 29 87 36 50 91
25 84 31 25 19 65 68 28
21 90 98 25 46 39 94 85
64 30 90 31 79 96 19 32
38 99 79 32 83 90 99 18
41 87 19 12 94 79 78 14
63 51 10 47 67 63 39 58
86 10 28 86 67 26 42 37
100 96 97 63 27 55 44 95
58 17 60 64 50 81 51 88
18 78 57 53 52 10 46 82
20 88 73 59 49 46 20 16
16 38 33 70 12 75 16 61
82 76 55 98 57 49 73 94
63 25 15 84 47 79 78 52
96 68 94 47 23 94 33 75
78 85 99 95 17 87 72 11
48 33 23 12 37 100 61 29
69 78 21 27 79 83 18 66
96 31 33 57 24 38 21 33
42 10 20 25 16 57 81 13
17 24 64 46 85 72 55 95
45 55 80 88 68 48 24 26
43 76 70 18 39 39 83 90
58 63 67 39 20 92 10 33
63 55 79 42 69 32 56 31
40 46 98 66 23 40 77 23
23 90 27 40 89 46 21 53
21 12 86 59 54 25 20 28
81 63 54 61 51 87 93 61
88 82 44 27 53 44 69 60
73 36 15 64 22 60 10 29
48 92 93 78 86 16 56 65
20 69 12 71 78 55 53 18
96 78 40 30 22 88 54 30
37 32 89 40 71 69 96 26
29 36 58 20 52 39 52 43
35 74 78 59 19 72 67 58
27 21 97 91 69 25 88 91
53 38 48 45 74 84 66 85
71 18 87 11 76 62 99 79
42 48 22 76 48 27 17 17
66 69 90 71 60 40 51 20
82 18 47 57 13 19 44 32
83 64 17 42 60 87 53 73
54 89 54 66 15 11 44 23
86 79 57 92 10 39 96 17
44 73 52 10 68 43 38 81
19 13 72 22 24 18 90 70
38 93 53 96 77 22 99 93
86 80 28 57 12 15 10 44
44 26 31 15 71 50 71 62
42 56 95 99 53 47 32 31
45 15 97 100 46 85 95 85
97 10 56 42 85 10 53 35
38 39 54 23 67 71 34 39
38 43 46 97 93 67 28 56
61 84 65 50 34 18 11 49
10 51 95 39 63 25 100 80
33 96 33 30 97 76 47 40
18 86 96 21 74 22 66 13
93 38 51 54 46 58 99 73
79 35 70 41 54 68 55 22
11 84 77 17 27 60 65 51
22 62 93 23 38 25 71 84
23 10 13 89 77 74 42 50
12612 11310 10221 9553 7904 8131 5865 5425
93 34 17 60 34 60 61 80
98 17 43 24 76 96 76 96
91 42 58 53 31 15 93 10
17 72 77 24 43 65 74 30
45 84 49 60 11 29 21 100
27 86 53 58 86 62 24 89
66 51 27 19 96 89 29 53
12 91 78 97 59 98 26 17
14 33 19 92 91 64 79 23
51 92 57 12 13 34 19 82
43 48 73 20 65 70 75 44
98 70 59 62 52 44 39 10
20 63 28 51 40 72 53 52
27 22 13 49 52 44 98 63
73 71 45 64 44 73 74 76
73 27 21 83 99 15 10 85
21 25 10 13 35 56 96 52
18 35 61 96 82 39 37 89
15 32 11 13 21 99 14 41
43 75 63 74 88 94 41 37
63 32 80 13 15 31 17 54
45 56 83 81 53 59 98 21
22 88 58 68 100 97 92 83
32 71 18 67 12 54 49 13
39 45 66 26 72 93 86 41
59 87 11 77 29 96 63 79
25 39 41 68 100 50 28 65
84 47 24 31 68 64 18 49
97 74 92 44 11 12 70 36
48 34 29 79 67 100 17 88
68 63 24 56 23 83 94 24
55 13 12 21 78 83 11 47
89 62 32 22 72 47 67 57
86 10 11 81 68 83 23 65
93 41 47 82 37 59 30 18
45 18 65 95 64 51 77 76
91 12 21 29 27 79 60 88
71 91 95 59 66 46 54 10
51 99 78 71 49 63 42 86
36 38 80 84 53 15 33 85
78 50 86 79 36 35 40 15
89 55 14 75 32 54 37 75
82 65 70 58 49 20 24 44
11 87 49 56 86 45 12 100
20 33 50 85 72 97 42 38
77 42 28 98 44 65 97 62
13 61 71 81 16 75 30 84
72 11 28 30 31 14 79 19
62 34 76 64 76 74 83 84
54 80 24 97 22 68 64 11
12 45 74 45 27 71 11 19
61 48 60 50 98 96 22 76
33 72 55 31 84 62 67 26
55 72 24 36 60 78 52 13
67 11 94 63 15 16 69 28
93 40 34 41 11 68 67 18
41 72 13 58 49 43 41 29
68 17 13 96 82 64 91 44
13 77 50 32 84 13 19 83
67 55 14 92 45 75 84 34
92 42 27 74 86 78 46 44
69 44 27 67 47 46 76 90
11 87 31 77 13 69 33 45
26 66 33 99 87 28 40 56
52 37 95 94 100 44 49 100
21 68 100 68 39 24 38 96
79 30 33 31 58 81 82 68
19 10 73 78 19 90 43 27
38 26 74 83 19 19 59 61
45 40 67 54 15 20 31 12
73 14 19 85 91 33 86 68
22 14 54 52 54 73 59 97
85 68 64 98 27 76 97 72
98 92 86 46 32 92 34 21
60 79 21 64 92 77 91 15
29 11 93 42 25 79 53 93
34 65 42 98 29 35 42 58
42 81 57 71 88 40 88 57
34 35 37 58 85 46 35 36
20 87 80 60 34 71 61 18
78 13 91 83 10 64 67 11
32 23 71 46 26 73 62 52
62 97 40 87 11 35 46 41
77 93 86 74 21 23 66 81
39 22 95 37 69 45 12 90
80 65 85 100 60 65 36 37
63 60 72 44 80 11 65 59
92 13 31 88 25 34 19 30
20 63 59 65 48 82 76 86
94 28 17 70 90 83 50 13
52 82 70 43 23 39 26 24
70 44 28 55 41 72 30 10
46 79 91 83 29 94 37 54
27 64 64 65 93 72 24 73
35 15 94 32 60 30 48 83
100 54 48 86 67 91 50 73
98 92 75 49 98 44 31 98
36 90 28 90 78 82 18 39
37 100 60 67 29 57 41 23
86 88 60 70 37 40 68 32
12366 11759 11289 10368 8367 7279 6552 6126
76 76 63 39 98 64 70 66
81 10 92 33 64 37 31 94
42 66 81 83 98 89 90 75
22 44 44 33 71 67 40 36
43 75 66 59 91 56 45 23
58 20 28 36 54 27 73 38
16 54 96 87 21 49 13 54
77 64 12 42 91 95 52 15
77 47 79 76 41 32 22 49
95 100 86 46 99 54 84 52
46 66 19 19 33 66 84 83
79 72 64 88 78 52 86 41
42 100 80 85 42 70 29 20
100 70 89 32 11 15 10 12
59 36 68 94 34 46 49 73
11 20 18 91 24 67 91 55
83 58 54 24 42 51 19 59
84 74 59 92 91 21 77 11
47 46 18 95 69 84 51 40
25 67 30 19 65 67 59 96
48 67 61 67 21 45 77 61
66 38 58 23 46 34 15 94
25 23 80 25 65 12 57 18
67 34 72 25 58 29 62 55
14 59 72 72 65 20 86 29
91 32 16 52 15 48 93 44
36 39 72 32 95 93 53 72
56 15 96 87 61 94 91 95
23 32 26 39 13 100 41 35
37 55 85 92 10 51 27 51
40 52 41 77 60 88 82 58
53 27 42 52 74 10 18 84
65 40 82 23 27 19 88 15
72 45 56 97 83 12 44 84
58 34 97 47 25 10 87 49
48 20 81 81 30 50 92 26
48 76 89 47 80 61 67 83
22 26 67 90 93 52 29 58
49 85 53 27 66 79 20 96
20 18 20 50 54 90 22 99
63 21 44 24 99 13 22 79
100 70 39 79 64 28 60 73
48 26 54 44 91 26 84 80
13 59 28 58 69 64 73 37
43 23 76 90 96 25 45 27
22 11 11 97 53 52 72 92
97 43 97 70 62 99 68 99
98 80 44 11 68 70 42 37
58 44 46 37 55 41 40 27
36 42 73 50 94 29 48 68
73 36 93 35 30 22 66 53
27 51 14 69 35 36 53 72
37 95 67 81 87 41 54 96
52 17 12 43 17 55 99 73
94 88 76 59 42 28 72 10
89 55 70 80 99 33 46 52
50 67 71 35 43 20 74 74
36 52 57 82 12 37 47 78
92 12 100 65 30 13 74 89
33 85 37 92 14 97 51 13
19 57 18 12 99 41 20 28
81 33 88 45 49 11 91 62
37 92 46 89 76 72 67 66
49 26 10 70 47 21 84 78
48 100 25 36 22 38 93 93
56 73 46 35 35 80 43 55
60 10 54 52 47 67 46 43
90 67 85 95 79 95 75 26
11 86 97 94 86 72 24 17
89 22 81 17 59 67 86 40
59 63 20 89 42 45 18 36
20 34 48 12 85 43 51 43
17 32 87 79 84 73 23 71
47 80 91 83 64 67 69 28
26 35 31 82 21 70 86 27
92 65 23 97 78 65 66 64
33 23 25 57 16 67 93 68
36 17 92 43 46 31 84 77
60 61 83 37 13 51 69 75
90 10 39 71 38 70 68 88
88 59 27 22 44 83 36 77
85 95 99 33 35 24 66 29
35 67 95 92 27 43 32 38
15 62 40 70 19 33 80 72
14 32 53 25 97 54 66 50
24 56 14 58 17 77 64 77
37 88 19 51 30 42 67 29
55 26 59 19 36 69 70 31
41 60 58 27 61 77 51 57
45 66 98 12 53 66 59 48
26 36 72 48 31 96 49 77
79 53 39 26 80 16 65 94
89 30 53 43 72 51 18 73
63 81 81 58 92 36 76 71
83 68 67 44 30 30 35 100
47 16 34 33 71 85 81 62
96 37 25 97 98 67 12 31
26 87 68 75 15 94 87 80
39 10 99 19 22 36 50 26
52 99 26 11 37 26 100 61
13370 12281 11065 9744 8681 7892 6889 6015
14 78 31 74 44 96 43 91
58 44 87 34 65 58 99 39
20 53 47 61 20 78 37 88
75 36 29 75 95 12 30 55
56 72 27 14 36 32 95 39
55 37 76 63 61 34 60 25
31 52 33 45 86 64 39 31
72 28 27 68 89 51 89 100
51 33 79 76 78 15 16 29
36 11 22 92 39 16 52 73
85 37 42 93 34 41 39 70
45 80 86 67 28 71 78 11
85 16 76 47 61 25 47 60
15 71 93 21 89 21 69 37
100 26 36 43 41 100 10 63
12 30 19 25 77 85 46 20
10 91 100 18 63 85 87 35
32 87 80 87 46 69 62 16
50 42 52 14 19 80 25 28
45 94 46 21 14 47 63 49
92 14 31 85 50 55 50 71
12 47 33 91 92 72 89 22
43 17 100 49 80 47 41 65
77 74 30 95 53 40 86 31
84 14 58 46 40 68 31 46
84 65 66 76 35 78 30 11
31 20 97 97 92 73 16 12
89 61 86 58 88 16 92 40
99 62 96 94 58 32 65 16
34 81 88 69 63 42 92 46
64 20 85 21 82 34 49 27
29 16 98 57 31 77 79 61
77 27 52 50 32 60 89 96
46 57 35 22 47 12 51 56
93 63 94 90 30 61 35 30
13 13 33 87 35 54 62 69
91 13 27 90 76 88 14 43
93 57 93 21 77 58 69 85
14 44 74 46 44 99 77 46
74 68 49 12 66 55 47 10
46 60 69 57 63 20 35 32
24 19 47 62 83 91 40 83
79 71 85 73 62 34 83 10
49 66 42 35 51 20 37 77
20 58 30 96 72 45 14 62
84 33 71 75 53 78 85 77
12 70 42 15 79 14 84 96
52 94 54 33 94 89 26 12
30 17 45 65 98 30 40 44
72 65 87 48 55 41 34 42
90 89 36 64 52 42 31 77
75 40 72 92 59 68 38 88
28 33 89 25 11 97 41 55
100 72 54 16 49 92 61 85
62 65 28 15 89 72 100 86
68 44 76 37 74 95 14 56
32 56 28 28 29 69 85 59
76 74 46 20 64 46 80 29
64 67 98 22 29 81 83 93
18 12 61 60 37 29 36 96
89 17 67 15 27 74 85 54
55 65 57 78 63 81 56 42
19 52 65 93 65 65 44 25
78 21 56 55 59 86 61 93
56 95 40 98 18 28 63 31
93 95 47 85 48 27 39 92
94 60 86 47 96 52 20 71
75 11 19 54 86 73 83 41
56 26 32 55 100 86 38 16
54 40 72 31 53 46 11 81
32 40 67 40 92 26 66 20
61 76 12 74 22 57 33 95
12 53 93 68 79 56 89 87
16 24 39 53 11 68 44 16
68 77 57 96 31 82 64 90
17 87 40 16 22 22 65 29
66 47 43 40 45 26 73 43
19 54 97 73 46 28 100 26
58 48 11 65 70 38 71 93
58 92 60 49 72 86 30 82
39 100 87 65 50 95 16 87
99 90 37 67 15 44 81 29
59 34 65 14 93 49 44 95
36 68 61 86 76 70 45 81
84 44 44 78 19 73 55 92
61 40 40 49 51 57 42 53
38 23 73 66 96 84 12 100
91 60 12 64 17 63 51 16
71 33 89 70 89 57 73 39
10 61 66 62 51 10 41 24
26 65 27 60 17 60 11 85
28 58 82 30 42 48 25 75
11 20 43 11 77 28 17 99
100 32 36 29 79 11 73 99
68 88 23 57 15 59 96 17
11 38 61 98 60 14 12 22
55 21 38 93 88 13 32 74
19 37 26 69 11 71 81 78
67 34 27 99 64 56 52 30
38 65 55 36 100 100 67 31
13923 12995 11329 9931 9090 7340 7123 6050
20 97 37 57 17 81 18 32
55 83 73 97 84 45 89 35
28 19 39 32 79 60 94 66
28 78 17 49 53 14 100 70
60 99 35 50 74 35 93 67
55 55 81 82 47 19 44 63
53 16 47 55 36 98 79 17
23 12 96 68 99 44 27 56
35 98 88 61 38 29 64 80
45 29 62 67 20 13 30 20
86 36 32 100 20 71 24 91
45 60 97 17 53 51 83 26
94 67 93 12 54 56 61 17
20 23 53 48 58 54 83 79
23 14 94 11 57 89 47 35
22 38 80 28 66 51 16 58
38 22 66 17 97 59 95 39
55 39 25 39 37 42 19 59
71 46 57 77 54 36 67 55
82 42 24 98 23 44 97 36
82 93 86 86 60 10 45 18
74 58 13 100 49 21 17 71
99 66 45 54 24 23 47 36
49 87 54 14 46 71 97 89
69 45 11 32 58 74 17 67
39 21 57 73 46 75 87 80
94 76 72 68 69 60 34 72
97 79 30 71 34 18 67 47
40 85 57 95 75 64 49 28
36 28 41 64 36 34 58 63
29 60 57 96 91 31 87 39
35 81 10 36 33 45 91 49
24 48 81 67 65 44 72 53
63 56 35 66 64 26 56 61
100 46 45 90 92 18 73 100
39 24 17 93 55 58 20 10
90 13 77 97 20 13 52 85
15 43 51 76 32 95 97 69
40 12 68 88 75 53 64 48
77 47 100 79 93 87 71 10
41 57 29 88 99 68 26 59
46 94 46 25 49 23 64 12
44 17 17 43 24 18 68 80
58 20 54 11 49 43 64 23
44 89 29 59 98 11 82 14
27 28 80 71 84 54 25 68
54 62 75 23 66 47 88 79
12 20 44 53 53 32 98 61
42 14 59 87 21 18 88 21
65 17 84 86 41 18 83 61
33 74 73 35 54 84 95 96
47 87 84 76 53 89 68 13
26 80 29 48 74 32 70 45
72 73 82 74 98 87 16 68
76 34 39 79 45 77 41 14
28 100 20 29 22 35 18 29
35 28 19 59 63 35 54 63
51 20 91 87 30 95 52 75
51 81 47 59 30 35 19 11
72 70 27 97 39 30 76 13
33 73 12 81 58 15 80 55
48 64 10 23 72 86 52 62
41 56 84 25 16 62 61 65
18 15 86 49 16 38 76 54
16 95 61 84 21 85 89 85
72 58 70 34 50 91 64 87
41 34 43 39 66 28 29 81
73 43 10 42 75 98 100 49
82 52 40 88 50 79 97 26
98 84 47 86 68 32 80 95
87 14 60 38 78 84 57 31
19 93 48 78 74 60 78 88
97 40 69 52 16 36 19 70
40 76 63 60 54 74 10 82
68 94 54 100 100 21 41 35
86 68 80 87 19 33 57 90
38 23 67 94 70 95 93 40
63 62 45 90 93 98 51 19
56 28 71 72 32 90 90 100
27 91 58 47 36 38 41 32
43 59 84 16 10 59 20 68
77 83 32 34 68 59 90 100
80 78 72 37 97 66 96 21
74 12 68 17 64 31 57 42
84 11 68 72 74 52 90 96
94 43 13 100 86 99 72 30
76 81 24 99 23 100 52 31
38 71 30 27 33 95 61 33
75 16 38 40 90 73 70 57
95 26 63 93 74 94 23 29
87 80 67 76 10 56 85 88
76 11 55 19 62 52 74 12
66 67 97 65 70 53 74 37
55 69 60 25 31 73 22 62
21 83 41 52 54 98 22 10
41 59 37 100 16 25 40 27
47 60 81 63 52 62 73 20
62 82 61 29 88 69 48 36
67 40 58 32 96 27 59 90
93 52 94 49 25 28 16 47
12765 12901 10603 10450 8789 7817 6768 5616
59 26 89 44 44 19 48 33
61 56 91 38 47 24 75 76
11 24 67 32 59 36 100 81
79 78 90 87 48 30 56 29
74 72 95 72 10 56 22 74
17 17 62 84 93 58 11 46
18 98 33 89 78 44 21 61
25 98 85 25 46 67 40 44
44 91 31 85 84 43 64 78
11 50 100 44 90 40 57 88
55 90 52 87 88 19 49 30
96 61 34 35 80 78 100 42
85 88 17 82 36 79 23 91
70 15 72 16 86 62 76 88
73 62 52 27 97 29 42 89
14 90 46 98 43 74 92 92
91 17 87 40 87 20 59 95
30 23 62 33 73 65 31 51
35 12 17 92 79 23 31 89
11 84 46 40 44 71 16 78
99 73 23 78 49 19 25 41
16 79 54 49 74 44 97 79
77 91 44 16 87 70 84 21
34 72 53 23 22 71 39 42
75 66 60 54 23 95 89 79
26 47 31 28 80 54 76 47
38 45 66 70 20 25 95 25
31 58 24 62 93 55 13 85
44 92 28 51 85 92 53 38
72 26 56 23 25 45 20 12
21 29 87 65 51 100 70 56
54 41 44 34 93 89 29 17
13 19 89 97 55 61 76 69
20 92 22 31 72 93 78 12
60 69 31 15 80 10 66 79
14 71 48 61 99 17 100 61
14 11 25 61 70 72 58 100
52 88 49 98 42 75 66 64
58 47 39 48 29 98 28 64
32 23 32 16 65 84 33 67
38 37 85 23 89 86 39 59
42 29 12 80 48 51 90 21
55 59 31 56 91 29 12 15
12 88 69 88 84 88 83 45
13 56 92 38 94 69 63 70
11 31 63 35 48 52 41 87
65 14 74 89 29 21 57 94
72 20 12 87 91 83 64 85
10 100 52 92 31 15 21 21
10 74 18 49 54 31 11 62
71 84 52 17 31 18 20 35
44 62 53 57 58 88 43 25
99 79 26 97 44 77 37 15
75 87 28 21 50 48 42 38
93 31 99 49 51 88 93 86
27 96 15 18 27 86 49 69
81 20 100 29 69 22 10 71
45 76 34 77 87 22 91 73
67 76 39 81 90 27 85 23
39 91 23 15 64 88 62 87
60 76 58 88 19 32 33 65
70 97 24 28 67 51 16 60
87 67 14 94 15 69 53 31
60 13 58 94 87 91 77 12
64 32 72 78 49 28 13 62
17 23 35 93 22 37 64 63
60 36 39 38 43 56 21 80
70 10 68 95 32 59 18 84
73 20 33 88 18 97 26 65
85 60 14 11 66 98 77 16
51 75 71 65 72 78 98 18
10 58 92 70 83 43 50 28
16 41 68 100 55 91 87 14
83 95 59 46 20 88 84 99
35 40 30 67 19 14 56 35
69 32 56 70 19 81 86 24
42 92 79 58 30 39 98 53
37 48 25 39 75 43 60 59
99 53 20 56 91 54 71 78
16 40 91 62 52 98 25 87
56 21 70 34 24 24 64 10
86 15 59 65 22 83 57 55
78 94 14 23 56 65 39 24
34 33 78 58 39 90 70 74
21 58 42 59 68 43 16 61
48 98 91 90 46 94 48 57
78 61 56 11 29 16 85 70
25 52 96 73 28 42 75 78
66 89 85 75 39 39 45 16
92 62 52 86 82 98 12 25
62 57 30 80 69 56 14 85
41 57 23 59 12 99 75 40
97 48 34 77 23 46 35 91
17 86 26 47 56 19 57 60
14 59 66 31 78 47 41 70
30 36 61 90 67 32 20 44
68 22 71 55 73 60 83 60
32 85 77 32 63 88 15 39
39 94 11 60 85 94 48 22
66 100 100 48 14 27 96 89
12527 12141 11041 9894 8588 7723 6357 5474
73 100 94 63 24 27 45 29
24 39 10 27 91 64 42 67
95 72 24 54 37 55 74 14
13 52 21 76 20 74 11 10
85 83 44 88 32 16 61 10
94 44 56 93 47 48 48 17
64 95 45 82 19 26 100 100
92 96 37 41 20 99 75 68
46 87 53 22 67 78 87 61
67 65 22 70 74 11 96 41
88 63 27 15 44 76 15 95
81 42 35 99 95 32 61 74
12 48 86 74 20 91 93 92
50 63 30 16 49 59 16 83
25 37 51 63 15 50 34 100
82 58 54 62 34 63 38 90
57 51 44 15 69 11 71 49
96 28 48 99 19 51 26 62
89 56 65 71 48 91 72 98
67 46 38 43 60 33 94 84
42 35 65 78 25 67 64 44
37 93 55 58 10 79 38 78
65 67 31 34 58 94 94 94
98 95 75 32 51 62 28 27
51 49 78 69 51 28 55 82
55 60 92 71 100 59 78 47
67 74 53 36 16 34 35 91
41 68 85 30 53 54 29 58
96 35 91 46 72 88 96 59
86 70 66 52 38 11 12 69
80 50 56 40 79 67 44 23
12 48 35 14 41 55 77 41
24 96 56 99 41 52 68 31
54 26 46 27 11 90 45 30
52 92 54 10 66 92 12 62
83 51 14 35 86 95 97 86
77 90 86 13 99 39 35 92
64 25 66 94 31 21 65 84
29 52 81 89 60 96 42 30
90 23 32 26 29 53 50 28
32 69 29 49 48 95 18 37
70 48 95 55 73 98 77 70
61 70 22 50 44 90 39 98
14 82 36 15 53 74 73 32
90 68 51 55 66 87 41 59
37 16 91 97 64 38 94 97
35 34 72 60 78 70 28 40
76 41 43 66 92 89 70 80
73 76 86 61 69 50 59 69
19 28 17 37 42 40 91 12
28 17 86 54 95 99 81 61
84 41 47 11 67 18 16 33
97 51 46 81 36 77 77 16
81 55 90 45 35 42 50 37
88 67 31 65 19 43 37 36
54 89 96 81 27 14 19 53
55 16 77 11 66 13 23 65
58 91 63 62 74 60 60 76
18 23 73 52 49 79 75 20
84 75 89 86 21 95 67 50
42 16 76 30 84 46 99 62
55 100 30 20 64 22 18 96
91 62 70 68 55 58 92 100
31 97 28 36 47 32 55 79
73 74 41 50 81 35 31 54
25 78 37 74 42 76 74 58
75 23 89 32 81 90 62 28
24 13 68 66 33 86 11 75
92 45 47 89 36 54 74 45
22 28 47 87 53 61 38 42
48 10 94 75 86 63 75 97
40 88 54 66 52 51 20 73
45 22 12 62 22 70 82 57
97 72 73 95 43 37 56 44
58 17 87 28 88 36 69 97
88 78 71 60 79 99 61 93
11 62 72 13 90 84 23 22
77 76 58 77 10 93 99 48
27 31 69 22 78 100 55 70
72 72 51 10 49 21 37 52
24 14 25 74 73 69 45 20
21 78 84 97 20 22 28 92
13 28 37 48 53 91 86 78
39 94 37 83 99 18 77 23
40 14 26 15 60 72 54 25
40 27 62 56 17 73 18 58
41 78 65 47 14 13 29 59
50 41 61 75 30 48 16 25
100 67 83 80 51 49 78 48
98 86 12 20 96 95 63 13
49 86 27 66 73 91 26 81
57 99 71 75 53 51 49 45
37 43 56 72 97 38 78 81
51 45 71 28 89 59 42 80
24 94 68 18 73 14 16 43
67 39 40 37 29 20 34 10
72 44 43 54 25 28 86 71
20 26 50 40 28 12 66 34
55 25 47 47 85 43 50 24
54 14 26 78 60 58 81 11
14033 12767 11566 10647 9268 7787 6304 5796
70 24 62 72 98 68 69 36
78 66 14 62 24 81 25 61
81 33 87 42 72 91 86 47
12 29 69 87 25 44 96 63
60 36 39 26 22 16 78 93
69 44 28 78 16 95 37 77
84 19 36 63 45 22 48 42
34 76 90 12 98 97 73 37
89 10 16 90 69 73 64 75
98 44 94 75 40 52 74 81
61 34 18 28 26 59 24 51
53 82 12 27 29 39 18 81
76 23 49 57 45 56 55 66
80 95 23 16 85 85 62 50
43 98 17 49 16 89 13 28
79 27 86 49 97 33 73 60
89 86 47 53 82 60 52 90
89 65 91 56 52 87 69 38
76 33 93 42 73 25 93 95
16 58 27 71 30 16 21 20
33 40 19 20 98 61 34 23
71 92 50 89 43 30 98 35
97 26 32 28 87 89 14 59
68 91 67 15 52 46 78 87
66 91 92 31 86 57 16 96
36 35 69 43 99 84 70 26
52 52 48 69 65 21 64 25
18 39 56 53 93 25 12 82
67 78 10 67 84 54 40 44
55 27 82 24 27 64 98 52
69 88 44 38 63 44 12 17
31 77 15 59 23 52 91 52
72 25 56 73 53 91 66 59
18 63 59 22 44 29 63 53
69 99 98 30 54 19 40 19
19 44 28 89 24 18 53 85
27 18 22 60 21 72 48 98
57 25 13 82 69 59 68 18
64 52 12 39 57 95 33 80
27 91 40 44 95 48 44 45
34 30 38 65 23 97 41 100
25 93 51 77 52 76 88 99
21 52 90 35 51 60 99 68
26 33 26 94 38 49 85 32
55 86 65 50 74 42 78 44
14 100 32 100 76 12 65 48
47 22 58 69 49 99 100 41
60 76 63 99 69 16 46 93
16 18 82 77 87 83 52 12
85 75 90 89 10 10 49 45
68 44 82 72 38 54 85 59
22 60 15 18 47 84 82 31
10 90 88 79 46 26 22 97
64 28 13 43 99 94 37 12
69 81 23 86 54 92 89 60
80 90 60 40 46 29 83 17
86 64 36 92 72 96 53 25
62 39 42 14 85 83 96 77
32 53 42 24 59 83 77 32
70 53 43 45 88 19 64 49
25 49 98 86 32 26 74 21
38 65 98 92 96 51 33 76
83 81 82 30 21 88 25 54
11 16 53 59 46 28 78 47
95 66 38 69 61 39 59 10
61 61 56 36 99 62 83 64
65 45 79 39 55 42 48 90
66 60 47 56 27 95 40 76
55 75 85 77 58 52 34 46
44 94 42 13 23 29 44 96
18 20 51 36 46 91 100 41
32 38 40 60 53 87 60 57
26 41 56 60 85 72 62 56
24 94 46 10 26 50 39 75
41 20 67 35 82 74 18 32
22 70 40 89 82 75 66 36
42 66 86 23 19 44 81 66
98 55 66 77 88 91 51 19
65 44 82 88 57 17 78 100
47 36 22 98 20 87 32 28
35 24 31 22 98 74 34 85
14 12 62 74 95 43 34 22
14 36 56 13 21 22 14 92
62 94 70 81 82 51 30 37
27 33 70 37 93 83 82 21
95 47 61 19 88 98 27 25
54 35 72 40 79 36 39 69
83 63 67 94 52 38 98 67
26 23 51 90 20 27 87 69
39 93 73 80 35 39 37 28
90 61 31 95 62 13 58 43
79 53 32 22 99 71 71 36
42 42 15 97 55 64 16 56
34 19 77 94 37 64 71 32
98 87 50 41 90 70 80 36
53 50 93 31 78 52 28 85
70 76 76 40 91 16 51 50
20 42 64 40 53 65 49 87
37 76 84 100 46 37 12 91
10 49 64 55 88 59 95 57
12993 12213 11360 9163 8576 6994 6150 5395
76 46 12 23 79 97 42 58
25 75 61 60 67 69 46 62
36 26 63 72 14 85 25 15
37 32 29 60 86 40 90 27
43 70 69 11 33 38 13 44
71 42 88 68 20 86 91 40
46 91 72 20 57 11 25 96
48 15 92 28 21 85 44 29
84 89 96 77 59 78 73 64
34 29 94 19 51 49 18 37
10 66 33 16 87 48 31 93
33 91 60 35 60 35 47 41
54 61 64 51 60 70 22 82
90 50 86 73 78 73 62 44
55 33 84 26 87 92 75 14
96 64 33 69 100 79 40 93
79 29 97 72 15 96 12 88
87 66 58 62 40 94 57 80
90 70 41 51 100 90 20 62
16 65 35 88 44 52 59 33
65 10 28 11 31 34 83 96
15 78 67 24 23 37 30 62
39 17 17 67 100 72 15 73
75 99 56 37 88 83 41 39
92 80 88 74 85 16 46 95
58 36 74 96 43 31 57 29
59 100 100 17 71 31 26 11
84 58 16 75 86 83 35 98
20 51 24 24 24 57 81 13
82 42 23 97 11 84 94 20
93 25 39 19 46 57 15 44
89 61 52 74 54 97 30 96
78 94 51 98 97 50 95 64
64 34 67 56 40 95 19 80
89 62 35 50 71 26 56 49
38 24 88 64 94 26 86 93
43 44 56 28 18 65 50 55
53 86 68 29 77 50 23 33
69 71 77 53 24 74 32 31
81 49 65 66 77 81 88 92
52 56 84 69 84 89 100 13
69 11 43 77 38 11 48 11
45 87 52 45 16 58 61 98
76 52 43 53 37 25 58 51
63 10 12 60 87 51 96 98
86 98 42 81 99 16 28 57
38 55 18 10 41 66 86 13
62 65 98 19 54 60 76 27
45 47 98 35 10 63 61 62
97 32 76 60 78 14 29 66
43 88 12 56 36 88 49 15
39 36 41 64 71 61 91 97
58 43 92 13 26 14 51 35
17 97 38 75 64 38 80 67
36 82 28 39 78 26 55 91
25 76 63 35 21 59 50 60
96 49 45 93 32 72 30 20
86 59 27 33 84 36 98 10
100 42 92 34 36 53 51 98
71 79 72 46 57 18 65 94
84 16 29 48 27 92 46 57
73 86 23 51 59 61 40 74
21 58 84 63 42 99 35 22
38 11 51 64 34 58 18 77
55 69 15 29 98 38 14 71
62 90 56 91 52 43 41 43
73 77 58 43 10 41 24 93
93 94 26 29 68 82 43 86
65 60 78 26 55 36 32 56
17 43 27 87 90 77 49 90
87 17 23 85 66 14 73 80
68 27 59 99 96 89 76 13
31 26 10 25 31 14 25 45
72 21 50 69 55 80 39 55
89 68 70 84 86 12 27 55
29 30 44 84 46 48 10 29
23 91 80 26 50 20 45 74
77 27 64 28 13 89 21 84
93 41 26 35 56 17 13 63
96 32 88 31 73 51 38 46
42 100 59 63 59 79 43 38
37 72 18 81 30 33 74 41
46 40 19 63 79 65 88 18
19 32 41 35 23 35 97 62
94 82 80 67 51 27 75 64
68 65 27 46 87 34 28 77
97 31 59 34 70 63 90 61
13 29 32 83 69 25 54 76
20 36 79 10 72 24 22 61
91 16 48 100 10 36 78 55
45 92 57 93 60 53 65 83
36 34 19 98 47 50 39 72
72 87 43 93 72 39 81 83
78 25 98 34 68 21 13 14
50 48 51 58 97 79 21 94
91 54 14 48 28 76 18 29
53 100 24 82 78 39 92 41
14 61 22 20 16 13 53 39
18 36 87 67 46 63 37 32
82 35 73 54 25 68 34 81
12922 11969 11541 10095 8286 7809 6056 5828
91 52 91 47 82 59 80 89
91 91 15 31 78 99 26 71
75 36 45 87 10 57 40 47
70 85 92 41 49 29 41 82
34 52 61 37 75 45 79 24
61 91 18 40 55 31 46 91
37 44 21 60 14 100 100 81
19 26 34 32 20 71 88 86
27 16 26 50 48 37 39 28
11 27 72 16 89 80 14 97
10 11 79 37 91 88 19 46
91 67 79 19 29 10 43 62
47 16 63 18 38 22 90 33
16 59 58 49 39 99 46 25
25 80 43 77 21 51 33 11
30 46 99 52 33 82 90 87
37 93 25 28 29 34 47 18
83 53 35 95 74 26 65 93
70 45 68 34 82 70 18 66
73 78 80 63 36 47 85 25
92 47 29 80 65 75 81 23
31 76 12 48 93 16 55 63
68 45 61 70 21 77 77 65
42 49 50 41 13 61 98 64
20 38 63 67 36 44 74 41
85 22 94 71 96 41 39 89
42 69 28 74 73 96 41 56
30 92 46 21 94 31 15 49
64 23 26 64 17 73 35 94
33 53 27 51 81 82 78 14
99 38 55 27 56 15 97 77
26 29 86 63 12 75 63 30
40 79 20 32 75 55 70 69
32 28 83 11 95 45 87 57
84 24 14 71 80 18 19 94
24 96 89 25 40 69 51 79
85 54 71 82 61 78 65 20
33 51 48 89 11 50 61 50
19 76 96 20 19 16 22 76
92 28 30 12 46 30 40 76
78 42 12 32 36 53 92 63
17 44 58 37 69 20 50 60
37 56 98 14 83 85 15 37
24 82 32 30 78 10 90 15
64 28 14 36 18 83 22 63
43 42 76 67 38 93 95 34
52 82 16 35 50 28 94 26
96 29 81 31 56 63 75 33
38 96 33 77 16 96 96 95
14 40 30 53 32 44 91 32
11 43 39 11 53 45 50 87
19 27 56 56 13 17 55 86
29 88 12 45 46 26 14 48
44 56 96 58 44 61 18 46
100 20 44 95 33 92 30 39
10 98 79 81 51 62 50 20
22 17 34 53 85 55 22 80
35 21 66 30 83 94 64 53
73 13 28 55 24 57 51 68
62 56 16 20 96 88 43 31
83 91 94 36 38 94 97 70
93 26 37 72 13 20 79 26
68 36 37 54 15 61 42 38
98 69 51 69 74 27 97 64
74 27 78 46 90 37 21 43
73 99 78 81 55 51 69 75
53 65 55 13 17 53 79 79
89 78 92 27 71 41 66 75
15 11 70 77 87 42 63 98
86 53 11 39 47 98 98 93
29 52 86 59 39 96 95 33
15 49 34 63 67 80 24 43
93 72 53 33 55 27 23 54
74 91 11 80 75 53 28 90
95 100 77 92 98 50 24 38
43 60 78 95 15 42 55 41
41 12 57 14 42 96 60 67
55 85 74 74 85 89 84 45
10 69 38 90 51 69 29 89
43 32 10 16 35 27 89 48
10 47 65 20 73 38 83 20
38 70 21 62 75 14 90 31
43 19 99 76 61 66 71 18
35 35 55 93 100 31 28 46
33 74 56 22 69 50 54 63
18 23 40 13 71 23 84 49
78 58 85 68 43 33 71 97
86 46 26 60 16 26 66 41
21 66 29 54 18 99 86 52
24 61 26 26 57 42 71 41
33 39 10 92 32 82 45 37
69 76 97 64 91 35 21 53
84 10 89 69 96 74 52 36
25 89 81 18 51 91 64 52
34 29 64 97 54 14 55 47
61 62 84 71 84 97 88 99
99 88 38 59 11 32 86 90
27 13 80 97 28 12 94 76
89 34 69 82 36 69 31 20
92 90 26 79 83 30 99 54
13286 12617 10563 10612 9435 7908 6161 5190
60 46 86 56 93 92 86 75
19 76 39 51 84 28 56 24
16 59 65 32 58 44 84 52
28 48 43 55 90 95 42 20
65 42 13 82 47 36 40 22
84 65 49 21 87 30 33 38
20 72 46 48 39 52 26 28
77 16 80 13 87 65 54 95
72 28 17 83 86 19 42 85
95 66 31 90 29 51 44 85
72 90 34 100 29 13 29 97
94 61 85 31 20 36 45 68
97 20 30 61 80 10 19 21
36 29 33 41 45 42 72 81
42 44 58 24 79 32 72 67
83 24 47 71 14 88 50 60
66 23 17 54 78 55 68 66
89 62 49 23 55 26 55 41
50 63 42 50 92 87 49 21
23 13 10 24 67 74 67 27
25 88 77 91 14 55 42 57
15 52 81 69 29 53 28 24
13 38 38 38 74 41 76 10
35 42 14 37 44 25 53 47
22 28 62 100 60 18 45 62
75 78 62 63 71 98 11 47
60 58 100 40 34 68 40 67
99 96 36 82 59 62 42 83
67 79 90 47 13 70 67 77
79 89 56 10 68 10 10 22
52 10 26 39 84 25 52 51
86 91 51 29 80 84 21 42
43 59 87 24 57 41 38 57
97 33 47 33 56 99 69 17
53 54 77 67 35 54 51 90
14 23 54 96 29 60 28 43
33 33 99 12 19 79 64 67
42 85 40 68 44 25 42 29
43 70 99 34 72 78 85 95
77 98 76 33 38 62 31 44
22 47 34 79 45 43 51 18
45 33 87 30 18 93 78 11
61 43 64 97 23 40 60 60
78 84 73 83 67 34 12 49
27 66 90 55 66 44 21 51
63 95 32 62 69 74 40 29
50 34 10 44 58 39 19 70
64 27 12 90 65 46 52 53
50 67 96 30 87 56 90 58
66 48 56 90 61 49 18 75
73 36 51 22 83 65 27 42
11 89 65 15 46 55 87 73
18 36 79 62 78 45 66 67
30 53 48 41 59 13 71 69
75 49 70 83 78 62 18 76
45 21 70 20 44 12 98 99
62 34 86 96 23 10 21 42
43 23 47 80 21 97 74 13
20 72 52 23 55 61 46 53
46 84 41 40 63 93 96 81
45 10 85 45 65 91 32 98
28 96 25 39 21 11 11 76
35 73 36 58 53 24 50 27
40 30 21 24 72 41 63 30
90 67 34 83 70 95 15 98
40 81 81 17 78 73 16 17
95 11 32 38 82 75 65 80
96 48 13 71 17 52 68 11
83 23 45 96 75 96 92 51
16 39 73 66 54 75 53 47
81 97 78 73 52 89 31 86
87 57 94 30 33 70 60 81
89 67 22 32 94 66 20 37
39 21 33 92 67 50 96 67
19 79 94 19 78 66 33 99
83 33 81 82 36 17 75 36
15 100 43 100 93 48 97 46
43 25 85 30 65 77 82 66
42 75 63 10 59 20 94 44
12 10 93 82 100 78 27 40
63 36 40 63 75 50 21 51
63 65 58 49 94 94 74 74
19 84 81 70 49 71 77 24
24 91 19 40 14 70 78 90
60 77 83 24 77 48 43 90
76 37 56 30 52 85 38 79
90 28 36 29 50 54 50 64
53 18 36 51 75 16 44 83
44 39 73 78 69 32 12 64
18 84 28 86 55 40 17 84
88 56 76 46 65 16 98 85
36 56 51 29 45 87 74 39
82 51 97 46 50 32 21 15
46 24 86 10 87 74 79 53
52 45 48 71 60 96 94 18
57 24 70 81 23 82 90 64
34 55 60 17 28 90 32 12
86 75 76 98 11 45 96 79
31 64 28 87 45 81 19 63
29 37 61 17 26 50 40 20
13317 11899 11277 10123 8406 7209 6868 4836
58 37 42 43 14 90 61 57
60 58 15 49 82 79 66 55
60 31 31 48 65 69 33 39
18 64 22 69 67 30 13 65
80 78 65 25 58 80 45 50
50 97 93 14 55 66 80 94
57 46 78 65 17 38 80 61
88 17 84 83 57 19 20 29
64 92 18 22 30 32 41 33
59 48 36 99 17 47 92 90
60 55 72 43 11 95 45 44
89 67 11 42 77 43 49 58
33 33 91 86 69 17 91 74
13 88 16 96 60 21 64 93
50 90 22 17 64 15 51 18
77 96 24 31 21 63 50 58
53 83 47 80 74 98 100 65
57 62 20 58 73 27 10 67
70 80 98 28 38 70 76 18
20 52 56 72 17 39 89 98
55 100 55 97 36 22 33 11
81 29 81 100 13 44 40 49
28 96 10 43 24 58 86 48
88 78 33 84 78 78 28 19
41 21 33 55 41 44 38 79
89 83 95 16 82 10 34 39
15 91 46 52 19 42 60 96
59 55 47 57 84 45 84 14
41 12 23 84 31 79 68 85
93 82 62 17 29 28 61 41
78 33 22 49 93 78 47 28
53 50 34 26 14 78 85 13
66 35 91 35 30 33 62 58
30 72 30 25 79 14 44 58
100 70 71 70 84 34 93 20
62 80 74 93 32 86 98 56
61 47 13 39 42 65 22 33
65 62 95 31 38 10 89 35
75 26 64 40 68 51 37 29
75 10 53 31 71 90 16 66
17 13 55 42 63 76 38 17
58 66 36 28 72 37 79 29
40 97 54 45 92 21 32 58
36 88 68 24 88 28 26 42
80 17 54 64 74 20 52 23
31 59 37 20 57 18 45 28
91 44 48 60 85 99 11 48
17 81 85 59 88 24 93 45
80 54 82 25 62 61 14 78
43 34 88 90 20 55 55 25
73 95 93 23 50 62 69 79
38 24 82 78 36 93 66 12
12 29 60 96 45 27 71 50
57 11 66 91 63 94 70 88
96 34 49 34 34 35 76 47
72 23 32 15 71 68 19 34
58 87 66 73 16 99 21 78
26 39 85 60 83 75 39 42
99 23 80 19 89 15 69 24
12 69 40 56 92 47 74 32
87 28 11 31 79 58 59 98
31 32 93 26 75 94 93 14
29 91 38 47 25 60 61 71
22 64 68 12 20 87 85 59
81 42 100 52 15 22 12 61
94 13 98 57 75 36 50 36
27 76 35 86 48 36 62 62
69 21 84 11 72 82 13 21
84 93 42 84 90 94 36 97
27 41 92 72 33 77 76 95
13 27 22 21 83 68 38 12
84 41 38 80 24 73 52 91
44 87 74 28 63 24 50 17
33 29 15 97 45 14 80 59
29 75 75 16 89 97 44 51
11 78 71 51 66 14 23 35
45 64 43 23 86 93 84 60
15 84 53 10 96 63 14 87
45 74 41 95 32 59 91 82
62 85 58 85 40 86 95 70
39 47 42 13 68 20 15 48
62 44 64 41 64 54 92 68
27 37 16 13 85 77 44 14
93 56 38 27 68 96 54 23
29 16 43 58 90 18 63 71
58 69 57 26 47 94 28 28
64 18 65 18 59 70 17 90
61 45 32 47 28 86 78 79
47 22 99 88 24 10 39 18
60 43 25 74 75 72 80 31
68 11 17 50 29 90 63 83
75 47 99 14 30 44 83 16
54 78 42 28 40 69 89 60
15 53 43 56 46 37 28 14
19 89 51 62 70 31 36 72
61 79 75 38 85 70 89 38
95 29 96 49 91 64 21 86
58 36 78 36 82 61 15 49
33 85 44 17 94 91 68 81
13 22 63 84 66 14 26 68
13222 11885 10776 10675 8893 8130 6115 5117
76 65 37 100 29 66 75 16
27 63 23 56 55 38 59 25
58 30 74 24 69 76 52 67
32 27 72 61 85 81 92 80
74 79 68 75 56 71 85 93
18 20 13 23 70 25 86 72
33 63 81 97 99 100 81 56
32 54 98 24 30 42 80 76
23 29 58 29 90 79 89 80
41 65 74 90 21 48 36 34
62 16 56 21 29 65 54 51
28 71 99 21 13 28 53 89
91 69 73 81 71 19 22 80
58 58 85 35 18 99 62 77
44 20 30 71 47 89 88 71
48 66 44 83 12 58 15 17
39 60 46 64 35 54 53 64
20 30 52 45 10 17 15 58
17 84 26 25 25 48 72 47
71 49 50 99 33 24 97 39
98 99 40 11 19 59 78 24
51 18 28 82 41 72 54 70
91 100 65 40 31 34 98 52
46 13 25 29 15 17 98 19
31 91 94 83 86 64 75 81
97 53 87 51 70 52 82 36
66 78 74 40 48 56 58 13
35 98 93 81 100 20 39 54
43 55 11 18 60 25 88 14
24 38 88 14 40 60 88 63
18 54 80 31 40 74 92 59
90 65 44 38 84 70 23 98
14 57 44 75 71 96 43 18
21 89 92 40 87 28 49 70
44 76 84 66 54 58 10 88
91 88 83 85 42 74 60 36
41 72 56 22 75 15 62 22
80 93 35 65 51 88 27 75
63 64 32 41 39 27 44 99
41 85 86 21 64 21 18 62
25 52 35 56 55 84 11 41
64 48 83 15 53 16 43 23
23 19 15 24 48 18 35 50
44 16 26 74 42 99 83 89
92 93 74 14 84 86 34 64
17 26 40 14 24 97 68 79
55 19 76 10 66 28 70 14
66 32 57 67 52 40 67 90
94 11 90 11 87 46 88 22
55 29 22 99 81 67 67 14
97 82 51 55 84 13 16 95
27 47 48 69 96 30 59 17
15 29 22 98 98 84 21 82
85 32 29 64 99 81 21 92
89 21 13 66 82 97 38 44
77 19 93 92 20 96 90 99
25 91 99 34 37 36 44 38
56 76 61 78 59 86 93 20
87 41 68 42 19 32 61 40
48 26 84 49 81 21 14 31
72 80 69 44 55 100 94 50
82 87 81 45 32 41 70 36
93 81 68 49 70 13 82 34
40 96 42 87 92 14 47 20
26 31 76 59 54 66 23 21
25 23 34 83 66 12 25 42
31 14 32 76 14 61 19 100
93 14 73 67 23 51 14 12
64 88 11 51 90 98 23 95
91 16 26 49 97 64 44 47
40 60 46 61 29 24 27 55
56 38 59 57 38 32 42 100
67 78 71 74 41 49 41 97
17 79 76 95 24 72 28 67
31 80 18 91 81 47 65 23
66 29 82 15 14 56 19 10
89 13 88 22 31 90 35 65
61 55 50 46 52 16 66 29
88 91 11 59 13 36 85 74
12 83 95 28 95 45 93 83
94 93 61 27 82 59 19 68
39 41 17 81 73 99 67 80
81 40 78 89 35 59 96 61
21 66 34 90 36 42 16 12
23 68 53 68 80 21 93 77
85 84 10 53 57 83 83 53
18 52 62 48 32 88 58 28
76 62 13 31 75 29 35 47
72 35 52 83 21 76 58 66
34 71 62 35 66 61 73 79
68 45 62 23 10 17 82 69
64 15 85 71 22 25 37 66
55 31 25 43 52 97 81 15
46 69 65 24 60 77 85 54
68 23 46 42 96 29 17 90
88 76 27 45 99 32 88 46
67 66 45 67 72 58 31 49
86 86 19 47 72 68 37 99
33 95 100 55 57 95 85 27
97 71 65 87 31 92 58 34
13301 12066 10319 10090 7925 7252 6550 5747
46 26 83 29 57 68 86 56
65 46 20 71 54 94 89 30
55 92 43 83 90 98 72 18
38 77 73 58 97 97 47 63
76 93 27 43 80 65 43 69
39 100 92 62 18 10 26 73
86 41 77 58 86 18 62 31
45 51 74 44 10 26 16 83
56 88 96 12 18 37 93 31
68 14 45 85 26 62 88 95
83 83 26 57 79 77 52 55
66 24 91 37 60 15 76 53
17 11 14 17 78 43 48 10
92 93 70 71 12 56 40 90
27 56 41 68 63 29 83 73
67 48 35 97 46 24 70 94
34 33 52 69 69 51 77 12
85 86 23 16 41 42 82 31
63 69 37 85 63 93 87 12
13 74 88 41 31 48 34 38
70 87 22 76 19 52 55 53
61 19 61 62 52 77 97 43
85 57 58 60 34 92 30 10
77 71 74 23 87 86 45 14
51 56 64 41 25 20 32 25
11 15 13 31 48 82 85 42
49 22 35 32 62 92 65 42
65 95 91 61 91 67 64 49
74 46 19 11 68 91 74 21
22 49 14 24 71 43 65 71
28 72 83 46 13 27 18 44
97 21 76 14 36 45 18 44
14 57 77 62 11 20 61 45
57 49 93 59 22 61 79 93
84 100 26 62 100 12 73 84
19 67 29 46 42 22 80 98
20 62 97 88 51 65 98 38
64 100 87 53 47 89 80 90
62 68 52 11 36 30 14 21
15 76 25 51 98 47 35 41
46 65 88 96 17 29 25 89
20 21 14 65 61 51 91 77
48 36 22 42 20 70 80 13
63 54 51 36 78 17 58 69
14 32 47 11 71 44 15 51
84 53 42 76 74 66 23 25
23 14 63 84 39 17 97 68
83 98 38 92 33 17 18 21
17 72 65 87 29 44 71 58
93 52 57 44 79 33 93 30
94 82 98 77 91 61 76 66
80 64 76 42 57 19 43 37
40 83 62 44 14 69 59 77
78 41 46 44 40 74 17 12
66 97 64 16 41 48 98 70
47 20 58 86 18 10 16 25
64 16 93 71 69 32 47 34
84 67 47 43 19 91 88 89
43 23 17 57 58 99 46 18
31 45 74 60 63 55 38 53
82 65 33 64 86 42 83 85
24 18 33 82 31 30 46 91
86 17 27 22 29 81 12 61
97 66 65 86 91 39 74 54
70 67 95 69 61 71 89 87
39 20 19 13 91 85 62 24
64 17 79 88 75 67 26 58
14 52 75 41 100 17 47 53
32 85 86 72 74 54 30 84
19 17 75 14 99 53 24 81
25 62 33 76 26 39 73 25
61 43 29 58 63 93 74 12
38 78 44 71 81 24 66 11
98 92 67 89 10 88 62 53
91 98 12 57 40 62 85 91
13 23 56 43 68 36 39 16
70 94 80 53 13 60 38 50
97 81 61 60 79 27 21 33
96 39 45 43 45 55 42 19
88 84 14 36 86 97 18 38
59 31 45 96 25 67 70 37
21 14 63 10 62 39 23 48
37 14 85 22 85 25 47 95
92 66 85 54 41 45 62 88
31 99 92 10 26 84 80 88
81 26 67 41 67 23 19 14
31 96 70 22 76 76 76 91
78 71 47 55 22 73 30 63
42 32 69 27 66 50 82 43
52 25 22 14 89 79 93 37
16 17 80 85 91 85 83 66
77 45 54 87 81 36 69 97
18 18 48 64 30 27 15 81
87 17 51 78 61 74 52 93
26 32 69 52 28 51 31 38
42 15 25 88 30 10 77 30
76 66 41 18 76 44 86 13
58 59 38 13 17 42 81 93
41 37 11 40 69 25 68 83
98 81 22 98 70 30 11 65
