30 250 4
1 1 13 2
65 136 177 250
24655 20094 15393 9423
62 37 23 22
94 70 54 32
85 72 87 18
83 93 77 66
12 25 26 19
72 54 69 82
53 24 19 11
39 88 17 38
89 84 27 39
60 81 29 21
89 64 42 43
78 83 35 38
58 60 62 18
48 42 20 74
22 63 36 24
48 53 56 45
56 53 96 30
29 50 59 58
71 32 44 95
47 57 40 19
96 93 41 45
84 90 10 57
20 40 43 65
42 23 36 43
64 29 20 39
22 88 93 17
47 16 16 13
50 13 45 36
51 61 54 58
55 94 86 24
88 91 74 69
18 13 97 32
21 84 86 62
18 90 81 32
21 47 75 26
67 100 37 24
43 20 79 77
71 35 89 34
94 28 13 22
73 84 32 64
82 94 72 66
46 13 87 89
52 35 58 87
94 49 57 92
66 32 69 51
57 97 48 52
44 47 98 12
15 56 17 11
26 64 53 45
97 69 30 16
31 39 38 13
39 58 54 65
47 27 77 45
60 43 49 28
38 10 27 30
75 32 64 16
32 87 97 69
31 67 23 34
12 22 94 42
55 10 20 32
80 14 44 85
57 34 10 83
65 65 13 83
48 45 69 68
51 87 57 50
97 75 11 36
70 35 86 43
27 78 90 40
91 98 99 92
13 67 45 57
96 98 43 35
56 44 94 30
32 35 60 79
27 99 67 56
17 84 21 21
38 38 96 79
61 30 79 12
42 39 24 83
88 80 80 23
95 22 62 88
63 29 81 89
84 54 71 61
49 66 74 75
11 24 73 93
46 62 74 41
86 21 21 79
61 37 61 15
18 53 87 81
46 62 82 73
95 67 98 60
50 37 40 53
28 52 37 96
38 52 56 13
34 81 97 14
73 93 91 70
32 54 69 24
35 11 99 38
43 27 17 21
63 64 90 29
30 66 42 100
23 68 23 10
81 90 82 30
41 87 10 19
54 55 85 53
99 11 46 29
71 47 44 96
55 100 49 10
90 56 21 27
17 100 78 100
37 97 48 45
20 46 44 51
64 88 91 86
73 54 21 28
63 91 50 34
63 72 99 49
15 86 65 90
17 30 38 71
36 17 95 98
63 47 81 73
53 62 71 39
83 92 27 74
20 98 69 94
28 22 34 42
15 75 36 62
82 85 91 44
77 77 54 63
85 25 49 10
43 99 91 99
72 40 46 45
87 50 75 56
52 35 51 98
13 78 71 46
61 42 89 55
80 26 62 74
20 93 92 53
13 92 49 91
75 37 22 39
15 77 74 87
87 55 57 88
17 88 41 76
90 32 85 40
54 29 47 90
36 91 33 36
63 68 95 22
65 65 56 51
71 65 92 50
71 44 57 29
47 81 61 13
89 14 14 43
60 49 31 54
47 66 15 34
65 90 39 62
51 30 23 16
89 96 52 37
82 73 79 12
25 91 50 31
25 45 68 38
42 49 80 60
43 17 13 66
50 13 78 41
24 46 55 43
12 68 39 88
95 73 81 90
13 49 31 10
60 25 52 63
62 87 19 80
65 93 82 67
89 100 39 94
78 90 52 47
79 59 77 90
16 81 84 61
93 93 10 66
42 87 28 46
98 47 76 57
17 98 81 48
95 70 65 96
72 74 61 62
20 38 83 48
94 67 92 33
32 41 32 75
19 72 68 23
15 40 29 23
30 36 93 20
61 44 96 42
41 87 16 84
91 41 74 41
60 91 19 84
87 43 23 83
99 55 27 74
10 64 97 65
53 95 10 54
49 72 71 65
44 92 62 94
93 81 85 59
49 34 30 65
34 38 46 88
12 34 52 96
81 65 28 79
38 35 82 32
64 56 17 100
16 10 12 78
42 67 16 61
67 30 34 58
74 42 55 42
15 15 95 11
79 38 91 50
49 29 93 30
32 20 68 70
17 19 39 74
55 50 59 60
49 70 58 43
36 94 83 19
72 30 25 37
15 20 65 44
48 78 17 75
99 21 23 70
36 46 55 64
66 38 73 68
75 95 36 93
84 13 19 43
45 40 25 68
42 64 74 69
36 17 62 100
67 71 35 66
22 100 24 89
37 21 51 99
95 19 60 38
93 70 64 80
41 63 27 21
97 60 79 56
17 37 98 45
76 54 81 76
97 93 48 80
67 38 73 20
37 34 34 60
42 64 92 53
87 92 76 84
43 37 31 93
12 22 60 62
24 34 13 16
57 17 14 44
77 12 44 73
56 18 68 99
17 80 75 72
23 78 98 59
12 55 81 23
47 60 88 49
93 62 58 32
72 71 39 52
11 54 86 79
25496 20147 15209 10757
38 89 88 22
71 55 57 49
86 63 14 54
81 26 22 72
58 80 14 31
17 88 59 49
65 16 81 13
32 49 52 18
43 98 49 21
12 84 10 26
56 76 80 99
69 71 64 25
76 47 34 45
51 54 54 24
98 66 91 95
69 14 29 48
72 88 98 22
82 83 49 46
57 77 48 40
100 59 59 27
95 54 49 21
56 17 17 23
80 88 36 84
12 60 71 79
16 28 34 19
92 40 76 49
43 79 83 67
29 15 92 35
19 96 95 96
64 36 36 83
61 61 11 90
70 42 57 90
28 100 55 21
43 21 20 93
97 60 20 89
43 15 46 64
45 21 79 67
68 70 11 91
20 55 80 30
69 45 43 26
91 50 18 67
21 41 88 81
94 65 26 36
43 22 74 13
74 24 62 19
22 57 45 70
67 45 22 64
26 71 14 97
69 21 59 27
49 64 74 44
84 23 48 55
51 32 76 53
41 17 29 93
34 73 10 15
51 15 13 67
75 26 99 16
55 73 55 86
68 45 93 65
10 45 100 78
53 63 31 58
22 94 41 28
66 16 37 47
57 99 14 34
63 75 50 23
16 99 72 37
31 19 27 18
71 16 21 28
73 97 46 94
65 56 36 10
17 45 26 12
35 99 50 16
94 45 97 81
32 32 67 91
66 76 61 43
55 64 65 55
26 77 21 53
25 17 36 61
42 21 79 20
69 24 61 76
86 55 30 70
60 100 47 83
77 41 31 40
84 81 75 73
70 52 31 13
23 82 55 64
14 93 93 21
49 19 97 57
100 60 74 35
40 44 92 53
72 16 43 99
57 83 49 90
91 98 94 23
16 60 38 29
49 64 32 36
86 66 64 11
84 37 93 25
75 80 68 22
13 16 78 15
24 97 64 60
64 95 60 56
56 96 10 68
14 47 57 30
100 79 27 85
57 95 61 33
92 37 46 24
48 19 33 73
90 29 45 31
85 14 39 38
73 96 10 15
51 53 67 60
18 76 75 94
27 96 98 69
65 63 26 83
62 71 87 24
73 56 100 44
20 21 52 88
30 18 44 68
10 22 42 70
83 75 90 63
62 81 46 75
10 30 43 90
20 63 91 89
83 34 10 45
61 58 100 85
95 97 95 55
75 20 47 62
89 36 26 96
100 32 50 66
93 96 94 74
23 81 18 28
37 68 48 66
60 70 33 46
34 15 77 33
45 75 11 36
97 66 35 56
39 81 50 74
74 66 13 20
41 76 55 64
62 56 15 39
47 41 11 16
26 10 18 18
20 90 70 80
29 13 42 62
30 84 37 94
24 51 86 15
98 16 81 54
44 86 23 30
62 82 86 37
62 62 35 19
77 63 70 22
14 73 100 15
64 92 91 46
75 98 99 19
34 24 56 24
21 58 69 29
93 88 100 92
38 91 67 64
95 37 32 83
19 86 35 32
70 64 84 44
88 25 55 78
68 27 10 64
20 46 83 51
46 57 78 57
49 98 85 88
49 58 19 14
52 57 98 21
71 35 61 63
19 73 66 41
32 77 92 34
54 67 35 85
81 94 83 17
42 54 42 85
96 71 25 55
62 11 34 31
77 39 22 92
18 37 67 71
38 73 31 42
26 96 33 38
88 76 72 80
50 73 51 23
11 47 56 86
17 25 43 44
31 61 64 97
48 29 21 71
86 51 86 35
16 17 15 60
36 91 85 22
30 63 31 36
11 12 27 48
40 98 52 19
48 11 14 87
52 88 19 20
93 97 88 43
40 69 79 96
36 33 69 33
49 98 63 71
97 58 49 82
17 53 25 81
42 30 58 35
84 76 14 38
72 78 47 11
89 25 27 37
94 25 62 70
11 79 34 62
40 39 31 78
19 87 96 69
96 57 94 76
78 69 45 98
11 84 72 42
69 42 66 34
54 58 85 10
41 61 79 24
31 48 52 95
98 78 47 79
35 63 41 10
10 72 38 31
58 23 60 20
99 56 61 23
26 81 74 33
77 19 80 57
91 34 64 61
10 86 59 32
82 19 16 66
82 32 97 58
93 64 83 94
69 34 72 32
61 25 17 60
85 44 26 33
99 43 35 41
43 92 92 78
26 74 99 17
30 58 80 44
36 18 70 72
36 74 25 46
34 91 96 28
37 42 85 95
63 61 97 22
53 60 27 43
78 24 93 19
65 39 78 64
64 32 58 86
95 56 91 77
56 10 15 68
61 24 66 87
18 60 60 19
42 44 27 75
63 35 56 95
96 11 40 16
85 40 56 78
26613 20180 15643 9155
80 28 87 37
54 10 86 61
95 89 69 18
47 65 28 75
55 36 24 94
94 84 96 80
66 77 15 18
34 46 45 13
80 35 51 65
25 43 59 22
35 72 27 44
43 54 66 82
82 58 78 58
32 83 40 24
81 15 88 75
11 100 79 24
100 72 64 12
81 79 75 49
37 31 79 36
74 27 63 77
77 42 42 49
17 86 13 91
26 32 82 47
75 11 21 84
56 63 13 40
95 25 22 91
41 31 74 60
76 50 67 54
93 89 24 20
41 37 10 89
35 77 73 27
89 83 95 18
88 59 86 72
35 56 32 58
30 19 59 49
49 77 16 81
91 87 81 65
83 61 47 10
44 60 54 97
48 88 41 19
22 75 62 16
82 40 65 25
89 21 53 97
79 94 56 30
91 51 29 23
79 38 57 18
91 75 37 60
43 54 82 31
64 31 46 34
31 100 31 50
65 91 22 15
25 48 98 20
99 60 29 53
53 54 53 25
24 95 27 46
71 76 47 34
81 38 52 16
12 39 42 87
80 33 20 66
20 67 67 14
35 89 13 19
67 10 21 15
36 46 37 64
22 61 27 32
73 53 100 49
75 85 58 12
78 83 48 81
48 65 64 77
76 38 93 34
33 17 13 63
60 13 71 100
77 83 83 22
98 20 20 13
82 62 47 62
63 36 85 31
16 41 82 73
24 69 79 92
11 29 67 12
37 96 97 86
51 77 24 13
89 33 13 16
28 42 35 31
40 46 28 35
74 42 79 19
94 68 99 75
85 13 29 97
81 98 21 74
75 54 23 98
30 69 28 63
97 74 72 11
69 91 85 92
14 96 83 99
13 72 57 67
73 100 68 49
13 100 15 63
62 73 31 80
96 13 45 67
87 93 84 22
36 43 100 17
86 23 45 38
11 81 75 75
66 85 56 49
31 52 10 65
100 91 77 71
32 68 55 55
87 79 61 55
31 81 25 80
70 70 65 16
11 50 52 53
50 17 10 47
54 36 72 98
23 67 34 58
25 61 10 94
98 17 64 61
76 79 48 71
40 100 16 42
89 85 23 34
66 25 65 56
98 55 44 24
81 56 72 67
14 98 11 90
77 94 14 33
29 52 66 35
54 77 32 32
19 12 41 35
15 23 16 30
15 53 46 63
31 30 71 49
97 86 76 31
56 96 48 33
54 76 54 35
18 38 11 26
93 36 22 45
71 14 82 42
21 31 78 50
76 76 37 92
54 33 63 83
27 37 47 75
29 88 43 12
95 17 71 81
43 25 96 33
98 92 70 53
50 71 31 84
39 63 53 79
93 91 74 94
20 22 30 63
82 42 41 16
35 80 75 99
51 12 72 51
32 34 63 93
25 66 42 80
81 41 69 93
35 16 56 35
94 64 31 90
12 10 16 43
89 66 19 14
50 37 48 89
84 59 30 79
72 76 23 19
42 31 36 61
22 17 61 22
21 56 54 77
49 29 50 93
86 73 21 37
32 67 39 47
93 23 25 99
95 38 94 22
52 85 33 22
95 96 89 55
88 32 75 85
97 34 13 97
31 46 81 42
15 94 64 57
59 23 67 60
24 51 86 18
21 84 85 60
43 48 52 46
64 66 52 55
93 11 56 78
82 15 65 30
29 40 45 15
59 87 86 53
20 47 80 55
71 38 50 36
34 68 93 32
10 34 83 45
31 93 28 75
46 95 50 63
90 93 40 91
42 59 86 87
79 100 19 19
94 25 62 72
97 99 73 40
39 42 65 33
57 56 54 19
14 52 57 93
13 28 88 57
95 57 20 46
60 97 79 50
61 77 33 18
70 31 38 30
43 26 83 62
48 19 71 22
75 41 94 21
35 74 32 27
26 18 18 92
95 44 98 39
75 48 41 82
75 17 69 73
46 88 78 44
78 68 83 73
19 31 39 68
57 96 92 61
11 50 55 98
71 93 53 43
58 23 55 21
81 63 17 27
93 41 23 73
97 86 25 27
68 39 100 23
68 85 75 12
81 52 71 85
57 97 74 12
29 70 95 100
65 77 74 75
52 67 16 61
77 34 54 77
30 85 53 38
76 31 39 94
21 97 10 47
72 91 36 40
28 46 22 21
20 88 21 49
50 85 94 46
47 25 99 19
56 96 77 10
19 34 17 84
59 58 85 77
85 51 78 81
56 80 73 46
51 46 44 14
49 35 99 52
75 19 94 83
95 11 65 21
62 74 38 73
23 17 46 48
99 27 87 89
37 96 29 83
24 79 44 41
16 75 50 10
25390 19936 15062 10213
76 68 94 58
12 50 57 63
20 63 36 68
53 61 26 86
70 28 39 55
47 37 54 94
31 74 13 66
49 60 81 10
27 77 67 69
89 53 69 22
99 20 95 73
39 58 12 28
30 51 56 97
95 64 91 52
83 52 25 55
80 71 64 73
10 59 71 95
26 93 92 37
36 66 19 46
56 99 87 54
72 77 77 82
46 83 90 27
11 22 39 41
25 59 29 48
76 76 49 45
12 52 92 12
93 45 59 51
29 31 30 38
77 21 49 83
39 47 77 47
40 71 91 95
19 26 94 27
59 33 85 99
76 76 40 34
77 93 61 72
74 28 68 61
98 65 17 51
10 14 67 45
62 96 30 41
28 22 38 20
94 90 85 20
62 81 14 98
24 33 20 59
42 75 38 32
73 73 85 14
85 12 17 61
69 61 82 41
42 52 81 45
18 20 98 92
63 86 85 28
49 33 94 28
22 93 31 66
93 90 91 90
64 26 16 37
44 79 41 41
11 18 40 63
15 35 35 48
62 86 99 95
83 34 64 10
38 24 19 31
20 34 98 16
15 58 27 19
76 95 25 25
48 27 17 28
100 12 24 41
50 90 18 73
18 22 23 84
71 87 44 55
21 45 97 38
29 30 48 37
31 53 26 70
71 23 97 99
84 96 87 13
52 44 24 19
42 42 16 11
50 19 100 47
48 64 22 73
77 61 30 37
44 22 78 80
89 48 38 83
68 41 57 65
63 38 55 47
62 13 42 63
98 14 99 65
24 10 68 13
24 73 12 50
95 63 88 25
50 10 51 56
33 88 42 53
54 55 48 20
82 75 51 75
99 85 41 81
72 74 40 64
39 18 37 58
34 55 31 58
67 20 13 51
98 58 48 35
86 20 19 88
13 83 96 30
30 33 31 36
12 87 84 41
43 90 89 11
22 91 37 56
92 70 18 44
84 23 29 76
14 17 78 67
91 79 93 42
14 81 79 76
26 24 17 62
65 72 30 47
62 10 74 31
76 81 43 58
95 79 55 94
32 42 87 72
55 29 60 58
15 82 68 93
69 93 83 60
96 29 29 73
86 80 26 65
63 71 64 46
17 20 44 42
21 15 96 73
34 16 65 77
46 76 73 54
56 71 12 14
70 82 28 69
17 59 41 42
78 90 89 87
12 42 68 60
73 48 24 24
62 23 45 73
38 27 66 11
91 100 41 31
68 12 81 97
23 100 95 22
77 49 64 19
54 75 50 13
57 69 67 49
33 46 30 18
73 56 75 30
30 76 20 39
57 55 85 35
11 78 64 29
65 63 99 45
69 68 37 87
65 21 22 97
54 43 21 67
44 14 29 68
47 45 69 100
83 87 77 69
26 34 30 17
34 41 56 95
45 42 70 26
15 38 15 18
42 53 53 23
38 70 10 10
66 23 70 83
29 45 71 53
29 50 66 17
94 30 24 13
47 51 22 58
93 99 83 88
18 47 83 21
92 32 45 37
90 51 59 15
49 59 12 89
98 15 19 90
65 63 10 88
32 44 46 54
81 35 74 48
70 88 43 56
39 76 80 79
12 71 81 21
19 52 83 13
100 79 41 33
51 89 67 75
100 91 31 99
43 69 92 12
83 99 69 25
47 36 87 65
61 53 73 14
85 76 100 93
32 60 73 86
66 29 37 54
55 60 70 42
42 84 85 32
14 59 13 42
24 50 98 79
77 43 92 41
61 47 70 83
100 82 46 79
83 29 98 80
33 73 40 23
91 30 98 83
65 74 91 46
52 70 68 15
76 92 36 21
37 89 70 37
20 52 33 16
57 66 87 72
43 99 81 48
66 83 12 28
34 14 44 64
71 81 33 56
93 78 75 75
34 21 87 92
27 60 73 11
18 18 95 29
25 15 20 81
26 42 31 27
47 38 51 60
39 56 28 76
19 81 91 36
60 51 91 50
36 65 69 66
87 10 100 97
28 99 82 85
31 61 31 24
24 49 95 56
68 77 93 50
42 79 99 82
13 97 66 79
70 68 85 83
56 81 95 79
20 31 84 13
87 41 16 38
58 50 17 87
38 69 95 80
29 50 30 70
53 85 47 48
94 32 79 42
14 71 17 97
55 92 29 36
15 56 75 91
47 57 61 17
46 34 72 57
94 58 92 97
62 82 54 51
78 47 23 17
38 32 83 65
96 12 13 90
77 66 57 91
82 63 13 27
52 40 55 56
96 51 33 79
40 84 85 33
76 90 96 59
22 46 62 43
22 58 98 84
33 24 77 19
24235 19457 14774 8773
29 18 56 36
93 29 84 26
100 95 42 22
78 68 61 74
23 99 92 44
36 90 85 12
34 59 39 57
30 38 42 81
55 99 73 36
15 96 48 54
60 11 21 97
83 47 35 65
22 99 47 58
48 42 34 30
11 67 73 66
13 84 23 86
12 88 68 88
47 58 65 26
81 73 16 96
51 61 81 46
13 91 31 21
23 62 65 17
30 62 59 52
23 52 36 23
39 74 24 75
75 30 81 64
54 29 51 61
98 42 83 67
30 44 70 57
15 81 99 15
38 50 52 11
21 20 85 48
19 26 31 25
60 33 43 28
52 65 30 48
78 47 48 96
43 19 89 26
59 22 69 17
100 91 91 23
50 33 69 19
44 65 38 62
26 46 86 83
32 89 54 61
98 33 63 15
18 91 66 14
40 30 60 90
88 97 13 38
67 83 97 93
93 96 78 53
62 26 77 46
69 70 71 79
22 82 20 44
26 95 67 11
67 16 69 41
56 98 91 54
99 80 85 13
26 45 33 71
44 43 40 43
96 93 97 66
29 48 41 25
23 49 27 63
60 37 88 67
56 99 14 60
92 17 87 46
68 43 62 81
100 86 13 86
90 53 98 25
52 58 24 46
33 18 16 69
44 70 50 45
18 40 25 37
49 64 57 84
11 50 63 86
37 69 97 66
47 45 67 37
98 28 75 30
25 60 42 38
17 64 38 81
39 15 82 55
10 81 93 87
54 66 86 96
85 22 31 56
55 28 93 21
83 81 33 45
97 92 13 63
76 40 62 32
58 57 15 91
82 94 95 58
92 77 54 44
54 92 52 63
65 37 53 93
19 58 75 26
56 91 17 20
69 34 80 90
100 33 50 82
53 55 35 61
42 92 62 41
63 14 81 40
51 75 39 60
97 52 95 12
83 98 59 82
50 19 18 57
71 32 88 82
98 89 43 68
13 88 98 94
51 48 67 71
89 61 54 91
83 17 11 28
51 65 58 35
79 77 16 34
83 30 61 36
10 25 12 33
32 35 96 36
50 60 26 84
94 15 50 99
29 36 67 25
74 91 38 75
84 50 80 45
36 25 97 91
13 74 79 13
99 48 31 15
74 20 47 13
66 48 79 84
34 42 76 83
41 98 37 70
64 23 38 30
56 55 30 48
80 10 49 15
32 38 65 39
76 81 50 89
81 17 90 14
39 41 29 16
77 92 85 28
21 50 62 49
47 98 18 57
13 54 93 39
77 57 31 31
53 48 57 49
62 71 84 76
44 11 29 29
98 84 34 67
56 54 38 58
24 55 38 58
19 17 68 29
59 10 98 11
16 11 78 89
28 58 94 62
12 90 72 39
70 43 95 61
57 83 97 15
71 36 87 66
84 77 13 38
96 69 20 37
99 56 36 50
68 14 65 91
38 15 31 13
97 40 67 63
59 47 16 13
36 46 73 51
27 80 43 28
91 45 82 90
78 69 55 46
35 52 57 67
66 71 23 61
79 99 67 84
26 31 42 58
72 68 13 68
68 36 35 72
61 51 71 18
73 73 47 84
61 57 58 60
42 10 23 21
42 46 27 74
77 60 29 95
90 19 40 15
61 81 49 20
94 40 90 17
14 24 80 94
51 44 100 48
77 46 82 54
71 39 30 94
30 55 70 79
27 39 50 12
100 92 33 18
84 91 57 66
79 69 75 46
81 98 21 83
68 25 86 30
56 79 36 88
43 38 64 15
87 63 37 22
15 77 37 67
57 70 32 35
80 63 26 16
74 54 53 28
36 40 24 17
94 98 33 41
13 19 22 66
11 85 39 17
50 90 33 13
67 54 58 35
64 71 17 70
16 17 76 19
33 27 15 56
41 14 18 71
86 12 85 36
87 97 25 43
98 92 63 58
26 71 46 37
100 91 99 94
67 27 92 86
30 73 81 15
83 14 28 29
31 30 98 60
72 69 45 79
75 77 32 99
65 25 20 13
76 15 10 53
65 34 26 29
14 43 69 26
81 58 97 63
87 60 10 80
96 38 62 61
55 12 34 80
96 85 29 33
97 98 89 42
99 53 68 15
87 39 19 72
47 75 94 63
39 23 54 22
42 74 92 11
71 35 57 78
42 39 90 68
15 43 43 93
35 24 66 50
84 75 11 83
56 30 17 20
48 12 15 29
94 39 73 20
15 68 37 45
55 25 24 52
79 99 19 81
18 10 35 34
39 20 100 70
72 84 32 99
61 64 28 36
91 29 45 50
82 60 92 87
21 32 89 69
93 43 82 52
24713 20162 14288 9513
44 88 12 33
42 56 88 74
32 38 91 45
60 75 85 86
58 35 52 91
94 81 60 68
71 38 19 27
23 34 32 98
51 87 48 16
86 31 15 13
25 22 48 55
65 36 32 21
27 31 53 54
92 32 99 95
73 14 83 81
74 92 72 71
34 26 45 99
42 73 16 68
45 70 49 41
54 87 67 66
52 100 99 65
31 97 91 75
51 67 18 47
46 98 62 79
33 12 62 23
95 38 18 43
15 10 86 43
11 50 39 37
70 66 37 88
97 82 31 30
30 93 68 39
75 100 63 58
23 54 18 41
42 34 21 61
45 65 65 35
73 33 84 42
73 96 33 11
97 89 41 88
94 87 48 56
86 77 34 70
94 21 87 49
24 44 94 65
64 94 21 59
42 97 36 79
10 55 51 85
97 33 60 18
57 54 59 67
88 92 10 97
89 77 60 63
45 40 95 92
18 51 88 90
63 27 45 54
17 57 44 47
85 29 53 29
70 73 84 95
80 88 44 11
64 92 58 29
32 53 12 36
100 40 85 58
85 84 26 49
60 47 64 25
61 29 81 40
41 77 23 43
18 79 24 40
74 51 96 98
68 100 96 56
97 65 25 21
33 67 64 58
89 41 33 88
11 91 71 49
50 98 96 94
19 95 24 91
37 89 53 83
92 73 52 54
54 86 63 75
32 70 16 13
50 18 73 85
55 75 22 94
90 60 74 48
78 26 74 85
97 16 84 33
49 21 83 43
43 35 46 42
99 42 53 30
88 50 42 54
39 40 30 77
56 100 86 66
10 18 85 51
34 43 98 11
59 46 11 44
16 87 60 38
95 70 11 67
74 53 38 79
57 62 45 47
85 99 43 25
81 96 11 65
77 29 64 90
11 91 34 65
14 26 49 73
49 88 60 21
71 83 15 69
87 33 60 99
86 95 80 49
76 95 44 48
95 79 88 95
84 73 20 82
98 46 29 90
64 20 40 61
23 31 13 27
80 87 99 96
69 80 98 86
49 26 97 94
26 71 50 30
96 53 87 81
79 54 72 40
99 80 14 61
67 82 34 32
40 83 62 28
65 84 72 29
84 84 40 88
35 28 64 28
51 59 59 65
94 30 76 19
86 38 53 100
19 45 49 94
33 22 98 43
88 15 19 92
12 89 81 20
36 76 31 56
82 27 84 40
33 22 33 87
24 36 18 63
44 17 14 17
21 10 72 64
42 11 21 75
21 57 52 94
42 72 29 10
76 50 26 18
41 70 39 52
99 78 39 37
32 43 33 12
55 89 57 64
76 93 13 27
31 38 91 58
93 76 100 51
69 94 79 49
22 46 81 90
18 98 83 36
60 24 91 85
67 50 18 23
10 51 99 16
92 49 16 29
17 89 98 30
42 39 70 86
99 14 34 93
20 13 36 71
55 35 42 34
60 30 25 19
89 64 89 12
89 74 29 58
56 62 42 91
42 93 97 14
20 36 31 92
82 19 78 78
68 31 57 77
16 19 57 20
19 67 89 11
53 40 16 13
79 11 14 28
97 89 40 85
40 75 88 41
90 46 19 48
93 94 81 31
53 79 24 35
34 70 30 46
90 62 30 56
47 83 53 83
94 11 100 24
44 90 77 90
60 74 76 92
66 12 62 96
89 86 14 98
20 37 97 61
18 32 33 86
91 50 38 40
95 19 45 45
72 20 82 97
75 67 30 39
23 70 46 29
40 35 84 47
15 35 35 90
56 74 53 37
20 10 81 25
78 71 81 21
30 45 87 78
91 31 56 93
40 77 79 23
11 89 22 41
57 77 29 74
70 23 64 45
90 30 85 97
28 11 100 97
83 34 87 97
87 19 64 81
65 70 25 80
32 48 23 67
54 29 28 59
60 90 88 86
13 38 21 33
56 16 17 12
69 62 19 16
86 26 10 82
35 39 79 13
59 46 68 78
43 64 65 85
81 61 52 61
68 57 16 50
46 44 46 86
40 78 97 27
18 62 15 93
65 46 39 99
13 32 74 84
32 37 73 42
55 75 69 84
44 92 70 77
78 83 18 33
44 64 99 42
61 12 63 77
54 42 44 20
20 23 29 60
30 38 37 22
81 52 84 80
100 85 57 14
61 17 94 80
68 26 49 67
69 46 17 54
84 11 95 73
15 49 13 90
56 85 92 17
45 65 42 62
100 28 72 20
89 79 90 14
42 83 27 78
52 100 82 75
57 93 32 45
23 93 19 51
52 73 51 29
37 22 33 18
20 68 80 35
15 93 24 36
27323 21557 16102 10392
26 49 68 47
75 50 92 90
81 92 86 69
41 84 81 15
18 18 76 35
21 34 70 52
73 95 10 15
53 71 71 76
64 100 33 82
66 60 10 91
30 54 98 68
49 36 99 80
85 69 72 80
55 28 79 90
41 49 63 12
48 64 21 14
62 19 68 71
21 98 17 37
24 65 48 93
94 69 62 18
17 59 15 51
77 35 27 10
10 86 20 56
23 37 42 37
11 49 97 13
82 22 40 93
93 42 15 83
11 32 62 16
41 39 15 92
63 80 72 32
73 11 48 70
67 12 43 89
45 68 11 11
67 72 18 71
53 92 46 29
43 38 34 74
61 54 49 94
76 44 21 66
22 34 48 23
71 54 10 17
19 58 52 61
73 65 16 47
28 26 78 90
90 13 32 43
77 52 77 61
47 92 80 87
52 90 36 46
46 48 29 71
61 86 60 70
49 28 28 53
37 23 76 87
86 37 36 23
80 80 32 79
85 10 73 11
42 43 58 99
12 99 36 45
57 98 98 53
41 53 68 35
34 50 31 48
48 92 90 19
10 73 40 33
30 39 74 60
12 12 74 11
75 58 29 21
100 30 82 78
67 44 77 30
82 55 100 57
84 54 61 18
11 95 66 90
13 23 93 14
37 71 41 76
41 98 68 42
20 18 59 64
41 94 54 26
79 86 93 37
72 40 63 38
82 10 69 71
54 95 87 18
50 97 15 55
18 26 56 47
56 30 62 35
61 54 57 82
22 89 82 53
36 62 60 76
72 61 28 18
94 53 70 48
50 83 89 19
17 11 31 37
58 65 55 51
35 83 41 19
42 69 14 65
19 56 43 55
34 51 94 35
96 73 38 69
67 76 72 52
39 36 19 61
29 53 59 60
10 95 15 33
59 20 42 74
65 29 75 69
62 26 100 57
19 88 76 97
11 82 82 35
13 80 91 17
30 71 72 32
35 87 43 65
57 11 48 94
31 33 79 87
66 65 77 77
37 61 34 95
13 84 99 66
17 82 23 49
14 11 65 91
12 23 65 17
77 35 28 78
88 41 88 37
67 39 49 16
31 32 66 17
88 72 78 49
47 22 43 54
48 91 49 90
72 73 13 86
44 79 11 68
87 99 29 31
37 92 44 11
53 84 57 67
85 73 15 92
25 46 77 90
100 41 51 89
100 28 89 98
70 14 72 17
62 41 24 50
94 66 15 66
56 75 65 99
42 81 50 17
77 73 75 30
91 81 73 96
93 80 83 68
51 41 82 93
95 100 96 11
77 50 31 22
54 12 65 82
86 97 31 62
13 54 23 35
64 57 81 62
20 89 98 45
49 62 81 95
68 97 64 39
82 58 89 15
31 21 55 43
21 33 85 10
94 56 14 77
50 20 79 39
70 97 11 74
20 36 66 85
50 24 96 63
12 39 78 76
92 17 86 75
71 48 92 40
64 68 37 85
43 85 57 63
85 93 67 68
40 42 19 60
30 52 71 12
58 15 15 90
77 63 61 46
16 84 55 72
37 31 100 75
76 91 63 74
61 26 11 34
77 82 89 65
97 79 35 42
100 37 39 31
33 70 73 69
13 70 18 55
17 28 34 89
86 22 23 83
37 93 93 86
91 69 21 57
14 32 30 88
39 16 98 37
17 32 29 77
90 70 29 30
27 20 88 83
84 53 79 59
23 59 72 19
16 44 47 84
28 38 76 73
79 30 38 81
26 20 20 48
38 32 12 29
87 18 68 66
90 73 100 42
69 20 24 75
27 69 51 95
55 73 25 53
60 46 27 64
25 82 69 36
38 82 79 54
50 92 70 84
38 49 100 82
73 38 14 43
45 94 49 59
89 63 40 28
75 42 59 67
62 84 27 49
50 68 11 93
40 89 31 32
40 54 91 12
83 98 79 21
87 60 66 92
64 77 27 44
57 97 29 74
76 58 86 80
79 38 57 99
24 26 65 84
47 31 96 97
59 60 92 12
77 95 94 24
64 59 39 47
72 59 49 61
38 19 16 37
67 45 41 37
70 45 22 58
37 51 77 82
78 66 80 70
78 98 36 10
39 23 97 51
23 35 96 63
93 43 22 80
45 11 69 93
98 14 97 81
84 35 13 99
37 21 99 89
79 59 89 61
66 95 30 22
51 11 17 81
94 14 48 98
37 36 85 46
12 32 59 88
90 56 47 56
55 54 38 79
11 64 77 21
84 32 73 66
29 14 68 29
51 65 21 36
55 24 15 87
38 87 24 73
55 29 77 61
53 55 68 19
27582 21745 15536 9516
56 28 42 15
92 32 57 78
90 59 25 95
92 75 77 55
36 79 59 21
72 80 93 59
68 97 96 11
33 24 47 76
26 99 94 82
68 40 22 74
69 22 21 76
29 10 73 87
100 49 86 15
56 42 18 37
82 86 32 26
92 62 78 33
85 11 70 71
91 94 87 31
40 18 98 49
53 82 27 98
85 100 71 92
42 18 83 74
23 15 58 60
21 20 35 51
66 22 74 84
98 86 33 12
73 15 89 18
15 65 60 81
70 34 82 32
72 90 100 42
11 99 32 89
97 27 88 39
31 90 43 15
35 34 77 58
98 86 52 96
37 88 90 22
17 34 84 64
43 91 25 80
48 100 90 21
66 38 72 29
78 76 27 47
68 91 99 14
15 21 41 46
45 74 97 20
98 88 94 50
35 86 90 17
46 55 18 11
25 46 36 42
37 64 42 67
93 19 76 76
94 34 10 40
73 92 29 44
47 76 58 22
97 32 85 91
64 25 92 13
60 96 55 59
28 52 66 90
84 14 98 47
23 54 15 86
43 84 45 16
53 29 52 53
99 63 62 98
25 98 82 96
22 50 26 31
33 53 15 59
67 97 18 33
19 26 90 71
77 33 77 56
85 18 76 54
56 80 19 48
55 44 42 23
96 37 47 57
55 17 46 11
23 79 20 13
93 63 16 72
60 85 23 73
92 71 19 84
12 17 98 94
15 78 71 43
72 51 91 41
16 34 94 22
58 50 90 12
33 88 96 45
10 42 39 63
21 46 39 39
17 10 61 99
13 55 55 80
92 41 18 79
14 18 84 75
74 85 25 50
36 65 88 81
95 58 12 81
16 71 47 97
13 86 94 22
89 93 77 38
58 56 82 89
37 70 65 59
51 19 92 66
46 84 27 97
90 38 79 61
71 52 79 68
34 57 52 52
96 78 86 62
20 77 26 33
30 81 20 87
91 78 57 92
92 92 27 99
71 11 61 60
12 14 52 37
99 98 72 22
99 46 63 75
54 20 51 41
61 99 29 85
60 40 19 41
50 59 86 75
44 99 92 85
56 27 61 53
72 43 43 19
91 79 43 97
85 36 80 36
36 46 93 78
89 52 49 54
98 45 67 85
76 12 100 89
71 57 22 91
14 20 19 40
34 20 79 95
97 20 51 97
21 15 15 62
90 86 55 86
28 16 65 93
61 42 91 18
61 78 11 77
37 23 70 31
41 47 39 56
85 19 57 24
37 86 18 84
38 83 85 67
63 74 70 73
66 67 44 81
98 65 67 52
85 57 57 69
100 92 19 56
42 31 86 79
24 13 95 64
21 20 33 58
72 91 42 82
67 43 44 93
42 53 85 97
100 88 11 95
28 84 27 36
100 94 29 55
46 38 91 49
13 100 11 19
22 82 49 74
14 69 41 14
95 77 26 94
24 30 96 71
74 15 26 24
29 23 34 54
50 34 15 90
96 76 78 46
49 14 100 20
47 27 16 47
44 20 46 32
87 31 63 23
19 54 46 25
18 85 95 84
51 74 50 10
67 85 99 26
21 16 89 43
10 62 94 24
11 59 97 30
65 81 87 75
93 99 42 16
67 71 77 68
35 11 92 90
95 72 96 84
12 10 100 88
95 62 40 48
58 70 69 49
86 33 100 20
49 91 92 72
40 29 92 68
72 83 64 94
51 76 63 17
61 78 69 18
22 93 28 57
49 90 83 26
13 31 12 41
33 93 25 20
88 33 73 95
40 65 90 45
72 45 28 89
81 67 15 88
17 25 52 65
15 30 10 67
55 79 89 45
11 53 49 82
16 80 23 39
95 17 15 94
23 57 88 84
25 36 56 70
49 84 42 89
48 57 76 32
83 69 48 54
96 92 26 16
99 77 98 14
60 28 94 82
31 53 99 86
23 15 75 40
71 57 25 12
67 86 11 22
56 88 23 40
41 71 36 25
41 90 13 43
96 22 29 63
42 49 70 63
60 70 90 57
77 49 38 79
36 70 36 92
39 34 76 69
62 85 83 85
44 75 76 36
83 86 96 22
53 16 70 40
98 64 76 63
99 18 89 74
69 27 40 32
26 62 69 100
60 46 40 63
39 94 85 82
21 51 93 40
64 44 39 64
90 35 85 68
30 62 57 11
98 55 36 32
46 92 22 30
58 36 92 12
34 79 73 64
27 68 36 68
27 100 83 33
20 92 88 25
62 61 47 67
51 45 86 79
47 55 78 28
63 81 47 84
53 75 69 67
48 39 66 64
16 47 47 16
25496 20995 15308 9988
88 55 31 16
59 89 49 58
69 69 72 50
15 63 89 56
85 35 99 37
88 35 27 57
37 72 37 72
48 63 94 95
36 18 56 57
83 16 36 15
19 76 44 85
44 97 77 37
37 41 68 33
23 53 19 100
72 48 61 49
58 12 79 65
91 99 19 65
57 92 87 62
45 44 99 75
14 29 10 12
42 49 28 79
23 88 27 20
77 94 40 38
27 17 80 91
65 95 36 66
72 38 56 48
99 24 97 35
77 89 72 30
27 40 45 16
21 72 55 23
16 77 51 88
47 35 53 92
73 90 70 38
43 95 36 28
81 25 41 44
55 95 68 42
12 65 69 52
97 37 29 87
62 59 37 14
55 73 11 28
58 69 60 21
61 29 56 60
39 31 60 98
17 41 80 73
100 90 22 82
38 42 60 24
48 69 51 31
97 87 46 63
99 57 22 39
79 70 32 42
12 37 50 27
29 22 87 93
65 53 57 44
78 43 13 35
53 48 15 54
99 31 28 28
32 12 77 11
99 12 65 40
56 17 91 52
14 73 90 12
22 48 49 18
51 51 33 82
51 43 32 13
93 47 86 68
42 32 88 77
58 26 26 60
70 11 76 87
54 71 33 38
31 33 47 64
61 53 65 96
89 24 65 33
25 44 25 92
75 16 39 72
67 68 89 71
69 27 59 26
88 39 57 29
94 92 14 93
78 84 82 99
63 91 33 20
33 11 36 89
49 41 15 13
22 85 54 74
13 24 27 63
79 51 75 14
49 74 10 23
74 33 100 98
31 12 51 15
34 83 91 23
98 58 50 17
97 25 53 11
69 56 11 27
31 76 71 84
58 19 38 16
92 76 74 78
24 34 20 11
11 54 53 23
70 28 42 42
67 11 46 47
57 90 68 32
14 57 19 16
24 56 16 85
84 83 54 36
27 74 12 25
89 96 66 71
35 47 58 63
66 91 31 66
52 97 52 76
59 52 43 92
91 32 26 24
77 16 33 66
56 66 65 81
21 24 11 58
43 90 70 85
46 66 17 70
28 19 70 15
30 65 28 57
64 44 74 63
19 96 40 90
79 94 37 63
34 62 31 23
52 43 57 43
98 97 20 20
57 37 27 68
43 21 43 34
99 88 62 19
32 100 54 64
67 29 86 28
53 82 87 77
71 76 16 30
12 85 96 21
98 77 41 22
58 55 75 31
86 17 14 17
54 68 45 25
74 22 77 52
84 50 70 61
55 72 72 41
63 71 39 38
11 49 98 63
77 93 86 50
42 39 39 100
71 75 60 48
67 83 30 36
51 21 72 33
79 77 29 68
65 58 40 66
63 78 29 89
30 74 75 48
48 14 30 57
81 98 35 50
92 63 77 82
45 25 83 70
88 47 10 98
57 79 63 95
28 29 26 55
88 74 100 60
57 30 14 40
59 69 77 90
68 76 97 22
90 98 20 40
61 81 11 63
52 97 29 26
61 77 79 25
78 60 89 35
15 26 78 21
83 81 32 77
88 11 82 74
96 87 44 79
56 47 94 53
63 62 69 88
14 36 72 68
59 94 24 84
25 35 42 11
81 26 49 62
55 61 48 75
37 65 74 41
87 79 48 74
96 38 65 88
31 53 82 24
77 77 33 68
33 49 50 47
47 68 93 41
56 47 53 23
42 72 93 16
71 83 40 24
80 65 35 72
40 98 87 95
38 31 23 20
40 22 80 67
83 77 52 38
18 53 15 91
54 93 96 42
86 79 94 84
65 61 90 86
73 59 50 23
69 62 46 64
74 60 71 82
95 71 79 78
23 79 53 74
61 89 17 21
64 17 37 96
49 37 79 65
73 36 60 35
75 12 59 46
20 69 36 12
90 28 86 90
93 44 10 35
24 45 34 15
34 37 41 76
70 43 95 55
91 50 53 76
27 20 54 27
37 34 71 84
42 22 56 59
39 15 88 45
95 33 28 95
69 32 42 90
78 66 75 45
43 94 27 50
94 98 40 20
46 93 26 81
59 95 59 35
72 61 97 75
19 91 60 84
79 45 66 42
60 31 53 72
93 22 28 93
95 58 86 63
77 31 83 29
62 51 67 26
12 88 41 14
57 78 50 54
29 74 89 77
46 23 47 42
91 62 56 85
41 46 95 25
36 29 59 78
68 75 58 64
90 76 87 34
83 42 100 48
38 84 68 95
74 65 92 81
54 20 24 40
12 22 41 62
40 17 10 20
51 10 71 78
99 97 73 13
74 15 74 55
85 95 74 85
92 53 19 12
26239 21419 16193 9526
42 44 60 76
58 57 91 69
17 92 60 44
52 43 39 81
89 86 100 55
91 65 82 34
95 44 40 23
66 78 92 41
18 59 41 53
93 78 89 45
61 14 37 49
11 89 15 62
98 30 55 82
16 46 72 52
93 17 41 72
30 10 20 91
93 59 78 92
86 77 30 59
50 98 30 93
92 51 25 68
94 87 12 18
18 21 51 44
100 24 78 23
76 51 25 87
58 65 57 50
32 46 83 80
96 74 21 20
42 97 32 79
73 12 64 81
40 27 81 28
57 28 66 56
77 99 93 99
71 31 65 92
58 53 42 11
85 31 25 80
84 28 47 28
95 45 92 16
19 31 34 49
84 52 64 61
63 35 14 66
31 99 98 32
25 94 21 22
15 47 40 70
33 41 17 15
67 93 30 81
97 66 29 56
79 47 49 92
19 69 66 42
40 17 34 35
63 16 96 99
12 59 63 74
74 94 79 64
48 47 68 42
59 36 95 72
21 77 85 72
90 98 41 11
75 72 14 24
18 96 34 29
27 63 73 85
98 10 79 52
30 98 57 78
18 71 73 22
60 96 87 47
29 74 49 94
75 30 69 31
77 96 79 31
85 99 79 14
73 51 54 72
93 32 74 65
63 27 63 79
19 95 18 13
82 46 96 41
59 25 17 41
56 72 16 65
19 95 18 46
45 88 77 50
62 82 73 54
35 22 94 23
59 50 32 88
26 62 77 31
79 23 11 34
72 41 46 21
45 91 35 68
37 59 31 65
12 41 76 29
26 59 77 96
76 78 45 38
59 95 97 96
59 80 24 67
31 46 69 44
12 54 51 19
29 49 47 80
24 95 62 79
48 46 68 14
45 63 67 50
22 13 32 45
30 67 26 64
43 32 80 95
100 37 100 58
99 18 79 73
76 89 13 46
53 72 54 94
28 58 29 23
65 71 29 58
79 46 26 18
10 42 88 78
38 60 93 11
86 65 33 47
45 22 77 47
96 22 34 45
16 83 83 93
51 17 63 12
37 52 92 17
51 71 31 86
12 64 10 58
75 29 48 18
63 31 30 80
46 65 26 46
48 83 75 70
34 31 85 46
68 24 97 64
10 71 99 16
48 20 74 23
95 91 69 81
80 100 46 23
77 71 67 55
68 94 24 26
51 20 90 64
90 79 34 27
69 52 70 96
88 35 98 13
57 25 92 97
88 74 85 28
99 50 10 98
91 58 48 64
49 71 24 10
59 55 89 58
48 57 74 27
63 54 69 92
39 30 99 14
13 61 93 91
86 72 16 15
48 64 35 95
84 33 57 47
20 68 97 94
41 23 45 10
43 40 85 57
47 35 13 20
54 86 31 54
75 24 99 55
30 24 100 15
89 27 47 17
58 80 81 10
69 95 43 52
16 74 28 41
82 98 98 32
60 100 37 16
26 54 55 78
13 95 56 37
53 75 56 54
84 97 89 85
16 23 72 11
56 97 68 27
20 33 53 67
45 77 67 29
38 11 56 15
25 82 99 77
63 29 22 85
16 25 39 62
40 25 21 48
74 90 30 18
84 88 26 64
91 60 26 77
47 91 62 41
22 43 23 28
79 78 68 12
73 54 87 51
37 67 56 96
25 58 47 12
40 13 88 10
96 45 43 39
85 44 33 94
86 90 53 17
70 30 78 53
65 31 30 69
51 42 27 95
52 65 28 26
64 44 42 64
39 18 68 92
69 10 10 77
11 88 97 76
76 96 26 28
61 84 86 57
27 40 12 94
13 67 49 82
45 94 25 70
24 74 43 78
80 88 19 40
51 86 27 26
14 90 34 92
19 25 70 25
52 57 83 77
71 58 43 61
51 77 59 67
65 46 68 33
68 53 39 93
15 73 32 87
57 13 84 82
31 71 92 32
20 98 79 95
17 50 95 79
10 19 22 67
58 46 11 14
55 90 78 72
70 92 51 32
33 57 76 71
45 18 16 16
15 81 35 65
96 55 36 62
21 98 71 32
94 61 32 13
24 63 77 26
93 99 63 40
31 54 54 22
87 48 53 13
27 37 17 66
95 13 35 100
53 63 62 63
37 13 94 32
49 47 88 19
11 63 99 84
65 58 72 94
12 82 95 39
80 31 93 14
34 32 27 79
25 84 86 98
25 88 99 53
59 13 56 84
17 43 61 60
50 20 74 51
48 100 60 55
27 94 40 74
83 63 43 35
34 56 26 34
93 35 74 84
95 75 31 39
49 23 22 98
75 44 88 31
89 23 50 40
86 91 88 23
25815 20711 14905 10901
24 87 57 55
28 32 17 54
14 39 10 13
38 83 93 44
43 50 13 47
89 20 89 97
97 20 12 92
67 48 54 56
64 38 49 25
95 40 97 16
50 69 69 77
61 86 67 84
42 34 16 41
44 34 72 46
64 57 60 17
68 73 69 94
68 19 21 35
73 60 71 22
76 96 13 41
62 86 85 78
31 52 93 23
90 17 61 29
13 32 79 94
71 16 82 80
29 77 71 25
51 99 100 70
17 66 20 96
62 92 36 32
20 83 32 47
25 24 94 73
37 10 12 65
18 99 13 69
32 66 55 17
32 38 71 54
45 80 37 71
48 80 67 19
81 71 38 34
81 62 53 82
86 97 88 45
42 95 83 21
48 35 95 19
97 90 96 60
24 23 72 30
54 32 97 41
54 12 31 65
84 39 16 49
50 50 55 22
54 84 34 42
78 64 44 41
43 12 74 20
33 49 97 96
74 67 28 28
30 48 98 87
90 33 12 26
30 16 54 46
34 97 68 34
34 87 40 22
17 31 47 64
76 97 84 19
90 29 40 80
56 74 42 44
93 61 75 42
18 16 88 79
10 23 63 88
56 59 75 88
89 60 17 71
14 76 79 44
13 68 45 79
43 60 54 16
72 56 37 71
23 36 56 26
23 70 29 29
23 78 39 78
92 99 16 83
76 18 40 82
60 82 97 55
85 85 28 78
17 80 81 13
21 59 26 86
13 12 11 75
23 72 17 95
49 22 42 72
86 30 86 95
19 51 27 53
86 97 51 58
86 85 27 42
48 90 42 79
38 88 30 26
78 78 88 99
22 81 93 64
96 24 27 44
15 82 31 12
13 72 83 84
14 13 36 47
86 61 16 54
99 35 23 34
72 14 87 25
44 82 26 59
11 34 27 49
67 23 76 13
37 59 46 16
44 50 56 54
55 64 10 36
42 31 36 59
78 83 92 31
12 26 35 34
75 81 18 57
88 44 76 24
99 28 67 68
27 47 43 48
50 41 94 89
60 57 11 37
85 63 55 45
41 91 79 64
92 72 26 49
97 90 58 99
95 35 41 78
36 80 73 75
30 62 92 57
18 43 38 64
75 67 96 31
55 87 94 69
84 49 24 53
74 37 53 92
74 70 52 12
100 29 18 95
25 41 17 58
10 100 69 37
43 47 19 99
71 85 25 22
13 36 60 43
97 76 50 60
35 68 59 53
71 52 19 54
21 12 39 67
74 11 43 56
93 31 55 52
32 93 64 37
97 91 85 58
41 60 27 66
21 66 66 22
45 31 11 99
42 20 80 90
75 98 22 97
30 23 72 65
62 78 83 29
60 81 38 13
22 81 51 97
80 17 21 39
16 18 16 42
59 47 37 49
98 52 28 79
35 12 74 13
83 12 41 82
32 17 64 23
22 70 14 59
93 17 95 23
92 31 12 63
59 39 60 84
89 84 91 69
91 90 45 97
99 37 87 11
53 51 76 46
40 34 66 85
27 22 26 58
16 22 53 54
88 38 95 52
76 11 65 38
24 10 24 56
28 20 100 80
46 44 39 65
43 96 45 64
43 18 91 51
66 19 77 15
38 42 83 55
50 98 76 27
72 92 55 47
96 58 74 40
72 50 10 38
84 66 88 40
18 73 88 53
67 67 88 62
31 28 49 33
29 97 22 43
43 56 66 52
97 56 36 80
96 71 13 57
26 75 20 44
39 37 70 100
98 79 46 99
87 92 59 84
54 75 26 19
98 92 71 53
35 79 69 17
64 20 68 92
94 26 25 75
31 33 99 31
27 59 91 91
17 85 64 35
11 12 22 23
60 36 97 25
46 20 48 51
56 30 89 72
46 29 65 17
100 17 94 24
12 74 83 49
13 99 40 62
62 84 45 53
87 93 51 30
56 91 37 16
100 27 38 84
17 73 62 43
91 44 25 86
94 16 71 15
82 44 50 32
75 69 84 38
62 49 36 90
64 49 35 99
83 95 80 78
23 26 87 90
66 19 51 11
66 53 78 42
35 15 84 85
18 79 94 91
75 60 53 89
64 41 85 51
77 46 82 53
10 27 66 37
75 82 54 97
97 50 75 28
81 37 72 84
100 61 88 46
57 96 36 13
71 74 69 30
20 20 30 12
80 15 48 98
83 63 48 15
23 17 64 44
51 95 22 20
69 53 98 68
97 93 75 93
90 58 43 98
28 71 28 86
28 32 50 76
46 91 62 77
85 39 36 56
89 41 40 42
80 67 93 51
100 31 60 63
96 23 88 18
27302 21816 15535 9808
29 53 94 12
34 13 75 60
71 16 61 34
46 63 88 49
84 69 41 53
39 34 11 29
31 88 75 10
64 100 19 37
78 63 75 10
43 70 75 56
33 21 10 16
22 98 56 72
94 18 97 38
18 71 32 100
92 100 63 24
79 19 17 99
14 100 74 37
39 22 22 29
33 46 44 72
81 95 68 69
57 14 68 76
80 48 71 44
59 10 36 94
52 100 10 54
16 60 54 53
37 28 92 40
91 20 58 70
68 44 40 28
91 42 58 51
63 15 36 23
74 80 64 31
33 69 26 74
86 56 23 30
88 74 21 15
55 32 58 25
60 12 68 76
24 19 69 14
25 78 23 46
52 32 100 18
53 55 43 59
87 21 17 26
10 41 47 86
25 94 56 63
14 80 62 30
91 63 14 35
40 17 60 34
26 25 80 21
38 75 58 34
77 26 59 28
45 79 28 97
67 65 41 54
46 77 24 73
16 71 58 100
50 28 75 79
33 94 52 92
40 46 97 10
67 47 88 84
64 45 32 47
91 86 77 64
39 73 97 40
51 73 49 55
40 20 13 84
66 37 81 41
27 32 23 25
100 85 56 80
63 16 20 91
75 44 46 84
65 16 84 29
86 94 73 37
55 11 100 77
25 54 80 83
51 61 37 76
75 24 54 52
84 16 62 47
14 12 70 72
59 10 62 73
19 86 87 96
42 96 45 37
38 57 37 70
89 83 95 30
73 40 72 16
75 77 88 83
23 59 72 28
51 100 89 30
84 92 83 26
47 62 54 78
97 51 41 85
87 77 13 18
81 92 52 70
40 29 51 77
50 52 27 21
82 68 17 98
52 46 63 90
72 72 79 34
65 66 14 66
45 14 64 68
31 67 61 19
78 10 57 78
76 100 10 39
28 30 96 76
85 51 75 50
53 74 97 91
46 94 38 100
25 18 33 86
26 37 29 63
58 89 43 78
57 64 36 34
22 57 61 26
53 26 17 54
59 49 26 43
34 44 31 100
11 99 27 10
40 77 60 78
14 86 76 15
77 41 64 68
69 90 35 24
94 24 73 98
71 45 71 58
56 78 100 96
47 19 74 53
42 94 60 97
67 19 78 21
90 100 75 51
11 44 56 64
64 31 86 97
70 73 23 54
53 37 65 11
29 41 25 59
28 98 56 42
18 97 90 34
11 44 91 39
77 45 19 87
37 10 20 19
35 81 71 40
12 49 25 73
68 68 77 31
50 72 60 18
72 79 90 84
84 35 100 98
22 25 98 39
27 67 89 29
33 39 98 97
22 27 83 75
51 87 41 17
73 82 10 32
59 30 99 52
21 52 76 84
96 40 47 65
20 67 18 13
59 23 27 15
40 26 66 44
89 81 69 100
17 20 46 41
100 89 69 29
99 16 12 12
66 50 12 48
75 40 31 68
62 60 84 73
49 32 86 76
74 42 20 48
38 52 45 20
96 32 58 34
68 46 18 64
41 21 88 45
10 29 56 66
31 13 19 61
22 78 62 69
41 73 88 37
61 19 84 63
79 44 53 84
26 100 94 77
50 23 23 87
74 42 15 48
16 10 73 40
56 76 96 11
48 62 34 40
94 39 97 88
77 56 52 56
58 63 22 60
60 83 21 46
74 54 63 18
32 57 14 39
47 91 84 20
78 78 86 37
25 34 13 42
34 73 42 39
10 36 96 89
90 72 48 90
58 35 17 20
58 32 68 60
87 86 11 42
65 45 15 54
53 80 32 51
34 80 33 26
64 54 16 56
82 50 79 46
97 35 89 56
63 77 85 56
60 79 38 86
13 26 79 26
73 87 19 57
41 54 48 57
47 97 85 67
85 53 65 84
68 23 56 39
87 37 28 97
29 16 31 92
17 53 90 70
31 32 99 24
46 61 88 24
37 19 91 88
32 26 51 68
83 68 81 11
79 92 28 62
23 36 60 63
18 46 41 39
64 100 53 93
68 16 56 53
45 64 43 18
59 61 43 16
53 64 54 81
97 28 44 93
14 62 81 93
19 48 59 28
80 34 99 85
35 61 12 92
61 34 58 42
11 93 49 56
48 94 43 95
10 45 29 64
46 76 82 92
32 41 63 69
37 68 86 15
89 17 16 56
34 41 51 85
76 26 19 52
90 12 77 77
25 57 24 26
88 87 74 96
73 90 79 73
83 80 28 63
100 24 19 35
37 82 47 60
25 60 49 43
75 31 93 48
89 26 16 55
65 94 52 69
68 88 64 73
99 56 89 34
42 13 13 72
24843 20233 14667 10013
39 96 71 86
27 89 50 69
18 37 72 14
26 73 96 73
51 70 13 68
17 84 90 81
80 56 24 78
57 84 90 57
92 100 94 18
10 87 71 63
65 89 48 28
72 12 70 63
90 45 79 95
12 62 36 74
93 89 27 91
58 61 27 60
76 73 91 56
30 66 97 11
37 64 95 64
75 49 45 60
31 90 75 92
41 79 21 28
62 61 73 84
98 11 45 99
69 52 51 12
52 32 43 97
28 83 20 58
91 30 40 73
95 62 10 59
21 53 53 57
41 81 44 39
70 68 72 29
81 57 74 61
25 66 65 75
16 87 74 45
22 17 45 56
65 38 83 49
67 39 100 93
60 26 58 75
78 93 63 54
36 33 65 64
25 95 63 57
73 87 18 38
86 55 69 44
71 76 47 12
84 16 94 24
92 21 52 18
10 87 57 33
44 100 54 69
55 11 28 10
73 69 58 58
54 23 27 25
31 70 17 88
76 46 73 15
79 33 25 55
70 72 92 23
18 29 96 19
64 64 66 42
81 74 20 44
16 18 58 75
82 82 28 62
47 81 20 82
35 69 11 59
26 91 38 85
58 32 100 82
72 86 82 17
28 95 58 13
82 29 51 97
11 96 94 70
100 39 41 17
19 73 70 52
67 38 97 86
24 99 96 33
41 83 89 25
39 53 35 78
58 46 87 22
50 34 94 81
96 25 73 98
35 99 69 44
10 65 29 29
41 79 77 100
30 34 61 11
83 76 91 71
35 81 57 61
74 24 95 50
87 96 89 56
44 88 68 100
28 23 93 90
68 19 96 98
45 87 24 74
58 71 57 13
40 82 36 79
81 93 46 100
10 26 42 67
41 60 30 38
50 79 40 58
17 13 68 64
34 77 93 30
68 88 51 93
49 48 22 43
75 72 29 20
75 89 60 22
81 91 14 60
87 15 23 39
99 51 71 53
20 84 54 76
59 10 62 74
60 21 43 27
19 10 24 53
29 32 84 46
42 43 98 30
41 71 62 26
84 80 53 65
55 49 79 59
92 34 84 72
84 14 86 13
86 100 40 19
42 91 25 78
40 40 34 10
24 38 85 41
41 66 82 35
81 95 46 41
59 80 91 85
10 67 57 64
24 86 26 38
11 99 79 38
32 84 55 93
87 96 28 96
61 34 98 81
10 23 63 99
48 19 77 37
87 54 94 90
71 46 23 62
31 54 28 66
74 91 28 73
89 89 58 26
62 47 73 52
49 67 86 21
82 70 54 87
59 76 98 62
84 29 33 97
77 78 35 98
22 24 95 25
80 15 34 38
90 90 100 76
24 14 67 47
52 55 71 15
95 10 51 31
70 21 51 43
11 51 60 57
20 11 19 76
77 81 64 92
95 80 94 24
18 73 39 11
34 21 47 32
93 69 98 56
72 16 58 30
48 56 66 19
42 25 33 73
12 87 86 68
45 90 13 68
16 33 40 50
83 62 33 21
67 73 15 56
92 91 99 44
94 19 37 30
27 89 38 83
98 58 17 59
71 77 49 58
15 77 97 58
82 68 93 77
88 69 70 16
71 46 77 18
14 48 98 52
25 48 68 29
63 30 26 71
91 33 15 29
94 41 73 78
68 74 13 99
97 30 61 73
61 37 99 37
64 69 95 48
40 37 64 70
36 28 17 40
76 76 14 96
70 86 44 67
18 51 78 48
80 26 34 60
62 10 73 81
27 72 59 55
27 44 90 71
21 23 95 17
16 17 86 58
67 15 19 51
11 85 40 30
89 94 90 39
10 92 40 21
61 93 86 45
24 90 35 46
53 56 84 12
72 43 59 63
47 81 86 73
87 82 45 61
26 70 58 41
60 17 85 97
12 19 40 43
19 35 58 18
24 96 16 56
84 31 82 44
30 41 53 77
16 61 56 56
46 20 11 30
74 81 22 79
27 87 25 72
29 28 16 19
67 34 56 23
13 85 47 21
39 72 91 89
48 30 69 70
11 79 91 46
31 69 52 44
22 78 75 75
14 63 77 86
34 69 92 65
27 22 15 23
24 19 28 41
24 64 49 39
49 72 22 73
11 75 31 61
41 52 75 52
85 58 57 77
56 81 64 25
47 22 28 37
57 12 25 36
20 51 26 87
41 38 45 62
42 84 19 59
63 79 12 91
90 55 73 40
69 64 48 82
76 25 84 50
34 52 53 89
80 92 59 86
13 52 15 59
58 92 80 21
62 13 33 12
29 47 44 43
72 98 47 21
54 50 89 76
59 87 65 81
24864 19671 14440 9493
64 21 36 95
29 100 87 36
86 31 66 97
51 74 52 88
63 49 53 92
54 38 62 84
98 48 71 58
29 17 63 40
92 25 61 39
89 92 24 31
12 100 32 44
84 19 53 13
37 51 93 58
15 45 30 18
73 96 75 36
44 88 66 75
59 86 93 63
78 93 63 49
82 20 88 25
21 38 63 67
85 61 38 36
79 49 91 55
42 18 86 100
23 42 60 63
95 27 74 20
47 51 83 40
86 68 13 76
65 53 16 72
79 64 28 26
51 11 67 96
51 25 32 61
51 80 28 72
10 14 57 49
28 33 58 61
83 26 41 64
93 42 83 10
98 56 93 47
100 52 82 17
26 19 88 69
37 43 46 12
96 57 33 24
59 19 67 58
65 15 91 71
50 37 24 83
41 80 19 95
56 94 78 50
29 17 43 72
36 11 43 89
88 68 85 74
30 50 36 39
38 59 75 90
57 25 20 82
38 15 61 68
60 100 44 13
90 94 81 83
71 64 92 36
79 97 68 63
36 57 86 94
48 58 28 15
37 78 95 47
64 14 40 90
97 30 89 64
88 95 52 15
73 72 90 42
11 65 87 95
41 40 66 49
65 59 60 52
39 42 30 18
74 26 30 38
62 23 97 30
45 25 34 75
38 48 41 89
43 53 72 45
50 21 55 37
97 26 68 37
11 47 47 75
95 35 36 54
86 99 21 19
42 80 14 88
83 23 63 27
32 76 93 14
63 76 28 71
22 46 71 94
90 13 69 31
79 45 52 76
68 33 74 61
21 33 67 41
100 30 48 29
84 91 85 47
93 54 15 10
84 58 48 21
23 71 16 22
32 30 54 62
85 95 94 10
69 15 84 31
86 49 98 91
82 96 78 21
36 34 83 54
22 90 52 27
33 90 19 55
67 84 77 39
33 69 61 23
43 22 18 74
49 68 72 94
39 65 87 16
12 28 96 38
71 45 29 26
86 54 20 32
28 42 87 81
90 19 27 74
58 91 89 76
97 87 39 52
93 81 78 87
22 54 58 44
100 80 63 94
74 99 20 52
21 77 62 47
61 87 42 51
17 80 49 38
69 82 46 33
48 82 16 47
33 62 50 49
76 76 21 88
94 14 88 66
50 87 87 78
39 71 79 34
91 20 77 61
60 48 95 19
49 11 38 39
37 55 82 17
71 17 59 39
96 38 74 17
71 45 38 24
77 17 88 68
24 83 13 19
82 45 10 73
98 61 23 64
93 78 73 27
47 96 71 46
63 21 88 87
70 30 48 75
76 62 71 94
31 24 23 73
33 97 15 21
55 85 71 63
59 34 83 98
38 74 77 33
62 99 38 86
65 89 14 27
23 65 51 51
55 93 12 53
14 83 90 15
16 11 39 53
86 36 52 30
74 50 41 92
39 69 47 69
87 39 64 86
28 18 43 45
81 49 47 22
29 40 67 86
24 40 99 93
31 67 29 22
12 27 96 16
77 56 16 52
15 17 53 80
57 73 10 27
70 46 62 90
86 41 27 25
64 97 46 82
51 92 79 35
52 79 28 28
57 90 48 51
22 77 41 35
74 21 14 56
80 51 43 81
60 22 23 84
98 15 24 18
74 33 30 72
38 74 32 24
69 35 57 70
41 70 20 69
24 15 38 30
64 71 39 52
34 64 34 73
48 26 28 42
83 50 38 23
33 98 89 77
98 47 22 91
44 22 83 96
92 50 91 69
80 27 56 92
46 90 49 83
57 83 40 83
47 67 58 89
78 74 71 12
83 41 57 26
96 26 47 74
93 45 74 96
72 44 14 35
24 93 15 24
33 42 26 91
41 64 10 24
62 27 53 87
61 27 86 45
100 17 23 20
15 85 53 58
97 33 95 50
50 15 61 38
50 76 61 16
66 72 62 44
31 64 78 86
20 84 11 85
36 36 52 53
40 44 51 14
30 18 97 69
89 70 17 82
70 91 100 82
81 71 97 20
27 98 59 72
18 43 21 74
53 71 33 45
90 81 80 93
46 78 44 71
73 46 48 96
90 20 94 83
70 33 45 32
92 52 14 34
33 16 24 66
73 88 33 23
83 97 84 87
89 75 80 32
27 53 18 73
23 99 23 16
52 63 85 40
53 22 61 54
94 18 42 40
14 86 73 15
49 58 65 18
76 33 45 31
32 67 28 30
62 98 30 95
45 69 43 21
75 14 44 95
20 96 39 95
44 69 55 94
94 44 66 84
24 95 34 80
96 55 42 33
81 34 84 33
41 19 38 95
26273 20744 15276 9558
79 89 24 75
55 26 55 60
19 57 15 53
80 20 87 57
37 79 58 89
54 25 54 15
10 14 93 42
74 69 10 79
42 45 99 20
22 69 98 71
99 70 39 59
99 95 36 30
65 88 35 40
44 88 11 43
48 76 56 52
76 95 19 18
50 96 65 43
80 47 67 99
23 53 31 54
78 50 46 34
25 10 100 90
83 48 72 41
39 81 25 41
34 79 12 99
29 88 18 51
34 90 46 22
34 100 61 92
20 66 15 26
61 58 87 14
91 16 50 65
46 25 22 96
74 84 66 97
90 48 49 73
21 44 48 36
32 83 57 76
47 63 27 40
34 100 42 83
59 72 93 99
91 45 34 20
84 20 25 89
90 88 64 67
56 24 94 66
50 53 41 49
43 92 67 68
32 35 56 96
16 55 58 85
26 15 82 65
73 37 43 56
65 39 45 13
19 18 86 14
34 67 13 91
98 34 78 34
98 78 25 49
26 52 54 58
40 50 18 70
77 79 56 22
10 73 70 78
86 66 91 61
55 65 52 52
57 25 53 97
18 63 83 56
96 31 61 14
61 83 71 80
76 25 27 67
41 34 43 100
15 87 21 90
95 56 80 14
43 96 31 35
41 52 17 100
35 81 12 71
77 69 88 41
80 22 55 59
74 21 15 34
56 13 83 13
38 67 67 78
89 75 96 22
44 54 84 85
62 48 67 87
44 81 35 65
50 24 12 48
89 49 42 24
72 34 77 42
51 73 50 81
25 81 26 73
38 20 94 29
38 21 65 37
63 79 65 20
80 42 88 55
61 36 46 73
53 55 58 79
32 32 17 69
23 16 55 54
45 67 32 61
11 43 38 100
50 43 94 52
63 69 95 38
46 31 70 34
22 63 92 81
55 40 49 82
11 87 88 14
80 72 93 24
71 26 96 42
45 10 53 26
13 73 85 76
32 33 42 29
73 30 83 40
59 19 62 86
80 69 22 10
62 33 64 28
75 23 86 21
29 84 20 35
46 45 39 21
86 35 92 71
32 52 42 14
22 57 29 67
55 60 29 80
83 73 11 39
81 17 76 38
88 79 26 56
16 10 40 52
92 24 54 40
48 85 37 96
54 24 21 67
13 30 84 70
88 30 100 25
16 13 13 46
18 20 74 86
10 12 13 40
54 75 16 48
100 38 68 70
54 36 24 80
46 54 62 77
25 59 15 93
34 86 17 82
35 75 87 28
43 17 18 14
58 18 13 94
72 66 51 28
84 37 41 38
71 79 80 59
58 20 97 24
36 42 35 33
35 24 14 35
15 12 18 31
94 91 50 54
58 67 50 36
11 48 58 67
65 18 50 29
15 57 36 60
55 44 63 19
100 61 25 43
36 52 96 85
33 66 58 52
57 43 89 33
28 26 55 46
89 92 54 15
24 69 16 27
62 52 74 24
61 79 82 83
55 83 26 46
70 36 22 37
79 24 91 15
11 71 45 72
79 33 24 44
24 28 80 94
73 12 62 41
15 20 61 14
39 90 79 10
15 83 78 29
66 82 89 16
56 55 47 61
39 56 74 20
13 11 54 16
90 77 45 94
99 23 48 25
87 32 78 14
84 14 22 82
69 40 86 35
32 14 23 15
10 43 91 38
43 27 91 93
79 86 34 96
92 26 45 23
50 64 95 35
91 72 18 81
82 25 85 18
20 71 96 75
29 82 24 90
93 32 73 43
25 62 36 77
12 65 77 59
49 43 46 46
81 29 99 66
17 34 76 54
58 86 44 36
13 91 76 69
83 93 11 98
88 91 24 82
22 20 32 37
60 16 85 20
84 39 37 36
49 60 81 100
15 51 99 93
40 98 77 65
43 84 71 66
19 71 63 61
46 71 75 81
82 87 75 72
36 66 68 62
40 22 85 71
77 40 71 94
23 14 87 56
99 97 65 73
84 16 57 57
18 53 81 73
74 71 87 59
28 31 20 77
25 27 54 100
21 89 10 20
59 37 21 79
91 51 28 53
45 26 43 92
60 37 69 99
67 47 38 54
53 80 24 90
94 81 12 45
38 45 100 79
55 42 54 89
38 41 50 21
65 17 11 66
100 18 64 22
43 40 60 58
99 46 61 34
55 26 67 18
39 27 13 75
96 89 75 35
74 94 76 25
75 41 62 14
60 31 95 86
22 83 57 97
38 98 43 13
55 89 54 19
32 90 70 53
59 62 94 78
75 15 64 73
69 57 44 90
94 95 100 15
14 84 67 80
13 94 81 48
15 91 89 91
26243 21748 16688 9974
78 30 69 41
84 32 10 65
94 62 18 79
11 63 87 65
17 64 71 22
86 38 20 35
32 75 65 12
10 93 40 97
50 32 66 58
37 23 12 84
24 54 43 76
29 35 40 96
75 30 78 27
56 73 71 36
93 43 79 66
100 29 71 71
18 77 44 89
18 12 76 96
67 69 60 62
26 20 97 47
100 93 15 76
25 95 81 97
15 51 39 29
12 66 11 69
27 60 27 63
41 46 76 95
17 69 95 75
11 25 55 16
10 35 86 71
43 46 42 22
77 57 36 45
19 64 79 81
75 30 28 95
60 25 52 38
55 47 21 96
84 18 79 15
94 20 87 98
43 58 18 67
73 71 78 38
85 31 19 14
60 22 96 86
55 31 55 57
37 97 81 51
40 46 58 16
41 77 36 58
51 46 75 56
75 25 74 10
44 86 40 97
57 29 12 100
12 12 17 53
86 81 19 67
49 97 97 78
21 46 18 21
55 60 25 53
45 42 36 25
73 42 72 54
60 74 42 100
82 15 69 85
19 92 82 27
28 72 67 71
29 10 47 29
16 69 73 44
19 54 47 68
19 84 29 62
94 63 37 10
25 39 94 44
26 79 61 94
66 33 55 66
82 17 100 59
65 49 73 37
42 40 84 24
46 70 84 12
44 84 88 55
72 72 26 90
49 59 21 13
80 63 52 75
48 79 76 43
45 79 11 93
60 59 75 87
88 18 62 72
27 45 23 29
30 44 14 53
36 73 29 14
27 58 31 68
74 61 57 30
27 56 14 58
69 19 42 51
83 28 44 63
95 44 89 17
17 11 12 61
19 66 82 14
50 76 56 78
87 37 93 82
13 82 93 17
32 88 77 75
31 93 38 37
33 85 98 21
60 82 90 86
56 75 59 11
18 15 87 68
91 65 65 43
20 80 47 52
25 46 13 46
71 12 74 90
100 73 86 92
83 59 53 30
52 26 58 27
83 67 52 38
40 29 66 44
28 51 39 85
88 83 59 30
18 76 67 53
22 87 91 21
85 54 46 76
70 89 63 72
75 90 63 80
37 16 64 35
94 95 40 16
66 78 66 16
60 85 68 99
87 88 30 61
53 42 21 10
42 74 33 98
92 88 36 23
78 31 39 75
15 68 59 96
83 25 30 10
71 65 61 30
52 93 67 84
31 56 25 12
67 74 64 10
34 25 79 93
84 57 32 62
42 18 57 90
87 56 45 15
83 23 29 73
14 40 19 51
13 62 73 80
88 13 36 32
97 46 74 58
47 90 13 12
15 88 91 27
71 62 48 68
32 21 30 50
95 11 60 57
93 36 59 16
48 38 48 80
34 82 69 52
51 70 24 38
70 42 90 88
67 94 39 98
58 58 43 22
42 11 54 23
42 71 23 75
99 91 86 57
34 10 37 88
96 31 37 31
45 63 59 23
44 60 18 71
77 69 91 63
23 27 47 79
54 19 92 74
81 36 86 45
82 84 74 45
79 85 74 16
87 47 59 73
32 54 68 30
48 45 82 26
13 46 81 66
64 68 75 17
90 64 69 50
53 15 67 51
52 36 92 61
58 65 99 84
48 64 96 71
14 75 39 36
55 20 93 51
22 26 60 52
99 95 36 76
68 13 75 43
54 38 20 45
87 20 36 56
45 45 58 14
40 11 33 10
76 28 75 54
33 80 94 86
35 41 19 58
32 93 22 89
68 59 62 54
26 12 25 58
91 23 84 49
13 11 64 81
62 87 76 59
82 15 76 39
15 68 39 61
17 30 74 99
83 47 84 59
54 76 60 13
64 56 65 62
67 75 78 21
73 36 16 33
52 75 98 83
72 68 13 62
63 59 41 80
24 83 66 39
83 63 21 32
21 37 10 88
22 57 41 18
98 55 12 51
92 14 91 44
99 40 16 53
61 62 19 74
83 81 11 41
50 93 38 40
48 75 44 96
54 79 24 53
83 51 32 31
69 73 76 88
78 80 61 100
74 97 35 28
73 39 72 46
40 17 38 61
56 23 92 94
40 61 90 43
29 26 87 52
33 28 12 57
42 35 41 24
64 21 75 51
14 75 11 86
70 46 33 91
41 76 18 94
53 86 92 23
31 21 76 22
97 81 87 23
35 92 64 79
42 81 49 31
99 97 100 72
71 63 55 83
14 82 43 73
11 56 80 33
18 68 89 42
93 30 74 91
87 86 16 23
63 47 95 34
91 17 58 17
19 64 15 47
11 18 25 32
84 91 95 56
64 13 46 80
32 19 36 23
26132 20169 14883 9414
93 66 17 66
29 73 76 76
38 65 92 87
60 73 50 88
45 97 64 76
26 88 49 44
45 27 83 22
47 68 20 80
61 59 44 43
70 83 90 14
91 68 23 19
58 76 17 46
90 81 49 37
96 70 70 31
77 98 80 90
45 45 83 20
88 81 96 58
45 57 59 95
83 19 98 14
34 22 78 18
78 63 48 76
60 54 85 73
25 91 82 85
93 83 23 73
61 83 51 49
48 57 62 89
42 50 12 13
92 28 34 64
23 57 15 49
29 44 45 37
100 47 28 98
15 56 60 55
53 80 24 50
37 35 90 91
96 94 39 22
18 51 75 94
96 43 48 95
56 50 28 74
11 33 62 27
20 23 76 36
42 27 63 66
13 54 41 13
82 24 51 62
65 83 29 63
56 29 94 87
44 53 51 31
25 75 88 15
53 86 89 80
89 98 80 65
22 63 77 94
99 93 62 83
61 95 46 34
52 29 91 30
61 76 24 35
11 42 30 100
78 88 88 30
86 50 78 36
31 93 56 32
65 63 29 93
90 39 51 78
66 57 40 79
68 65 72 61
18 53 49 26
93 20 96 53
52 28 40 16
47 17 91 20
21 21 60 64
44 45 68 87
17 91 58 15
95 74 14 81
48 28 75 43
74 48 48 73
60 94 51 21
70 52 99 41
41 34 80 63
76 99 95 56
76 31 72 70
50 33 82 13
20 22 24 63
54 21 17 30
12 39 15 13
27 54 76 64
74 53 24 21
20 96 50 47
71 60 41 63
26 74 51 35
52 66 33 99
98 37 82 21
16 48 45 79
33 54 90 58
35 80 65 30
23 34 98 89
38 22 20 69
29 48 16 52
76 51 93 86
74 41 74 51
96 25 80 83
65 20 89 51
72 24 83 55
90 19 57 66
32 18 48 97
17 33 33 67
88 84 70 41
28 54 82 73
24 82 28 65
88 75 17 29
49 90 52 66
26 19 68 69
18 23 47 97
73 55 18 26
30 45 95 48
20 50 78 73
30 97 76 30
78 84 46 16
34 81 94 94
65 93 45 40
54 12 72 27
52 76 12 95
20 98 13 98
30 14 66 75
91 53 85 57
80 24 17 17
85 34 47 98
79 53 13 43
39 90 66 69
82 70 59 79
27 99 52 28
22 80 29 27
23 57 94 94
18 61 99 59
65 45 94 21
53 63 68 94
20 18 37 44
38 22 23 94
89 61 34 89
43 88 81 47
98 19 95 49
58 56 48 13
56 20 18 58
73 23 74 31
23 45 37 40
63 20 12 12
65 77 92 75
88 100 83 81
53 57 76 36
42 66 20 31
34 88 82 43
44 87 34 85
63 17 14 13
90 21 58 83
73 51 66 88
55 12 94 65
29 81 64 55
25 51 76 19
26 63 79 88
97 50 26 66
40 74 28 26
27 27 23 73
76 95 79 45
14 25 100 67
63 28 39 17
38 61 85 27
41 32 66 25
73 16 50 12
66 93 23 36
61 52 98 40
18 28 74 65
66 65 44 21
83 32 99 35
64 97 98 70
91 59 96 70
13 89 13 54
23 25 91 66
21 64 33 97
17 95 78 38
33 84 31 97
64 40 83 87
86 53 57 49
88 89 53 57
61 79 37 58
48 93 29 99
15 39 27 49
97 46 51 49
45 88 81 92
28 46 80 47
63 17 85 92
36 22 61 96
43 10 26 60
45 20 32 33
46 13 38 71
96 50 36 53
53 45 58 33
63 65 84 31
12 60 47 80
84 56 39 92
89 92 81 82
50 93 16 100
71 23 26 96
61 40 39 15
44 70 78 98
75 68 11 45
46 72 41 26
34 83 71 68
23 94 18 19
33 53 58 19
39 100 92 33
48 60 90 28
52 42 63 97
27 23 89 24
41 35 46 34
62 73 12 24
31 92 81 85
60 16 76 34
29 76 98 36
68 61 17 19
100 96 38 24
15 14 38 37
10 14 71 56
75 10 26 26
91 88 94 30
96 21 67 90
87 59 41 31
76 69 99 75
25 47 72 66
38 62 38 52
25 96 38 60
32 78 99 80
27 78 63 57
23 34 63 60
79 20 11 56
28 78 59 88
84 53 97 29
28 64 86 63
91 43 76 84
82 35 21 17
97 76 44 56
65 58 53 31
20 26 66 31
95 57 51 83
25 69 60 43
45 84 86 71
79 14 64 40
37 49 59 85
48 23 40 30
81 54 68 20
16 96 37 59
10 87 43 90
43 88 78 41
24 25 95 13
28 39 41 20
27752 22841 16649 10094
69 98 49 76
53 96 19 96
83 39 44 48
93 63 15 31
83 15 85 80
76 51 32 76
72 35 75 89
43 15 20 42
14 25 64 40
35 72 59 12
16 93 85 34
51 87 45 42
21 86 15 38
36 40 50 68
26 49 54 43
39 82 44 23
53 70 39 69
78 30 74 70
79 43 19 35
21 80 84 55
32 35 24 27
55 77 74 86
46 58 64 39
11 10 74 93
76 64 54 44
45 86 33 46
96 77 92 99
64 22 44 72
43 52 17 25
32 61 78 85
84 25 100 34
66 85 41 17
35 42 17 11
29 28 38 21
98 60 24 19
97 67 76 80
89 67 58 28
59 20 69 91
72 82 39 34
49 46 91 72
53 20 65 21
26 11 29 75
100 41 42 53
43 73 52 57
31 93 51 30
90 28 11 77
90 48 57 89
46 61 75 22
86 21 89 47
76 79 15 81
56 12 51 58
93 41 19 98
43 100 22 54
36 57 70 88
37 70 69 18
33 62 56 55
44 87 16 34
30 70 66 35
71 78 64 19
93 35 32 15
12 13 16 92
81 39 48 82
81 95 63 17
51 59 21 52
55 33 85 13
42 70 18 98
98 22 83 91
26 86 97 53
100 87 12 82
89 91 64 16
68 91 84 41
36 78 26 52
86 64 83 31
40 42 87 33
35 59 16 65
53 99 86 46
53 99 62 86
73 78 78 77
54 12 84 77
25 92 62 57
41 45 90 16
84 99 69 51
39 75 70 33
36 95 25 10
36 98 52 26
85 89 27 34
41 28 90 41
58 99 60 47
54 80 11 44
45 64 86 99
66 23 96 67
29 20 56 29
52 78 36 76
90 72 51 74
42 91 43 78
33 26 15 44
44 76 47 22
41 17 69 24
34 67 95 96
63 31 33 76
71 80 25 65
80 96 53 18
14 85 16 47
21 19 56 94
96 90 96 20
89 17 45 53
58 60 47 10
21 87 42 23
38 32 17 22
98 25 83 51
15 49 11 92
75 93 38 52
99 99 36 53
25 80 58 97
46 78 28 30
84 96 81 72
91 67 75 47
10 16 94 83
10 98 52 48
37 62 50 12
45 79 47 46
98 34 41 66
53 60 29 63
46 91 52 23
26 30 81 74
11 64 78 42
69 70 96 23
33 56 64 73
45 82 55 49
31 60 19 52
50 42 97 90
16 91 68 32
27 54 15 96
38 80 15 61
45 19 90 35
73 38 47 36
65 62 100 89
11 36 92 51
10 78 35 14
45 90 38 30
38 46 62 32
74 50 75 61
80 37 63 87
41 91 75 12
37 41 92 51
53 44 43 37
11 55 42 87
77 87 25 36
59 37 81 45
95 77 51 52
44 71 36 63
68 55 34 24
82 61 11 34
86 22 93 82
83 49 85 100
35 28 29 80
37 69 63 29
61 53 29 89
97 35 90 58
96 95 58 67
46 23 10 47
18 65 94 32
85 68 49 22
57 82 40 15
95 22 57 18
73 93 48 23
42 27 17 75
25 69 81 58
70 15 94 55
87 76 88 17
69 96 56 12
26 41 14 94
93 10 51 78
73 97 79 21
72 98 74 49
30 28 100 45
10 30 98 69
34 20 10 26
96 67 58 44
91 17 82 85
84 28 68 55
85 31 82 33
18 38 52 74
30 74 85 73
87 13 100 42
25 23 49 51
10 47 82 33
56 85 62 70
57 94 14 75
29 71 17 52
67 72 100 55
44 34 26 67
88 87 91 70
90 40 59 19
35 96 66 25
27 31 59 90
38 14 68 97
91 25 28 15
68 62 33 94
32 92 54 53
79 94 77 33
42 45 89 69
79 96 53 95
97 97 20 70
67 50 94 27
62 12 78 40
50 72 27 42
74 71 77 50
95 30 42 56
59 96 91 33
94 84 89 86
20 35 69 35
95 12 56 51
23 42 62 12
51 28 74 61
10 60 95 59
40 94 18 38
12 41 79 66
83 24 39 18
93 12 38 63
47 19 59 42
61 99 58 74
68 22 57 13
98 86 17 32
17 83 99 98
27 37 38 74
73 69 72 19
48 43 76 10
57 13 44 66
70 99 59 36
94 34 86 31
39 17 75 20
17 26 18 29
10 34 22 51
31 45 49 34
73 60 30 52
69 67 95 98
68 61 39 32
62 22 11 69
23 37 63 78
62 79 40 64
67 31 49 45
50 98 47 38
20 18 77 14
99 37 34 65
59 38 85 69
56 94 96 42
40 86 91 61
14 37 60 38
19 16 87 52
25655 20627 15036 9600
19 73 76 39
88 39 64 44
27 100 43 59
52 14 20 52
69 84 99 54
82 14 23 25
65 27 11 15
38 95 25 98
55 16 16 26
93 52 17 31
59 100 20 69
42 21 55 66
85 52 48 35
95 62 74 30
86 95 40 70
55 30 56 69
83 45 94 16
14 58 96 50
84 24 76 60
57 100 41 15
73 22 73 68
93 62 66 11
79 53 14 84
36 100 26 20
84 80 41 53
74 75 90 49
79 99 99 66
98 45 10 45
73 64 27 10
66 36 19 11
71 92 13 29
86 14 46 27
40 19 68 95
87 52 76 64
17 76 29 17
75 89 19 48
60 50 68 47
52 94 51 21
43 83 22 54
64 37 40 18
43 38 36 63
10 34 80 85
43 76 86 97
39 76 81 32
72 71 31 48
72 68 90 74
94 50 19 38
96 83 28 86
38 56 45 96
66 46 21 67
94 38 77 90
97 45 22 68
37 63 26 63
49 63 82 45
17 32 44 77
73 18 44 37
25 40 14 78
60 38 99 75
48 72 86 42
58 83 99 91
36 91 51 81
13 67 95 52
32 79 69 85
26 90 92 28
98 56 76 11
82 10 91 84
49 33 58 43
25 67 76 16
46 41 80 99
48 81 25 43
93 88 39 12
95 100 32 42
97 75 16 42
96 64 44 32
95 40 46 14
66 20 68 56
18 36 83 80
30 24 30 23
67 26 18 23
14 45 58 14
46 88 28 69
63 38 44 84
79 23 26 53
20 20 47 90
71 23 24 15
88 20 80 74
38 84 69 91
77 70 42 85
72 81 28 39
57 50 64 74
58 77 44 31
47 16 48 33
30 28 98 11
90 86 78 72
83 12 79 76
85 12 37 28
65 47 71 84
17 86 38 56
21 69 63 52
78 89 14 18
62 74 58 49
80 99 28 98
90 29 50 60
65 49 54 41
27 72 82 93
52 17 28 97
20 47 88 78
35 73 80 75
83 58 80 61
77 75 72 33
43 94 66 26
27 65 11 70
51 48 62 99
44 29 26 57
40 74 11 45
24 89 37 63
86 57 43 32
41 62 44 32
69 69 14 12
35 18 55 28
58 65 29 57
17 28 66 80
52 23 44 75
48 18 50 85
21 51 33 10
100 92 85 73
76 50 55 56
72 18 18 55
66 90 59 13
50 21 60 70
61 27 70 81
52 28 48 98
32 33 23 91
65 35 62 61
66 85 31 80
48 59 47 42
92 84 21 45
59 12 86 83
63 17 92 26
35 84 92 94
61 10 96 66
53 88 47 15
37 89 89 35
65 13 27 10
64 51 32 85
74 82 46 52
14 33 28 84
27 91 67 90
26 40 33 56
43 96 26 98
33 31 49 30
24 44 80 87
74 58 85 72
19 76 73 58
93 50 53 10
68 19 32 43
27 20 71 67
97 84 23 67
98 33 38 10
82 39 57 18
34 34 30 32
62 83 35 81
41 76 25 21
44 88 38 100
87 54 41 13
55 25 92 73
16 50 73 45
89 73 47 25
69 32 38 54
30 39 48 30
65 16 91 14
17 19 100 31
64 64 68 25
42 72 30 78
46 31 88 45
49 59 25 43
35 40 41 38
54 20 46 48
66 70 86 90
16 26 50 93
63 77 91 55
11 51 90 38
27 55 12 86
18 54 42 38
53 28 59 49
94 58 27 43
77 78 98 72
71 19 21 99
31 64 19 19
20 50 19 82
90 38 98 89
68 80 44 45
80 25 99 32
20 78 40 36
41 39 75 80
47 31 76 20
74 42 15 69
12 38 86 36
83 15 44 40
21 46 86 79
74 11 57 24
90 27 82 30
87 83 64 76
20 25 46 100
35 21 31 64
86 17 66 34
65 76 75 42
23 17 84 61
37 21 38 67
82 63 84 55
43 53 31 83
38 38 30 46
63 34 52 95
21 31 29 34
45 91 60 53
85 14 94 18
64 93 44 35
87 44 83 79
58 61 75 41
60 60 49 50
66 14 32 11
19 54 12 33
22 44 94 60
38 99 52 99
76 76 64 38
18 98 28 96
68 62 54 57
98 80 77 59
36 58 31 48
13 16 57 53
39 94 87 12
16 98 84 19
86 94 71 89
38 48 81 28
33 48 73 65
92 90 75 95
71 99 92 76
38 65 38 80
26 57 78 11
34 59 20 13
86 52 81 95
90 30 92 35
52 39 12 78
74 55 61 93
22 60 56 81
12 84 15 23
56 51 37 95
58 63 89 13
70 82 26 44
76 62 100 38
25642 18485 14545 9582
69 20 17 63
73 70 50 60
70 46 21 15
45 80 83 40
60 70 19 18
39 95 78 94
10 83 18 46
55 78 27 48
74 87 19 93
68 55 19 76
28 43 18 46
35 41 96 32
69 92 62 11
76 42 75 30
97 72 86 16
29 47 49 24
76 56 23 82
87 78 83 22
43 45 68 95
15 16 15 14
86 27 64 41
80 14 34 27
32 89 46 45
38 92 61 52
57 66 100 86
74 28 30 25
84 68 46 100
31 35 28 15
77 51 89 88
69 92 27 57
87 90 73 21
60 47 38 59
37 41 91 82
80 20 83 95
73 49 20 69
70 93 55 100
10 37 18 58
62 58 45 53
47 36 29 46
63 39 21 48
24 28 66 55
99 87 38 71
14 26 20 65
84 53 100 63
58 24 66 79
64 68 21 94
59 64 79 98
68 86 38 19
87 45 57 79
68 50 23 85
91 49 13 55
71 38 95 42
35 93 91 41
54 68 27 81
46 58 92 19
100 98 84 58
95 95 54 73
95 16 92 48
75 10 76 49
25 11 68 55
54 79 14 41
52 53 15 30
97 11 33 52
22 83 96 28
80 30 47 96
40 19 30 39
59 73 21 51
12 50 55 55
23 84 71 37
85 81 16 81
29 49 81 72
91 16 37 44
99 95 29 19
10 59 61 96
81 80 49 97
94 74 26 59
25 66 63 12
55 17 69 28
71 73 53 77
68 58 22 80
27 75 64 42
71 24 25 11
88 13 75 44
40 75 79 100
76 76 13 19
15 79 24 28
88 36 16 80
56 68 39 81
93 80 77 46
90 32 31 43
60 27 34 49
71 38 25 31
29 23 40 13
16 90 10 30
54 71 27 96
76 30 64 52
29 60 95 98
59 14 76 33
38 12 43 35
23 86 55 12
90 66 41 52
31 47 58 10
64 12 62 100
23 85 79 58
48 57 46 79
32 29 56 88
100 38 48 58
50 82 12 89
67 39 47 65
28 19 55 85
73 73 39 97
64 68 29 97
49 64 28 57
20 57 77 81
87 56 17 60
56 19 99 53
88 61 89 77
71 38 38 27
29 56 71 30
50 96 39 96
14 57 88 82
12 39 100 49
71 44 53 96
65 72 42 79
38 70 50 73
29 17 88 29
36 20 50 81
69 38 33 74
26 78 38 76
49 78 82 49
64 13 26 77
82 12 90 53
23 26 59 38
58 29 53 11
66 20 42 65
48 30 96 19
64 76 90 61
77 16 100 58
80 62 62 71
41 66 23 62
80 40 80 43
25 94 73 26
26 71 80 93
25 58 92 35
23 14 55 23
77 95 61 22
67 88 21 98
31 22 15 80
43 72 40 53
42 94 73 98
89 87 24 91
53 70 100 39
19 28 31 99
78 67 25 68
75 38 44 42
83 36 46 88
69 18 74 67
13 59 34 25
91 72 98 17
54 31 43 24
90 98 80 16
74 50 10 58
84 14 73 21
75 84 57 10
56 24 10 95
28 36 65 61
23 37 73 65
54 67 52 99
66 46 51 85
17 70 46 44
23 10 98 63
31 38 19 97
91 82 79 22
25 51 36 99
95 91 77 58
33 10 89 37
28 82 83 71
29 87 94 82
94 48 35 23
89 13 44 11
28 60 76 53
53 34 16 73
27 86 93 91
97 38 19 72
47 92 10 64
59 92 98 39
43 63 42 79
86 72 57 35
30 12 88 84
67 36 53 15
61 16 37 60
98 58 97 100
26 70 63 41
47 45 73 73
82 57 55 14
64 64 97 19
59 41 30 23
84 32 29 42
58 24 87 73
83 45 50 76
78 45 27 91
23 63 50 48
97 84 70 46
58 83 37 100
34 13 89 18
90 41 39 98
89 60 79 24
67 30 33 31
100 86 54 44
32 84 20 74
88 35 79 49
31 75 12 99
95 17 18 12
68 34 25 55
54 31 23 12
86 57 69 77
37 52 58 52
91 68 62 26
87 38 20 41
66 94 42 38
38 44 30 69
25 41 65 49
82 45 43 77
27 37 10 19
95 37 97 67
78 88 30 35
68 27 18 85
89 99 80 76
18 20 19 84
22 88 36 87
74 41 73 54
89 42 64 92
59 72 91 61
85 62 79 44
34 17 53 47
42 87 30 75
40 27 71 45
41 91 81 52
69 15 33 16
86 32 17 27
67 40 57 38
88 10 91 89
14 23 86 21
50 73 51 92
27 67 44 35
55 49 20 88
86 63 34 21
24 51 47 12
100 30 62 62
22 76 48 80
26524 21301 15845 10203
53 77 51 33
14 66 65 56
73 31 40 82
48 91 48 51
22 52 36 24
55 39 24 47
91 68 79 41
68 80 39 31
11 87 82 67
31 65 94 88
61 93 51 61
51 22 90 27
21 43 56 52
24 47 18 59
73 64 28 29
98 59 66 100
58 63 81 19
91 43 44 46
12 23 64 62
10 45 61 47
21 43 89 12
50 37 78 65
10 95 99 72
86 84 36 60
39 48 40 86
19 80 91 58
67 24 77 90
51 92 84 42
13 23 93 100
54 98 90 96
49 50 22 83
73 30 97 44
83 46 77 66
83 79 51 69
50 74 79 31
64 55 56 61
76 26 38 36
76 10 59 58
69 54 84 78
86 25 73 49
33 75 29 98
41 78 35 39
100 62 26 56
16 15 32 75
43 39 18 25
98 37 81 92
16 34 60 44
85 13 67 72
44 87 100 87
28 66 21 67
82 21 14 46
87 20 44 52
23 39 63 24
60 57 30 61
33 52 91 72
64 86 72 100
32 15 70 47
27 93 90 22
43 47 77 10
21 46 88 56
69 63 92 68
86 30 99 14
51 68 51 81
97 57 25 54
21 58 77 46
72 72 31 87
72 25 75 91
91 63 62 68
54 75 24 49
60 49 99 45
100 14 82 83
19 43 44 85
25 73 74 43
92 100 62 10
51 14 82 57
19 97 49 43
70 57 54 41
90 35 87 21
90 92 34 86
96 90 55 71
67 52 18 98
87 30 81 22
50 67 98 51
10 99 63 13
49 36 83 91
39 97 33 12
13 10 58 10
67 81 37 92
21 15 51 31
26 91 46 32
64 86 77 53
66 59 73 81
51 84 78 49
23 32 93 41
10 55 100 58
96 43 44 74
95 90 67 23
87 71 51 91
31 61 75 47
34 55 77 99
82 95 32 29
21 79 77 15
80 36 75 82
57 22 10 82
33 51 71 47
14 20 81 14
12 46 35 80
25 35 42 81
41 51 92 43
23 27 89 39
93 80 35 13
52 93 27 82
59 92 29 30
50 70 48 98
44 72 67 68
10 37 87 35
89 37 56 87
79 20 28 84
83 87 11 89
35 27 37 45
19 15 79 57
23 69 43 74
57 47 95 35
75 29 96 40
99 58 45 94
36 32 88 77
58 37 60 48
95 22 11 76
80 63 86 78
21 76 87 77
22 70 98 19
83 35 54 79
42 16 82 69
52 79 51 35
93 98 34 90
14 53 20 72
18 24 41 63
72 71 88 64
92 30 98 53
33 16 38 12
24 13 100 54
93 31 59 89
31 60 43 41
75 66 85 32
67 19 53 19
27 55 23 95
20 30 35 63
93 12 29 49
57 33 27 11
32 82 93 72
67 28 73 70
81 73 26 60
95 70 41 88
46 60 54 79
14 75 85 65
27 69 31 28
22 63 97 99
34 16 68 92
73 29 19 72
34 79 20 53
17 49 46 63
20 24 18 92
83 88 46 91
65 28 85 91
38 86 86 20
18 42 66 79
95 67 71 88
65 75 16 85
79 67 13 10
74 59 98 95
92 19 72 76
67 43 86 42
69 73 23 70
53 59 53 89
71 68 81 35
70 65 93 23
66 76 32 85
24 23 74 57
69 20 33 99
55 65 99 76
20 74 84 96
38 62 40 60
15 44 74 63
24 29 22 32
72 58 68 37
46 96 41 75
53 26 15 57
21 40 83 99
74 85 89 33
73 68 85 42
44 75 79 45
19 60 43 54
62 43 48 58
95 49 52 68
29 76 38 56
27 36 35 90
35 48 94 68
28 52 85 57
32 63 75 86
78 27 71 44
34 85 12 46
71 39 78 72
58 80 76 79
38 82 54 18
74 73 74 61
86 56 70 71
46 19 28 40
63 12 32 34
63 92 35 63
25 40 48 14
92 39 52 55
49 73 45 95
60 67 61 86
60 76 61 86
68 60 95 13
57 50 92 34
85 91 92 68
81 75 94 51
97 73 69 99
78 40 55 76
12 20 17 78
63 22 70 12
79 38 70 35
98 71 40 36
37 100 38 17
73 43 69 15
97 62 23 76
49 65 91 34
64 48 45 66
47 73 31 88
56 39 25 53
33 17 13 59
36 43 38 52
96 15 76 21
15 61 68 67
19 61 27 38
13 67 64 31
13 32 62 57
19 49 55 47
20 24 18 12
98 71 60 50
47 94 96 18
65 79 73 70
83 90 58 12
20 95 95 97
27 100 48 84
38 68 42 41
70 14 74 19
55 27 21 65
76 31 52 30
23824 19044 13588 9713
82 36 40 15
28 17 91 43
47 55 33 92
43 38 59 87
90 27 86 83
40 67 51 25
96 86 17 57
91 89 28 74
10 99 47 10
31 89 51 68
75 45 87 57
90 11 99 25
56 91 34 69
69 45 73 20
58 69 86 15
93 10 13 13
89 17 58 94
11 39 59 48
31 54 92 65
63 70 82 56
77 97 68 16
42 37 69 61
14 36 14 71
92 76 54 84
13 63 33 23
24 47 65 43
64 38 33 33
47 38 69 64
35 67 69 10
95 19 55 28
61 30 60 87
48 53 95 37
36 68 46 87
96 81 68 30
62 15 82 83
22 22 24 26
29 66 62 44
46 95 82 85
71 63 52 58
87 68 61 63
41 96 69 17
57 76 64 63
76 35 12 26
56 64 18 42
15 91 17 41
42 17 71 95
77 77 11 83
77 45 98 61
16 30 27 27
23 94 67 46
97 20 78 69
45 94 13 27
88 96 77 65
35 46 19 100
97 44 73 76
92 45 57 73
34 39 77 44
65 88 41 84
32 29 41 30
65 27 92 18
16 63 23 44
78 36 70 39
20 32 52 50
17 24 10 24
91 29 88 72
52 53 49 69
14 31 19 55
13 26 53 85
66 42 34 51
20 23 48 75
39 84 77 98
58 10 51 50
60 79 23 60
12 30 75 84
60 48 45 39
73 25 89 90
18 12 75 98
50 46 41 33
46 98 70 23
77 10 23 29
72 36 89 57
71 96 67 79
56 62 62 85
72 41 14 27
23 19 75 61
83 47 100 95
78 14 97 81
23 26 40 66
15 90 70 70
31 77 40 70
53 97 20 14
88 39 34 45
60 55 73 12
15 30 65 83
30 63 40 56
33 87 38 42
84 74 60 15
88 99 33 22
54 40 85 33
21 96 46 74
22 44 26 10
92 17 21 55
39 59 69 97
74 45 83 46
54 13 23 69
63 59 86 22
64 28 69 48
29 20 94 31
70 50 10 96
36 92 89 91
92 10 36 69
19 75 41 64
81 64 77 60
23 38 51 38
44 20 94 46
41 86 88 87
11 47 24 11
66 75 30 79
76 12 16 93
94 92 83 56
82 37 48 71
41 37 45 77
46 44 25 77
78 72 70 17
73 54 21 59
74 44 50 90
66 74 37 21
86 61 67 52
76 68 25 61
46 78 99 88
49 64 10 24
45 54 25 10
19 45 36 64
38 89 17 72
52 54 68 36
61 42 98 18
51 54 23 60
36 41 91 24
53 58 61 75
78 36 38 34
18 82 75 55
85 39 89 44
36 31 52 58
66 64 51 45
35 76 98 17
91 35 42 88
18 93 79 71
66 56 10 33
70 75 60 46
92 17 13 55
94 91 10 82
50 29 93 16
40 15 90 65
70 12 94 11
39 32 41 22
30 72 72 70
57 16 31 69
95 100 48 77
25 34 10 99
74 48 21 31
43 51 74 65
84 33 56 28
34 70 16 19
38 63 54 64
64 34 29 53
74 86 19 45
14 27 41 75
19 88 42 84
20 38 89 69
84 89 35 85
26 53 38 81
53 60 45 68
22 38 36 25
92 43 55 66
17 59 16 99
61 66 49 22
48 82 80 65
23 74 38 93
39 11 56 68
65 90 36 97
30 88 74 33
98 99 79 84
86 67 14 14
86 63 78 86
38 31 92 10
11 59 16 63
40 98 97 64
69 72 31 14
38 78 54 10
76 44 12 77
37 24 89 72
64 89 41 81
92 95 63 97
92 96 63 88
92 10 19 70
22 39 34 16
38 38 66 95
45 29 11 57
96 51 51 20
37 86 72 24
37 20 91 75
88 28 97 24
43 96 41 68
94 45 41 90
13 63 23 45
95 99 47 34
49 95 66 38
44 73 64 42
23 13 15 58
51 36 22 17
41 96 91 34
62 65 26 81
98 56 42 26
71 11 97 74
17 53 29 80
66 71 22 83
56 76 20 53
71 26 27 84
16 96 13 42
97 47 54 73
77 81 54 32
22 70 48 61
39 66 84 96
69 67 55 39
73 54 39 83
12 39 12 51
67 42 70 94
89 33 19 51
47 96 93 43
18 65 83 44
96 47 92 81
18 23 52 63
27 71 44 98
79 38 24 38
36 50 57 17
43 14 78 35
43 80 57 90
77 10 70 78
44 100 84 93
18 74 35 89
52 44 53 21
11 97 73 50
72 17 83 78
56 64 63 18
21 82 98 85
32 25 36 53
70 70 65 41
38 53 47 29
77 29 21 64
60 99 78 30
25907 20862 15038 9301
40 100 47 92
80 45 58 39
54 82 12 42
52 37 10 71
78 35 35 69
45 85 73 54
36 73 42 34
75 85 10 60
46 24 100 34
67 46 39 92
46 12 35 50
33 33 78 33
27 71 63 27
91 34 40 79
42 12 95 53
17 43 27 70
80 53 24 73
33 79 76 85
90 77 76 71
30 62 46 42
17 31 43 79
80 47 50 52
47 77 42 78
15 52 33 70
92 87 65 18
37 75 25 99
85 71 81 29
75 46 77 32
13 75 75 95
77 17 52 63
64 85 92 94
93 47 57 68
54 24 15 50
98 65 27 40
65 29 93 44
38 91 59 84
89 37 31 47
22 15 68 71
98 86 48 12
74 78 20 43
27 59 34 92
51 61 49 77
11 22 46 98
72 77 19 92
67 20 93 24
60 56 39 23
32 37 89 42
31 68 50 69
62 62 95 39
30 54 40 55
90 58 78 42
41 42 34 58
90 38 80 24
74 69 98 24
96 26 25 61
77 40 35 18
14 15 58 34
43 88 74 16
63 65 59 58
91 40 14 11
75 43 88 94
24 86 16 45
76 93 67 41
92 94 93 94
29 32 22 99
40 84 92 47
69 61 29 20
13 17 72 66
50 58 54 49
39 13 89 71
77 64 47 72
14 47 10 48
43 41 85 98
68 69 53 26
91 65 54 86
81 83 36 84
59 99 73 76
16 22 77 62
38 72 60 89
92 45 80 54
69 52 22 38
74 27 72 79
72 25 95 84
37 43 45 33
58 39 100 12
29 43 54 82
61 63 83 98
100 12 81 92
77 46 87 97
30 80 28 21
54 59 38 58
67 76 24 89
11 51 39 93
42 32 62 89
82 72 77 37
45 63 29 69
99 51 87 95
18 98 29 45
59 64 17 32
33 23 87 40
86 36 22 26
89 50 44 42
70 77 97 95
95 95 16 50
22 94 39 53
35 30 86 33
70 36 36 56
68 62 42 68
49 18 63 46
76 62 18 24
99 97 88 15
76 62 10 82
69 15 47 80
22 17 84 14
77 39 23 27
14 74 20 92
25 78 88 55
64 95 51 10
95 87 75 46
87 79 63 90
38 15 73 37
76 68 20 66
67 79 90 94
73 90 24 65
74 87 44 87
56 99 60 54
99 75 27 62
18 49 55 49
66 83 77 29
61 90 79 78
36 10 46 56
34 49 20 70
93 59 11 58
49 17 32 95
18 42 87 64
91 82 86 44
61 32 49 90
18 43 33 84
57 23 21 40
96 99 50 70
87 62 100 27
36 25 78 46
64 50 81 19
69 70 47 31
68 19 41 62
70 23 68 38
25 10 93 46
28 94 98 73
26 59 22 76
56 61 93 22
76 34 70 55
78 88 90 57
61 68 63 31
65 47 27 36
68 48 45 72
89 72 85 70
80 81 13 56
20 61 43 49
96 51 95 33
67 61 44 61
72 41 43 56
14 26 14 59
94 95 80 67
61 16 39 82
78 52 13 52
32 14 42 17
39 73 70 80
61 80 13 80
70 65 22 96
68 21 64 47
82 39 47 24
61 39 16 14
96 88 47 95
43 67 63 54
66 72 32 38
22 54 92 65
29 78 94 38
43 63 50 62
12 93 47 74
68 25 54 50
77 61 55 15
25 43 56 20
56 84 88 43
38 78 52 100
12 38 89 54
68 62 53 44
98 64 10 23
82 82 42 13
24 31 19 39
52 23 52 20
31 24 69 46
58 76 90 40
50 38 20 16
26 22 69 13
68 84 28 57
41 20 99 81
53 13 50 78
44 59 67 42
90 52 91 62
79 94 65 85
43 90 82 60
96 56 70 95
83 90 27 89
16 48 66 83
83 64 83 73
81 48 26 80
28 15 22 43
24 95 83 61
38 59 39 14
62 51 26 30
98 88 56 70
83 60 85 30
92 73 14 64
92 49 100 51
43 45 40 35
20 32 100 41
53 26 53 91
95 92 35 85
32 41 59 50
39 60 100 42
78 62 33 19
33 93 99 77
33 68 36 85
99 25 68 99
44 92 97 28
81 94 74 38
45 93 17 62
43 16 59 68
12 77 70 89
67 13 100 36
27 24 48 23
26 95 92 52
42 69 62 72
43 81 74 68
36 79 80 45
33 11 81 91
47 47 85 11
34 27 50 47
26 12 70 30
26 36 83 85
96 45 93 87
80 69 99 60
77 95 52 59
91 61 82 11
51 19 83 15
68 24 34 24
90 20 23 100
59 76 90 35
85 54 97 60
86 89 16 57
25202 20848 15305 10206
26 46 40 27
18 98 77 43
86 47 12 53
50 11 93 14
69 41 44 19
58 28 80 37
47 36 100 28
76 41 56 64
47 47 78 53
94 82 22 38
70 54 62 26
29 15 63 23
76 80 55 15
89 53 100 61
87 42 93 30
83 71 32 75
84 24 20 62
29 82 71 51
22 59 87 81
60 42 19 37
81 73 13 77
39 41 51 41
67 45 24 85
69 86 51 94
13 58 23 60
21 59 59 96
35 100 100 87
42 35 98 78
76 76 20 62
91 22 27 32
70 17 86 56
23 48 21 56
61 15 56 61
37 99 23 26
70 48 16 41
100 76 34 59
97 97 30 68
74 15 12 34
18 12 86 67
77 71 18 48
90 29 75 60
94 79 50 78
80 47 67 84
94 32 24 25
74 15 83 56
85 97 64 87
60 24 98 81
76 59 79 55
66 81 41 70
100 99 11 67
93 74 95 43
43 44 63 63
27 48 97 69
75 71 89 82
49 16 68 47
65 11 89 46
16 19 71 16
39 70 100 90
17 56 45 34
89 52 71 52
87 81 73 62
88 60 33 40
55 29 35 12
47 76 69 54
58 15 14 71
13 68 17 11
19 76 19 33
82 77 66 72
45 80 82 59
79 100 19 90
34 26 32 48
60 73 40 88
50 78 11 20
61 87 68 97
92 30 55 24
32 34 76 42
27 65 100 87
52 19 52 24
30 65 75 58
75 84 53 49
12 56 62 23
85 52 49 84
14 56 52 23
48 63 95 11
28 99 51 59
57 11 58 79
15 61 15 81
80 30 99 64
72 30 58 21
15 85 59 34
87 60 12 11
77 30 37 54
74 88 64 54
57 20 48 32
46 16 30 74
66 91 80 70
53 18 17 37
59 59 82 51
40 16 32 39
78 24 87 46
41 82 30 18
93 95 33 17
45 86 72 37
77 79 24 69
29 40 39 12
90 55 35 26
20 88 93 36
12 73 96 67
33 82 71 31
92 90 37 48
74 48 40 30
37 17 75 55
62 27 51 18
30 84 54 13
72 17 72 87
45 74 25 94
20 13 35 12
93 78 84 36
32 80 84 36
83 70 28 69
75 59 62 51
100 93 70 66
92 66 14 97
45 48 48 47
88 74 75 14
58 56 49 82
13 85 64 98
49 21 97 95
53 60 20 12
41 10 60 86
55 73 96 49
46 32 25 64
17 39 86 73
24 86 88 66
50 89 83 93
78 60 80 98
51 60 29 82
16 83 67 60
36 60 91 14
79 21 32 25
33 23 62 96
100 23 90 54
15 58 99 76
44 75 33 68
36 81 49 55
11 75 83 34
26 20 96 80
87 63 63 77
76 100 16 22
35 62 45 47
32 79 17 16
24 60 46 27
26 13 42 34
44 79 88 34
82 65 49 78
17 54 74 59
46 48 28 88
33 85 49 20
26 11 99 51
88 30 78 78
84 20 79 42
46 65 46 96
77 76 51 19
61 48 63 66
70 47 34 91
51 40 55 23
38 22 16 87
32 89 99 17
25 32 46 62
97 21 34 90
100 52 31 69
58 42 19 57
44 94 84 93
21 70 60 45
93 35 57 48
62 56 52 62
92 59 46 53
12 52 28 63
41 60 83 59
11 85 36 68
53 14 98 31
28 62 73 88
11 54 100 91
86 33 14 17
88 92 65 66
32 50 62 39
93 30 40 58
32 51 93 51
44 75 26 16
49 83 88 79
16 32 89 11
88 66 41 67
53 70 55 16
20 79 37 16
76 67 93 54
40 94 39 36
53 10 10 18
94 19 53 24
34 96 95 93
14 56 16 61
84 37 46 57
91 23 93 62
81 99 98 49
29 43 29 45
47 12 78 87
44 95 77 31
56 38 66 74
79 87 46 36
79 16 62 59
60 79 56 45
12 88 21 12
46 66 56 77
90 12 50 92
76 87 46 72
20 31 87 44
50 96 63 69
10 17 50 72
17 65 22 88
82 39 43 65
16 13 33 41
79 56 25 71
46 16 22 61
56 55 11 66
73 94 89 63
46 21 55 99
41 22 38 78
41 60 70 74
68 36 45 95
53 49 71 66
69 98 93 93
43 17 77 33
66 61 31 20
73 52 67 50
72 81 65 81
99 56 41 32
13 56 86 75
12 57 25 16
87 51 85 28
90 64 52 32
92 51 95 87
72 95 12 69
32 63 56 95
52 16 69 53
46 100 83 73
30 18 44 100
74 12 89 43
79 92 100 60
98 47 51 70
19 56 84 88
82 42 57 12
26067 20806 15453 9200
28 90 80 14
65 51 11 80
83 37 34 10
44 40 16 79
44 20 84 99
28 62 43 22
76 18 34 70
39 75 73 93
52 55 81 15
99 39 64 49
10 93 79 50
46 49 99 72
60 14 99 20
30 31 25 91
29 61 33 22
50 40 32 33
26 74 32 78
100 24 69 84
88 86 54 34
44 10 76 46
10 57 25 51
53 62 69 66
68 14 48 77
66 82 45 47
38 45 24 58
93 55 20 46
96 43 22 30
12 12 90 14
100 95 40 44
72 77 18 63
80 68 84 69
18 60 50 23
19 74 48 63
54 20 84 80
21 15 12 58
58 36 38 65
40 31 95 45
100 48 37 64
17 68 51 40
84 84 73 15
96 81 75 43
94 17 79 52
93 93 16 78
94 77 39 27
93 14 91 14
74 85 59 64
14 58 78 62
31 95 69 37
33 32 52 57
58 37 27 26
26 83 33 77
79 43 81 69
21 54 60 87
87 92 92 86
55 34 96 74
35 44 33 14
18 24 21 23
32 38 94 14
93 56 16 37
69 71 98 75
91 58 96 20
29 11 41 44
85 40 32 61
49 25 97 72
50 50 66 90
35 98 58 72
31 19 48 37
73 13 60 55
64 90 38 19
88 100 17 15
51 25 97 28
82 53 100 11
21 30 62 59
73 97 75 84
83 89 57 31
56 32 70 34
20 29 74 80
95 32 26 61
11 98 80 72
16 49 79 29
38 71 98 20
77 66 21 55
52 59 70 22
27 71 96 94
69 21 18 12
30 55 61 20
68 80 88 82
93 54 66 94
44 37 54 74
77 85 63 40
36 52 70 82
52 40 62 48
81 77 31 37
55 70 85 27
58 23 11 71
19 91 77 63
45 12 15 60
59 87 10 53
35 66 78 88
45 50 100 79
54 85 80 84
60 57 49 94
55 32 46 48
21 32 24 18
38 74 28 42
36 63 96 63
33 77 68 83
60 88 62 53
42 37 44 15
79 63 94 88
46 47 89 90
30 26 77 77
33 26 43 79
56 68 68 87
39 90 94 60
72 81 72 22
38 21 88 56
75 29 96 22
58 45 94 65
69 68 93 36
32 33 67 61
81 49 69 58
64 54 53 23
87 57 55 76
76 63 28 85
40 71 42 22
58 13 57 84
36 45 99 81
54 35 28 60
33 93 76 81
69 49 63 87
62 79 91 13
59 42 72 60
42 29 97 72
28 65 75 10
57 11 98 23
28 77 87 23
74 83 37 76
34 96 24 86
91 92 47 34
69 63 55 30
71 32 18 27
34 21 34 70
82 67 93 51
40 51 56 32
15 24 100 20
38 32 79 97
87 76 18 58
42 65 78 87
72 24 99 62
51 83 12 46
30 75 35 98
43 12 46 84
14 97 58 97
32 89 10 94
39 25 54 90
14 85 21 55
47 33 21 13
81 35 62 97
36 66 93 17
48 49 15 39
36 29 37 54
58 90 95 79
83 15 73 41
46 48 98 91
76 73 54 93
44 70 84 13
73 75 53 99
75 66 45 36
22 41 61 63
78 63 84 71
96 28 76 16
62 53 43 70
87 47 12 18
73 69 30 28
23 76 32 81
19 81 19 12
52 65 23 32
80 94 66 83
43 54 75 78
54 41 84 34
28 13 61 17
40 70 41 84
56 61 35 46
80 81 19 59
91 85 42 28
74 19 57 10
40 13 64 55
54 34 82 51
63 31 46 54
54 34 43 98
52 48 99 68
79 83 48 69
85 56 57 10
90 26 17 69
56 66 60 28
67 18 60 30
77 55 75 31
11 79 60 53
11 36 67 78
86 51 73 85
69 92 33 65
57 47 33 47
93 64 16 95
34 72 18 18
31 40 29 85
62 55 46 24
60 22 87 12
88 62 77 23
44 23 32 50
41 76 14 76
77 75 70 38
45 14 38 71
27 89 52 77
23 31 44 35
66 90 79 69
99 13 30 100
100 68 60 26
20 26 93 49
65 45 100 14
17 96 11 98
11 20 100 70
11 23 66 15
19 74 84 11
21 97 81 38
75 77 33 32
79 36 54 12
48 67 12 63
24 94 10 13
21 57 65 68
54 65 73 21
34 67 58 46
26 85 38 75
39 96 25 30
63 40 10 57
52 50 90 12
24 68 83 33
72 40 44 70
66 89 53 25
68 74 68 13
32 41 38 48
87 52 50 89
36 72 66 57
30 100 65 19
51 14 36 60
97 93 24 71
48 89 33 23
37 42 38 96
44 73 95 21
17 85 41 24
26133 20284 15717 9257
48 61 79 53
73 57 18 88
42 37 88 15
54 84 82 10
94 13 56 68
42 46 10 13
40 67 89 86
68 47 12 23
79 74 35 33
17 97 32 49
19 70 91 15
47 52 97 94
47 23 16 82
92 20 54 50
79 99 98 77
56 21 51 29
19 21 99 12
14 72 79 44
53 56 53 35
75 61 62 84
47 50 73 76
16 76 44 59
54 75 66 15
44 57 85 21
47 87 14 67
16 50 80 73
78 32 74 58
45 47 64 72
95 46 95 91
21 70 37 21
49 72 17 28
97 66 89 31
38 55 27 56
100 12 81 26
86 25 14 70
86 33 61 38
37 44 20 29
58 28 27 44
91 31 35 55
44 60 34 41
12 40 45 67
10 61 49 58
88 13 52 80
87 45 81 84
54 26 21 26
72 18 87 57
65 33 21 63
56 95 48 56
57 85 84 49
85 15 59 90
13 52 97 68
55 59 36 59
23 57 19 72
19 13 47 11
34 91 72 85
89 62 74 52
61 87 32 14
26 62 98 18
64 89 95 83
81 47 71 25
97 50 69 85
47 73 82 29
41 58 63 49
85 22 59 17
96 89 47 19
88 36 16 76
64 33 48 24
32 92 99 50
100 76 64 13
39 76 24 32
98 75 76 76
48 96 69 14
70 30 20 18
20 70 66 23
35 56 37 48
84 52 100 41
56 42 67 32
67 81 54 30
92 70 85 99
81 64 62 99
90 74 97 44
62 83 20 89
27 30 32 27
40 85 91 95
31 97 12 42
11 10 10 22
48 32 48 46
53 76 76 45
20 15 90 67
56 28 91 74
22 29 13 94
93 20 32 65
56 77 81 21
65 17 99 88
61 40 92 84
22 82 28 73
22 60 86 48
50 70 63 85
14 57 26 44
88 49 76 81
36 29 32 14
22 97 63 23
91 86 29 20
42 94 88 52
39 50 26 87
56 30 66 19
74 18 95 60
28 82 81 37
73 55 14 75
18 42 13 83
16 47 63 41
26 70 31 70
80 64 49 36
46 67 54 10
55 93 68 15
24 62 37 62
28 48 89 73
43 70 100 21
66 67 14 44
78 32 99 43
37 19 45 24
64 56 22 60
82 65 89 17
90 87 97 75
37 21 42 50
69 89 68 45
85 15 15 32
87 45 14 43
54 78 56 70
34 69 28 52
40 47 60 30
30 43 81 27
41 71 78 55
18 16 27 30
76 93 71 72
82 29 39 82
38 10 38 87
19 62 60 78
13 46 89 98
46 96 56 79
54 34 84 92
30 28 53 95
48 12 32 60
19 14 29 63
32 81 35 13
62 62 56 20
96 47 39 57
96 93 12 78
30 69 82 31
34 46 28 28
36 34 10 31
85 63 29 52
53 27 40 80
100 71 95 64
57 89 49 62
24 58 100 43
28 32 27 47
44 24 32 25
95 26 64 34
76 72 60 20
70 68 79 31
59 13 81 91
16 80 27 30
19 20 54 67
37 39 98 44
13 85 93 96
74 34 69 86
20 98 82 24
70 70 19 24
50 80 84 47
10 77 16 18
77 58 37 41
49 37 26 25
40 52 56 55
57 19 59 33
14 99 52 37
20 61 93 55
25 82 94 70
70 30 77 26
96 39 70 48
16 67 73 64
46 34 50 86
11 33 13 39
10 94 89 65
29 65 91 47
26 22 56 64
63 14 75 39
40 16 65 33
76 100 52 100
57 57 24 56
96 65 94 13
67 13 69 92
56 87 32 78
43 74 66 50
69 18 84 78
97 45 83 30
12 28 58 30
51 41 72 16
73 53 63 83
44 37 35 60
94 49 95 85
57 29 92 88
71 13 72 26
74 67 20 44
51 62 47 43
32 97 69 11
60 21 96 76
22 20 14 100
38 47 89 40
13 67 31 63
99 51 68 35
24 88 14 89
49 29 14 53
24 16 11 13
98 51 91 38
11 54 85 34
25 56 59 51
93 86 89 73
88 46 97 75
25 10 12 38
35 30 19 79
35 38 46 71
86 11 56 10
48 70 70 67
47 10 18 14
33 56 54 28
67 41 56 82
34 60 46 67
87 52 62 72
89 18 28 67
46 51 43 87
37 93 81 33
27 58 84 57
83 21 82 14
29 60 44 69
79 71 22 14
42 24 71 97
71 84 83 76
29 72 42 75
43 29 96 21
40 39 10 29
53 99 96 47
20 29 81 57
18 82 42 12
23 52 63 10
69 66 13 49
76 47 80 21
70 70 86 49
17 39 26 46
27 91 75 69
27453 20669 14948 9127
42 23 92 47
34 30 80 15
69 35 19 74
95 12 86 53
18 41 96 57
66 95 10 31
43 69 85 63
55 31 93 49
60 40 76 82
43 88 86 74
93 53 54 28
57 17 79 80
68 35 21 25
38 30 42 12
90 97 61 31
39 85 77 100
36 58 27 14
53 84 20 100
14 39 24 26
18 64 64 20
80 11 47 43
61 44 88 73
61 74 72 48
98 68 91 41
35 96 34 23
51 32 71 84
24 89 95 36
75 12 70 58
96 19 66 48
20 14 83 22
79 48 17 51
45 24 66 88
57 52 43 85
98 33 21 57
64 33 90 62
85 35 12 46
52 96 86 76
82 93 92 37
23 28 89 34
25 86 57 23
50 31 41 79
46 89 97 82
64 41 83 83
62 18 18 56
98 70 63 83
81 95 65 91
92 40 54 98
64 73 24 27
23 71 95 21
73 20 44 25
72 15 31 87
60 91 29 91
56 95 88 53
99 97 43 96
53 17 89 92
30 71 35 81
85 10 77 88
99 64 47 14
98 17 81 41
97 84 37 61
47 11 14 91
44 28 73 27
68 13 23 52
44 10 99 15
40 40 41 36
31 73 18 61
15 83 17 43
59 18 66 32
22 37 10 60
66 95 49 49
79 70 71 56
88 10 16 26
38 13 71 64
67 57 41 43
42 39 36 20
13 33 62 35
87 80 21 68
75 18 16 64
44 54 16 38
36 58 33 17
44 60 98 47
73 60 96 41
95 91 44 16
44 73 32 97
61 66 98 12
69 45 36 70
26 44 40 94
84 41 83 91
61 14 81 49
87 58 16 45
64 45 27 70
34 66 47 65
72 37 33 34
20 95 49 73
61 100 58 28
64 79 44 45
60 83 13 36
69 49 96 36
92 71 74 86
40 52 75 13
57 47 56 31
47 79 48 47
64 94 19 23
16 94 97 89
62 79 95 30
10 67 63 23
61 45 30 90
26 90 85 12
54 21 95 17
18 38 45 47
96 54 60 78
37 90 83 23
81 73 24 41
51 10 70 44
97 20 76 10
73 94 60 55
25 28 75 95
43 61 24 51
92 57 11 94
64 92 39 31
91 48 34 13
18 44 12 65
16 43 51 10
38 77 34 68
49 59 33 11
95 94 100 34
38 96 18 98
67 51 85 47
63 91 18 51
71 44 62 26
82 80 80 18
15 98 69 32
100 30 46 85
48 88 79 73
76 55 17 28
68 87 25 66
67 17 50 19
41 62 56 31
83 53 27 95
35 56 78 29
98 21 74 35
28 33 92 72
31 21 47 39
96 78 45 99
93 94 60 67
96 89 55 47
36 91 14 15
69 49 64 55
71 74 96 60
42 67 28 62
51 88 79 86
81 67 27 12
33 17 61 32
66 50 78 28
64 40 26 44
80 90 44 79
33 59 61 92
68 96 90 36
39 69 15 58
78 82 86 24
74 31 51 89
71 55 14 70
49 61 67 28
33 51 83 56
63 64 83 98
37 89 49 51
63 72 67 52
36 19 16 14
70 66 53 84
22 50 25 36
26 65 34 10
51 75 24 61
21 92 12 42
16 79 54 60
46 33 41 68
39 34 96 47
97 85 81 92
92 38 40 92
98 25 71 24
48 53 76 68
26 72 14 23
52 50 45 100
63 66 44 96
42 21 17 80
10 57 23 57
70 18 82 87
21 32 71 93
94 22 52 83
89 85 67 34
36 92 73 76
71 91 26 14
71 68 24 84
32 93 60 85
74 15 47 49
29 88 42 14
39 45 31 87
40 76 30 85
92 85 63 98
61 70 98 70
79 77 25 17
75 26 26 91
43 29 67 71
22 84 46 70
44 56 36 17
39 55 96 53
34 56 64 51
69 96 49 13
82 64 94 56
34 75 22 74
34 65 94 19
32 95 90 42
15 43 63 95
17 20 54 35
52 93 98 23
62 65 48 20
75 34 27 37
98 59 27 16
63 19 59 93
63 92 34 58
12 92 70 69
71 26 33 10
41 58 82 34
96 54 91 70
61 83 67 16
51 61 21 26
85 79 39 17
94 50 72 79
100 88 72 29
64 78 38 49
64 10 72 94
59 100 57 12
37 21 27 40
64 64 77 100
67 48 50 100
98 51 85 86
34 83 25 33
23 81 17 78
12 44 51 79
72 79 14 30
14 99 72 96
26 32 85 21
28 18 83 68
58 75 31 28
43 66 88 40
55 18 44 35
35 27 42 98
87 83 90 81
75 48 62 22
31 35 62 90
33 87 48 68
26787 21752 16555 10737
10 54 99 54
44 22 41 30
87 22 79 23
30 79 41 61
86 84 61 96
95 23 74 25
56 79 21 15
14 100 28 14
12 33 96 75
66 46 52 32
22 43 25 18
74 56 51 17
18 55 69 44
63 22 10 32
99 93 70 78
100 12 56 69
51 69 69 34
90 28 27 17
87 57 27 42
44 55 77 55
69 100 98 84
72 65 92 73
13 52 35 83
53 100 94 61
19 38 67 31
92 17 74 22
96 46 89 42
24 27 87 25
63 78 82 96
50 24 60 82
51 84 14 88
57 13 48 81
57 30 100 49
55 79 97 48
72 19 22 10
85 58 62 80
54 86 49 92
73 24 88 28
61 53 100 31
40 30 74 53
23 91 22 87
40 65 34 69
95 88 51 25
93 63 91 79
93 66 70 75
38 21 44 27
67 78 96 42
98 44 29 60
76 76 46 46
64 31 61 71
36 28 33 43
24 16 12 25
51 89 12 100
26 96 73 49
38 39 60 77
76 90 79 42
80 83 89 83
97 77 82 73
63 78 82 58
17 16 86 86
80 32 74 26
59 52 53 55
38 12 25 66
71 98 20 28
59 73 56 64
99 30 20 76
83 42 87 15
74 23 33 50
76 94 88 87
22 20 54 12
34 31 77 78
32 63 72 77
97 82 64 51
42 37 100 31
47 99 64 41
46 96 57 31
95 79 77 39
88 61 45 10
52 52 32 40
83 51 87 61
22 62 33 35
70 21 73 42
47 69 86 56
18 70 57 41
12 19 36 81
11 70 42 88
54 62 37 53
61 83 27 30
13 55 33 26
96 50 44 74
89 13 87 68
85 50 27 93
81 64 15 27
12 63 17 49
26 50 35 39
58 82 88 40
21 44 94 77
29 63 28 80
93 96 15 79
10 43 52 95
53 65 77 92
89 43 12 17
73 71 27 99
56 16 89 13
52 46 31 45
42 93 90 36
23 19 51 70
25 16 49 97
18 30 61 69
19 78 18 84
93 85 82 73
71 80 72 30
63 97 47 26
87 41 40 61
57 38 28 86
70 23 84 28
67 95 29 100
49 69 70 57
42 32 72 57
89 39 95 77
21 34 45 35
78 82 13 18
12 73 66 45
15 97 80 38
14 86 81 22
19 84 90 15
92 10 39 78
65 37 70 16
17 45 86 14
27 28 67 54
20 36 66 47
75 73 10 89
93 72 34 79
38 76 42 77
38 23 51 41
25 36 98 26
94 58 71 65
66 44 21 35
68 12 90 36
39 40 92 96
25 87 94 57
39 18 98 70
60 93 72 48
41 22 77 79
44 86 11 26
35 67 67 93
66 17 18 16
97 73 90 100
17 43 21 61
86 33 95 13
12 47 31 28
89 65 16 78
77 44 81 40
66 17 97 40
54 27 59 77
49 18 66 48
16 10 95 29
21 100 50 68
82 18 65 26
85 100 68 83
55 26 90 90
60 56 43 16
80 61 60 83
21 53 17 85
26 44 65 77
38 24 48 45
34 76 85 28
44 20 68 72
63 73 94 34
54 37 83 48
46 90 91 89
12 80 78 70
60 21 93 29
32 22 30 49
44 67 52 67
83 76 28 56
14 82 77 38
69 87 38 96
38 10 47 80
81 57 70 93
64 32 56 19
53 86 40 19
81 50 82 97
96 99 55 55
21 78 52 42
91 19 72 51
66 42 99 19
19 15 83 72
85 13 14 80
22 43 92 41
76 62 55 48
63 42 88 62
35 66 45 32
63 51 95 12
97 45 28 49
29 90 75 76
31 91 70 39
85 86 76 87
41 18 75 80
86 24 94 49
96 37 67 68
84 88 93 56
89 43 69 76
54 77 86 30
22 12 20 27
34 54 91 12
63 54 80 48
91 69 95 87
52 55 53 77
66 81 43 34
34 88 51 42
57 23 85 11
46 74 88 37
22 12 58 39
54 91 62 10
16 79 45 88
61 60 96 89
10 90 72 47
32 85 54 98
79 98 99 62
65 83 11 49
18 68 87 81
70 82 90 89
15 25 92 16
90 76 58 42
87 36 85 57
35 54 52 81
30 16 70 49
75 52 43 85
70 85 67 75
35 88 89 70
64 11 73 62
58 78 25 65
82 31 38 64
13 52 91 70
34 19 64 14
20 15 18 92
30 42 77 20
37 87 89 81
50 51 65 47
83 53 31 69
10 23 43 84
30 100 23 45
70 72 21 27
68 87 79 45
60 96 61 81
39 79 57 40
16 52 14 65
43 13 30 83
12 23 78 98
26616 21391 16476 10525
66 78 68 54
14 57 87 30
34 91 24 62
44 46 98 42
77 89 78 27
84 83 92 96
59 34 58 17
22 36 92 25
47 74 35 23
61 92 49 88
92 42 27 53
43 74 45 21
59 97 96 59
89 19 55 99
26 47 80 60
69 40 46 61
76 43 34 72
93 59 26 81
47 89 24 11
32 87 90 64
100 84 29 38
51 75 15 61
94 75 26 69
58 89 58 41
80 29 72 83
66 61 90 96
45 96 59 66
40 68 69 26
42 53 57 31
27 98 59 72
37 51 71 45
28 81 20 31
62 10 69 42
49 10 59 69
82 91 61 25
12 97 77 84
87 65 46 28
90 71 73 78
66 39 35 42
74 66 63 98
44 46 71 93
86 48 10 59
64 91 37 39
67 29 40 76
60 26 77 38
20 50 82 27
74 42 67 20
24 15 16 17
17 29 22 30
98 82 97 63
30 90 32 54
28 43 13 68
81 59 57 14
26 96 33 63
10 22 15 60
74 23 55 56
15 29 60 38
42 60 95 24
18 70 68 26
16 10 25 47
43 24 21 74
47 20 28 14
54 91 86 37
47 87 90 98
63 55 56 90
43 51 41 100
100 61 82 95
76 42 11 34
53 32 15 13
88 97 69 21
25 32 14 31
65 41 52 95
87 86 69 77
51 67 66 17
100 12 28 96
67 55 81 79
21 42 65 20
99 100 49 77
92 41 32 77
83 85 97 20
70 58 62 10
51 29 34 56
16 80 87 66
19 92 50 70
64 64 51 76
30 80 26 91
31 77 38 47
73 34 65 55
35 17 38 90
27 81 29 26
24 18 86 28
65 31 19 46
83 83 65 18
48 67 71 31
31 85 11 46
31 49 43 46
12 47 98 46
28 82 17 86
41 43 19 94
100 48 49 49
20 18 35 100
48 82 48 57
38 32 59 88
16 56 54 91
42 77 33 85
44 46 82 13
84 16 35 71
69 20 81 15
90 10 30 25
12 99 34 85
51 26 30 95
26 75 55 31
66 69 53 98
48 45 42 19
83 28 37 65
18 77 29 94
99 90 85 19
97 29 49 48
90 33 80 17
51 65 70 87
33 59 91 84
75 22 41 39
82 78 55 11
49 25 29 88
52 79 64 63
38 60 87 81
96 56 36 82
31 78 49 40
32 48 79 32
100 19 95 72
10 61 28 27
86 58 76 80
76 58 27 70
72 62 63 10
91 11 100 45
86 57 23 87
65 41 24 76
90 15 43 29
56 86 28 44
38 98 74 86
16 73 41 83
23 33 96 73
81 16 91 93
86 10 96 87
15 29 76 60
27 45 89 63
12 27 93 83
55 43 73 28
80 27 24 31
18 38 32 25
58 72 59 98
21 40 49 86
32 77 23 82
52 41 72 32
90 27 17 95
92 92 61 65
80 39 45 37
65 91 60 28
13 19 88 42
60 89 27 38
10 88 22 57
84 56 29 85
20 14 26 18
52 98 33 47
69 22 89 78
83 99 97 40
61 38 40 56
29 64 51 14
26 13 98 76
44 64 50 93
83 33 21 91
17 13 28 100
29 64 22 58
30 55 48 64
81 94 24 61
89 78 45 11
34 97 36 40
60 15 65 51
62 50 88 43
85 30 43 62
35 19 47 21
62 61 73 30
15 88 43 65
61 40 25 71
91 44 43 39
57 30 19 44
62 99 20 38
46 32 100 95
16 24 91 20
88 86 15 22
57 22 86 10
79 65 36 72
27 71 17 19
29 30 67 33
14 16 50 97
86 70 11 72
20 28 20 24
68 17 45 69
31 81 15 14
89 15 54 15
39 44 71 76
83 35 55 18
81 41 20 31
55 15 38 50
22 15 83 44
50 79 54 72
79 77 75 94
63 96 26 75
67 83 24 100
74 43 84 97
19 23 96 14
12 68 39 12
64 80 98 27
72 92 41 94
19 17 77 52
90 32 17 43
35 83 28 46
21 10 71 31
39 88 47 49
24 97 17 63
34 72 59 96
72 44 61 74
64 70 13 71
67 16 77 66
14 97 71 91
31 58 79 27
42 93 18 45
45 23 53 87
17 24 51 34
69 83 61 19
80 72 50 10
16 16 11 17
31 16 58 73
77 65 20 21
93 34 80 85
84 22 28 17
31 91 46 85
95 45 69 45
53 75 13 72
52 36 47 28
22 48 21 79
14 42 21 88
61 97 42 95
80 18 43 25
67 49 53 84
12 55 78 33
36 53 49 66
51 82 51 82
72 90 76 67
24 40 95 28
26096 20081 15594 9790
55 66 35 16
92 72 61 79
53 69 68 68
42 79 87 45
17 64 16 30
91 84 31 16
60 52 41 22
28 16 84 26
74 71 63 41
96 85 66 18
91 39 91 60
77 88 20 59
29 67 73 42
38 37 70 62
17 74 55 26
87 16 91 55
49 65 10 22
48 49 49 63
16 33 76 25
75 45 34 97
60 75 57 78
95 53 18 76
94 26 26 91
38 25 63 89
70 88 97 60
53 58 43 50
59 79 21 32
50 40 30 10
84 93 33 76
15 14 54 11
40 52 96 35
85 61 46 36
33 10 28 59
67 67 78 68
57 95 46 60
74 63 66 95
38 95 24 36
72 30 64 55
79 78 54 88
96 54 25 70
91 89 40 14
84 58 72 47
60 49 14 48
55 27 21 74
44 46 95 96
93 28 67 30
57 26 87 75
60 10 47 90
72 21 68 91
94 71 11 49
15 82 65 65
60 23 51 30
94 19 32 56
64 39 84 85
31 62 37 21
92 15 83 76
29 82 60 59
65 56 19 38
38 86 61 45
64 53 15 60
76 74 81 94
84 60 82 72
32 69 96 44
26 19 74 77
53 91 97 59
32 87 48 30
26 84 30 71
49 12 68 47
66 62 38 29
37 73 18 54
31 49 76 89
15 25 73 55
57 78 64 79
35 81 46 21
50 42 19 45
77 32 65 99
99 96 78 40
58 89 42 39
89 42 83 16
40 19 44 18
100 14 23 59
63 32 54 90
12 67 55 97
61 40 53 38
94 22 86 21
97 70 56 40
96 76 92 84
23 76 56 34
47 55 20 60
14 85 79 88
73 70 87 13
75 84 45 55
36 71 47 16
43 73 93 24
88 83 87 99
41 96 96 46
47 41 77 96
25 10 67 91
86 98 70 34
57 46 62 31
54 31 58 19
43 75 62 42
80 20 41 16
44 75 21 26
55 31 10 70
70 71 85 77
57 48 63 72
16 71 10 73
85 88 81 77
26 77 10 61
75 52 56 26
78 85 46 25
60 66 81 52
46 72 16 89
38 38 51 78
17 38 99 17
99 74 72 77
31 84 90 21
37 81 76 98
59 99 40 53
91 24 76 64
88 82 75 74
82 55 29 46
66 10 49 68
38 61 39 46
56 88 63 75
99 46 75 78
19 75 16 77
12 19 43 12
97 67 94 71
11 61 67 32
22 50 11 94
24 30 28 88
17 22 14 19
88 37 70 28
69 78 34 52
32 73 42 85
10 52 47 10
31 78 89 69
48 90 39 46
87 38 22 36
42 47 26 89
88 89 72 98
82 42 71 94
61 77 15 47
91 62 39 88
70 18 28 53
27 98 90 12
27 30 64 69
28 30 91 31
68 55 48 64
98 74 43 31
26 48 95 61
90 18 87 74
18 68 14 69
71 95 91 54
44 24 12 40
22 87 24 41
27 72 100 14
16 38 46 56
95 24 82 41
49 92 35 21
54 65 65 61
70 70 80 84
31 93 28 57
90 68 58 58
72 48 72 74
38 91 42 80
51 54 18 55
89 32 64 45
98 53 15 83
64 58 74 13
66 19 73 68
90 40 22 91
85 96 28 28
90 75 56 38
17 61 90 100
72 91 62 62
61 85 75 65
39 92 15 82
21 35 81 17
69 10 25 87
10 61 21 28
78 69 52 64
21 87 72 100
35 21 93 33
55 50 65 44
39 17 16 47
15 54 49 80
90 65 91 93
25 96 51 31
89 30 25 84
46 24 76 24
64 91 34 43
63 61 15 54
13 72 66 81
41 50 15 39
53 67 26 73
30 26 83 53
72 44 20 62
15 38 95 90
61 48 57 20
57 91 42 100
54 60 17 45
33 42 35 40
20 68 31 34
86 50 97 62
90 99 75 93
85 33 27 49
55 75 98 36
77 21 51 58
11 55 24 26
63 31 49 76
56 69 24 13
66 31 37 16
34 73 28 53
95 94 13 72
24 49 59 13
39 67 31 57
35 53 91 13
61 48 56 57
45 37 86 72
67 86 49 69
24 37 17 55
35 73 25 74
16 83 38 54
45 99 62 25
36 20 15 84
37 96 44 30
40 31 81 81
94 85 30 94
12 27 60 49
43 25 68 78
46 89 83 100
73 39 73 60
49 27 14 58
75 55 31 99
84 58 20 70
82 84 55 17
74 71 84 91
82 100 58 89
10 46 84 40
90 62 58 91
14 14 12 52
30 15 70 56
99 27 98 43
28 49 40 32
75 23 65 40
72 23 68 56
30 62 33 42
