20 100 8
1 1 1 1 1 1 1 1
26 47 55 66 74 82 91 100
13469 11483 11022 9499 8383 7737 6215 5497
51 28 96 42 70 70 25 49
63 79 81 33 47 81 57 32
52 76 59 70 77 38 40 86
21 11 52 47 92 95 35 56
21 36 17 65 100 89 82 20
99 89 30 41 81 47 56 26
49 82 50 66 49 68 83 45
25 15 31 98 100 59 20 95
43 14 12 44 16 68 41 41
100 56 69 19 58 38 18 79
62 80 40 69 51 51 98 56
14 89 33 42 99 73 83 93
91 96 59 53 19 52 65 18
48 89 79 10 51 69 55 27
43 16 46 95 88 84 62 66
38 14 30 35 47 67 25 89
79 10 79 57 62 48 62 69
33 56 26 39 21 57 86 37
57 11 19 85 22 58 70 18
46 72 61 71 36 61 42 49
44 86 84 34 69 30 41 26
49 19 42 58 55 74 88 42
36 21 99 29 97 97 63 88
79 49 13 39 68 66 53 67
49 74 36 86 39 25 19 56
42 30 93 88 79 73 70 33
87 77 43 86 95 42 39 90
90 61 86 58 65 69 47 77
75 13 24 28 98 53 51 14
94 91 43 19 72 32 24 82
37 29 23 85 96 73 23 99
51 12 39 15 85 62 10 58
17 19 97 44 86 62 23 88
51 13 21 61 43 13 71 53
10 28 95 14 66 76 20 76
66 33 18 99 45 70 86 95
14 98 68 26 50 28 38 59
89 15 40 68 13 74 46 29
64 16 89 98 13 12 29 31
76 21 25 82 81 11 64 80
90 76 88 61 70 34 12 18
17 44 25 100 85 39 30 42
21 90 76 13 11 68 69 96
68 68 23 70 100 25 20 14
77 69 73 88 46 16 50 34
37 13 14 64 89 79 25 12
11 23 24 88 29 91 92 29
88 66 100 59 70 71 61 46
30 53 60 90 10 47 27 68
75 91 12 53 26 88 75 19
93 31 45 86 88 71 90 40
46 15 38 49 84 87 78 14
36 96 91 59 26 79 52 78
66 28 53 12 55 29 30 42
81 44 24 30 29 58 40 91
19 81 66 41 68 85 52 56
51 29 77 25 99 39 82 95
65 37 61 16 28 26 59 79
64 28 75 40 65 24 77 25
64 87 37 93 64 11 39 19
30 19 90 86 32 52 99 47
56 74 77 67 10 28 72 50
51 10 93 52 14 73 56 93
19 23 25 99 12 65 78 85
34 63 83 82 24 59 60 15
26 69 95 52 13 43 16 83
43 97 81 37 52 50 83 82
86 38 80 68 33 65 74 90
81 83 65 58 42 26 72 92
12 60 32 94 42 17 16 97
44 11 30 64 87 91 76 26
80 36 34 44 79 59 16 13
68 89 42 78 82 22 46 68
65 45 41 80 18 12 33 78
19 57 49 98 24 86 87 32
80 89 32 76 31 33 80 93
19 46 69 97 72 17 78 98
24 64 16 66 83 15 51 18
41 62 84 71 34 85 17 69
46 91 73 99 40 35 85 18
71 91 32 46 15 27 91 51
42 64 86 23 25 75 77 56
21 99 68 12 92 15 75 56
56 43 56 16 25 77 67 66
72 76 41 34 69 29 26 20
22 11 55 28 60 91 13 86
83 37 75 58 99 25 90 11
62 65 34 41 44 30 77 16
76 71 95 35 66 83 83 42
46 16 53 34 83 84 52 98
49 77 46 93 99 29 80 92
58 72 45 21 17 25 48 32
57 11 97 18 85 48 53 50
15 94 48 95 60 44 97 43
50 45 70 75 13 95 42 44
78 41 75 97 15 28 99 81
34 43 10 37 50 23 30 12
83 38 71 76 31 34 58 48
73 72 66 88 91 30 56 15
46 79 74 91 97 51 32 21
13170 11567 11102 9662 8295 7726 6645 5307
17 80 60 36 10 91 31 89
90 54 43 89 27 88 10 90
35 79 91 18 45 77 38 25
66 89 78 76 55 57 25 61
13 11 32 81 23 27 21 99
45 63 72 92 18 61 90 70
95 100 45 51 81 90 98 22
57 74 37 71 96 91 39 57
40 22 46 34 38 30 87 69
96 39 85 92 40 95 100 79
71 47 74 24 90 43 24 11
44 66 78 73 26 81 50 40
32 40 67 28 17 59 48 88
11 41 19 94 77 34 65 46
89 95 94 84 88 37 22 14
18 50 32 28 55 47 97 89
41 75 84 87 67 22 36 62
97 70 61 34 96 79 43 31
14 57 86 95 20 78 57 100
19 52 49 71 78 20 87 65
47 67 88 58 21 40 16 59
15 70 46 33 73 49 15 20
33 81 47 56 92 21 68 29
64 86 91 61 70 73 75 19
35 49 54 77 68 51 33 20
82 50 62 85 39 49 57 55
21 12 24 86 81 91 59 51
16 78 97 64 50 53 98 12
16 35 45 75 45 69 85 92
17 63 22 65 26 15 16 94
76 54 49 59 46 16 62 33
67 19 51 34 43 25 54 86
30 37 33 19 91 86 61 61
28 99 33 54 60 55 37 24
92 16 43 66 17 39 52 51
76 42 22 100 75 46 74 44
20 47 71 19 24 54 40 15
88 83 28 40 46 25 39 12
40 99 11 74 82 53 49 50
61 73 66 16 65 100 37 20
89 35 28 64 76 18 30 75
99 77 33 45 14 84 10 40
88 27 88 15 52 52 32 52
17 14 38 69 53 23 98 28
49 70 89 80 21 33 70 61
40 59 88 76 44 86 97 83
78 93 16 28 42 50 82 88
20 100 28 68 70 78 10 62
33 12 17 49 70 46 74 47
93 73 45 80 83 52 88 86
49 21 99 36 12 65 62 30
96 42 26 29 53 83 66 67
97 98 25 75 75 77 19 28
96 20 34 33 55 92 54 13
31 73 87 80 31 18 100 43
94 91 54 68 59 10 89 54
23 17 22 10 89 87 74 37
35 48 78 14 37 75 13 76
21 22 66 98 30 38 83 77
97 68 39 57 66 94 87 10
22 37 83 67 91 56 26 51
57 19 29 96 14 96 17 52
80 100 40 18 80 81 80 35
53 70 25 87 78 100 52 47
44 29 62 66 74 43 31 99
43 47 67 15 68 22 66 11
39 61 26 42 66 79 76 91
14 75 89 40 39 80 84 28
55 65 40 73 56 60 94 20
74 84 32 32 95 59 41 62
42 27 69 59 81 58 86 15
59 32 28 76 52 65 74 92
42 37 93 87 28 84 88 53
15 11 55 87 73 87 25 15
27 84 89 95 21 96 86 37
58 66 91 100 69 74 65 88
15 16 40 42 99 73 78 86
49 92 20 24 51 77 71 26
28 83 37 40 40 47 60 98
61 30 87 95 57 98 98 99
72 56 33 59 10 68 32 80
41 69 12 64 30 20 20 47
67 90 38 69 78 90 74 74
21 79 54 24 14 31 20 66
98 75 76 76 37 58 37 28
49 59 98 58 97 82 74 57
55 61 33 83 99 93 93 12
90 85 86 95 73 50 92 91
51 42 54 27 39 34 28 66
49 95 41 88 26 60 30 30
40 34 54 38 20 60 47 48
91 21 36 92 96 66 18 75
62 66 32 57 64 97 43 91
59 53 56 28 63 29 18 50
18 52 91 87 40 75 54 39
91 19 47 33 26 90 38 38
82 56 60 57 35 76 43 56
32 68 100 52 76 99 39 62
28 41 67 47 73 65 78 34
45 93 40 33 83 73 51 57
12770 11686 11556 9363 8381 8146 6363 6036
31 55 78 16 93 32 42 15
65 44 85 90 13 13 66 53
26 12 28 24 93 53 83 27
50 83 84 96 21 80 20 42
79 74 94 14 69 55 25 19
11 24 87 63 29 23 89 21
33 72 47 17 52 85 78 16
25 52 19 77 65 64 32 11
22 42 50 68 29 81 10 15
100 93 72 82 80 46 95 52
100 55 76 65 76 62 17 15
34 22 34 30 12 83 28 27
77 99 23 82 57 65 60 31
89 98 96 70 83 21 83 89
86 83 39 50 59 100 41 33
86 72 24 79 84 55 19 54
43 22 61 99 16 74 72 19
25 60 48 52 14 52 33 73
63 92 39 94 13 23 93 16
47 16 91 41 43 47 92 47
41 67 10 66 29 75 15 15
68 41 73 74 73 27 49 69
45 69 90 17 80 66 16 34
54 79 98 33 58 38 28 65
95 42 39 40 19 59 45 62
68 74 89 75 100 70 50 60
46 50 81 56 88 40 67 46
40 54 30 65 32 47 12 53
57 68 11 72 55 25 71 23
23 89 65 17 52 60 77 87
86 18 96 82 40 31 73 26
22 99 33 18 38 58 79 35
77 10 58 36 17 42 68 31
88 81 51 58 38 28 52 76
24 86 54 69 25 28 36 42
87 74 12 77 68 14 95 29
72 72 60 91 31 36 29 55
37 74 84 53 88 77 12 15
73 80 85 38 29 40 80 59
36 49 37 74 44 11 49 95
95 90 58 79 92 19 62 97
64 62 35 95 53 51 39 64
55 74 61 67 24 48 56 50
78 32 56 17 70 19 41 91
10 92 97 23 44 84 94 18
14 67 10 15 44 39 62 23
87 88 34 20 49 75 36 37
100 28 68 99 72 77 17 70
60 40 91 47 83 92 66 92
21 71 54 55 95 62 43 78
41 68 24 89 46 67 91 13
75 50 22 50 27 61 15 60
83 87 46 38 44 80 51 90
46 56 53 90 72 34 35 60
12 41 39 38 74 75 72 53
83 98 73 40 55 73 20 22
41 25 41 40 43 96 72 15
24 25 31 32 59 34 89 75
98 87 36 15 88 78 74 10
22 79 17 52 70 92 75 18
86 10 30 80 47 50 74 32
84 84 80 88 17 46 23 56
85 80 42 80 86 37 81 22
15 100 33 49 67 53 59 93
67 29 81 31 49 66 37 23
48 19 100 37 90 88 78 69
98 48 54 96 14 12 66 63
75 64 47 56 17 99 20 52
43 43 81 49 80 89 21 64
58 51 30 43 66 64 86 32
63 67 81 11 72 64 88 77
90 41 73 14 15 10 52 64
18 81 38 60 86 94 42 33
73 39 31 15 10 39 15 51
32 14 72 14 93 70 94 65
20 76 53 29 91 11 71 64
74 36 40 27 70 15 27 84
35 57 24 48 29 19 97 16
22 98 64 88 72 78 36 71
78 51 68 77 86 68 16 26
39 31 26 45 22 81 12 43
40 45 57 10 63 51 41 59
17 38 46 60 46 45 12 69
23 70 54 64 17 55 67 64
86 93 39 100 49 54 28 11
62 41 13 12 81 75 100 45
53 56 22 10 27 46 82 57
38 95 99 90 32 35 37 10
13 66 59 47 29 31 24 17
42 63 55 66 81 14 85 12
90 100 61 90 31 90 14 24
13 76 73 32 55 64 58 69
40 100 82 47 10 68 62 33
86 57 44 79 23 93 100 64
22 58 11 73 82 70 21 71
15 79 35 82 22 52 37 62
24 71 58 94 63 87 53 29
17 43 73 73 34 15 63 36
56 30 33 75 76 57 42 21
99 17 64 60 44 42 28 31
13720 11803 10741 10293 9149 7331 6545 5801
78 97 32 24 10 43 60 58
98 40 36 29 21 46 93 66
72 62 26 31 36 56 80 93
90 72 42 87 79 80 12 50
39 26 88 78 78 59 63 19
33 48 68 71 62 56 85 35
96 93 71 90 75 78 94 84
66 31 79 51 63 50 98 77
54 13 93 11 39 91 10 39
30 46 21 16 40 95 36 57
19 13 51 100 50 29 48 77
44 51 74 63 58 18 94 13
27 69 26 16 14 32 45 33
16 42 63 46 96 33 60 74
65 51 85 47 48 41 48 98
70 85 87 57 74 57 69 62
18 42 56 25 90 62 77 30
23 99 75 60 60 61 67 30
15 41 58 57 31 45 42 71
53 99 60 28 97 25 28 83
59 80 25 72 16 18 45 11
54 94 45 21 32 44 77 24
65 65 88 77 12 69 81 95
91 12 54 90 73 75 62 77
22 60 90 27 42 50 79 71
95 64 45 32 82 34 78 94
86 22 66 85 67 44 35 37
15 30 49 49 93 91 81 64
58 49 73 31 22 66 48 19
12 60 90 30 26 99 60 36
54 11 98 96 12 78 82 63
23 26 32 41 34 63 66 85
54 66 82 85 25 64 53 80
91 49 54 12 14 71 48 24
65 80 19 78 76 41 83 89
27 37 25 82 69 68 60 19
59 32 73 90 60 49 13 70
52 57 82 82 12 47 26 91
12 26 25 82 54 57 90 95
25 23 58 25 50 37 19 83
97 20 57 38 35 33 77 43
71 50 75 26 84 76 99 14
20 16 22 33 71 41 69 91
41 60 76 36 89 71 63 35
67 42 73 36 15 52 18 24
44 60 78 76 55 57 76 22
32 48 80 17 20 82 10 67
89 68 53 26 28 46 65 39
77 18 25 25 96 53 95 42
26 68 83 47 92 76 11 73
88 26 30 93 64 37 86 29
63 70 68 83 83 41 19 31
33 57 46 93 47 40 33 96
27 17 23 84 85 61 78 31
13 100 83 62 58 50 24 36
71 13 85 96 61 96 12 61
13 33 13 64 41 35 47 90
46 39 41 13 12 100 79 41
88 68 64 98 25 80 69 35
38 33 27 78 91 90 60 11
13 63 89 74 61 33 29 63
88 65 38 57 76 20 25 92
58 69 45 25 13 99 86 87
16 92 71 36 29 67 85 51
27 17 97 67 86 30 48 90
39 20 77 11 63 31 81 12
59 12 34 28 77 91 61 76
49 54 59 63 51 46 62 85
19 20 93 81 51 41 19 46
47 50 29 30 99 83 96 41
58 17 13 14 45 92 48 20
67 36 98 57 72 67 14 25
24 21 28 60 40 35 37 62
60 72 34 17 18 12 70 67
47 98 64 75 22 84 37 80
44 86 70 85 21 80 67 79
89 79 22 55 21 43 57 46
71 82 41 64 100 49 83 93
83 12 88 65 34 53 47 52
56 41 52 16 92 43 55 71
57 29 33 24 49 30 59 47
80 88 40 96 74 44 10 61
77 15 81 44 55 74 16 30
55 20 100 34 63 71 42 54
78 69 29 21 99 40 40 52
13 17 30 99 31 46 98 19
21 40 35 30 89 57 31 31
92 94 75 12 76 29 78 81
32 13 100 72 46 89 94 85
51 70 61 71 18 60 91 96
43 52 86 11 24 47 44 51
13 42 79 37 85 93 36 94
34 78 42 27 85 22 40 29
78 94 32 86 57 97 58 24
45 59 21 46 53 100 78 30
14 28 95 54 58 41 97 39
11 19 76 36 80 31 70 43
83 53 77 52 83 18 96 50
70 39 99 82 53 54 34 100
92 63 53 23 11 43 51 20
13544 12264 10350 9203 8805 7635 6564 5769
18 65 50 92 10 20 48 55
41 62 52 46 33 80 26 97
86 11 58 13 91 94 73 77
99 35 49 55 56 35 17 73
36 89 28 18 69 55 15 27
80 100 62 38 88 34 77 75
77 25 69 25 61 36 92 46
94 50 27 41 33 77 89 52
42 36 38 21 88 85 34 24
21 53 37 19 71 65 43 87
90 91 100 70 66 24 13 39
40 91 27 71 85 54 78 83
52 32 29 63 50 12 35 88
43 94 59 57 39 50 36 13
86 62 74 93 95 85 70 45
24 19 46 91 28 91 60 92
43 11 77 62 84 10 15 48
77 92 26 83 88 37 31 63
28 60 87 76 10 95 20 22
42 58 83 40 59 12 24 24
35 72 68 67 84 56 47 47
79 53 38 99 83 34 71 63
99 21 26 90 22 72 20 29
12 79 75 29 21 62 50 42
45 99 17 14 92 46 92 31
29 21 15 33 27 57 19 37
100 55 28 79 24 40 17 68
86 75 85 93 41 10 70 71
57 42 66 31 94 44 46 26
17 19 22 69 30 40 28 21
87 59 78 24 40 20 42 43
93 98 69 31 70 77 23 12
20 33 51 69 20 52 22 77
52 90 25 98 51 62 18 67
47 16 48 76 23 66 16 99
53 74 80 46 54 48 84 14
37 71 95 65 43 81 33 94
22 40 37 40 81 68 10 97
16 68 70 18 10 37 23 21
67 36 14 63 93 18 49 26
75 81 40 72 12 65 73 16
51 88 42 79 63 91 57 14
90 72 66 80 13 81 100 12
69 54 99 48 31 91 13 63
46 61 96 64 17 62 88 14
47 97 25 45 35 92 91 27
40 82 46 75 34 38 97 93
43 93 26 85 59 26 18 75
16 42 50 100 96 77 50 39
23 27 34 72 58 54 23 24
20 30 46 40 14 28 71 99
21 38 39 29 22 45 57 67
40 18 99 76 51 75 94 55
98 66 91 82 39 85 79 22
14 81 52 61 60 49 35 44
87 29 21 50 96 70 82 37
92 68 33 67 62 37 81 45
94 42 40 45 66 27 39 78
82 80 12 85 21 98 75 21
99 41 75 81 46 82 29 89
99 23 22 33 50 78 35 14
59 39 63 57 28 62 100 78
20 25 94 11 23 55 67 87
14 28 23 83 38 54 67 26
53 65 59 88 25 53 94 80
83 66 14 38 53 30 15 91
77 69 72 90 85 36 21 19
29 21 65 93 66 38 64 85
92 44 12 72 15 91 64 75
61 27 62 57 88 95 25 70
35 44 21 79 68 60 77 74
82 94 17 40 27 61 62 15
88 92 61 22 15 28 23 55
81 42 32 69 64 26 72 74
46 46 90 75 57 68 11 19
97 56 90 39 51 59 72 34
29 24 36 29 80 61 24 85
98 55 28 56 45 29 34 92
53 13 66 66 94 21 25 49
40 72 28 88 47 44 39 12
79 52 22 46 35 70 71 65
26 100 89 67 27 95 59 75
58 24 53 37 91 96 56 17
57 49 81 73 59 34 15 32
45 80 50 38 48 100 27 96
69 80 89 16 81 16 27 63
49 85 73 17 50 31 23 81
15 48 29 89 91 24 98 83
69 46 81 21 51 78 69 65
54 80 87 36 16 10 30 69
33 32 73 15 33 86 22 36
70 83 29 95 21 11 88 14
41 57 95 24 68 49 65 60
46 93 60 22 92 36 76 48
60 10 43 59 53 34 56 96
74 53 57 57 27 89 67 93
41 52 51 52 52 13 70 61
38 85 93 13 61 57 47 81
82 68 51 42 73 86 27 41
73 91 69 99 71 39 33 73
13316 12252 10481 10219 7977 7718 5897 5378
10 84 19 76 33 52 47 94
39 12 99 49 52 47 74 36
77 23 42 77 16 62 57 92
26 93 48 14 91 61 19 23
48 66 96 32 95 79 41 77
60 14 21 28 80 11 63 38
23 81 24 39 40 87 93 76
88 35 77 71 67 56 30 45
49 16 72 93 23 18 31 85
92 40 72 79 44 61 59 96
22 76 40 53 93 34 94 89
54 89 74 89 32 10 47 65
81 46 35 71 83 91 87 54
50 50 37 18 97 100 64 97
71 38 99 51 100 70 48 33
10 14 15 32 65 95 62 71
63 29 99 69 32 86 99 69
51 33 27 43 39 44 40 29
28 77 84 86 97 98 24 99
78 57 56 42 20 87 31 50
20 81 100 42 88 98 14 23
74 93 21 50 99 86 57 19
61 83 27 72 58 82 71 74
41 58 10 32 23 35 15 72
83 11 72 68 58 44 71 66
76 80 64 14 94 56 12 27
31 22 26 12 82 28 31 78
37 48 70 26 73 87 53 18
15 63 94 82 97 63 59 31
67 47 33 45 86 60 14 52
66 61 23 79 31 13 22 28
83 23 17 53 34 23 55 59
34 94 64 75 63 86 71 11
52 82 78 69 62 36 54 69
37 23 44 23 12 49 86 62
60 98 87 15 24 75 85 90
94 42 73 28 100 17 31 100
15 36 94 43 31 49 46 86
81 25 99 97 78 45 16 49
94 15 75 59 14 31 86 27
19 53 20 53 81 10 23 79
22 21 31 22 88 96 14 88
79 82 68 51 55 22 62 40
41 26 34 44 83 89 30 46
24 40 12 20 88 98 54 52
79 79 47 65 89 18 98 38
45 98 90 13 95 43 43 33
33 27 92 81 88 24 67 61
44 54 47 47 60 94 78 46
95 69 57 21 68 54 46 47
77 77 58 95 89 22 31 13
61 30 10 73 69 69 59 70
60 56 30 91 91 28 63 51
73 81 45 23 78 34 17 26
66 47 88 14 80 30 34 91
32 40 86 32 73 10 65 35
78 89 43 24 99 81 49 72
67 39 40 83 34 72 61 89
85 73 76 49 24 33 14 82
19 17 65 87 73 45 43 62
15 28 45 98 62 89 34 42
79 11 14 85 58 77 68 16
26 70 21 67 62 35 11 39
24 56 59 54 61 25 51 53
45 96 70 12 31 33 50 34
26 23 27 24 55 71 25 77
76 55 94 68 71 35 30 50
34 21 32 58 82 39 47 12
36 84 44 68 23 16 19 75
18 98 34 65 79 76 12 45
60 26 51 57 43 50 93 19
47 13 14 38 14 92 91 30
69 61 73 28 39 97 76 69
18 85 65 23 95 26 30 38
91 19 18 21 41 58 85 73
27 19 36 38 62 40 63 59
61 98 48 82 26 63 46 75
56 81 63 18 89 54 25 83
40 71 52 23 41 60 70 82
14 27 42 33 52 18 32 70
37 13 86 31 97 30 100 16
33 16 48 67 59 33 100 52
36 94 35 92 56 17 40 60
84 61 65 18 23 19 59 99
16 78 84 44 53 77 44 43
20 74 27 20 50 23 89 44
88 81 47 18 86 54 75 54
94 75 96 50 90 20 86 83
11 94 83 99 98 71 89 32
97 100 94 57 29 81 81 33
43 34 97 100 30 27 89 63
16 33 47 18 73 63 86 27
88 33 26 28 44 43 38 43
63 49 71 97 58 97 29 26
46 72 95 41 45 36 76 20
98 11 96 60 86 57 81 61
41 32 50 64 54 68 33 60
21 16 37 35 85 73 64 93
56 19 17 79 31 30 84 49
36 53 81 36 97 24 65 71
13159 12880 11218 10552 8371 7485 6406 6172
11 35 18 58 16 66 47 25
47 26 65 91 35 95 35 46
37 88 100 67 91 23 17 14
14 68 50 27 15 20 62 70
96 65 73 44 48 57 72 21
58 88 79 100 83 62 29 54
90 45 23 45 22 33 74 36
28 17 39 26 67 82 80 45
22 13 84 21 24 77 85 16
11 26 89 78 73 60 84 21
16 37 43 20 99 32 20 28
35 45 65 53 49 65 61 67
74 39 62 37 76 88 29 46
66 76 80 87 100 32 79 17
33 52 29 14 17 72 32 57
20 43 89 87 11 38 37 25
44 63 69 31 35 73 34 29
14 88 33 39 50 41 73 79
19 97 41 97 81 77 24 47
44 92 37 40 62 75 37 56
46 47 81 44 58 77 87 59
90 46 54 56 11 47 41 17
54 45 42 85 59 83 64 21
31 12 46 26 87 57 77 16
49 15 19 81 35 84 12 65
60 27 52 16 91 46 53 68
92 31 35 78 89 74 80 68
84 67 60 74 25 19 12 40
30 95 19 98 82 47 18 68
76 39 90 34 33 49 95 85
45 39 14 83 72 32 84 90
19 36 11 24 96 65 19 91
71 55 77 30 92 28 89 88
25 37 62 59 10 99 16 31
25 42 54 13 98 47 11 33
43 66 85 89 26 91 54 38
59 60 55 67 72 90 90 87
49 39 67 38 43 88 61 49
85 75 32 16 84 35 78 72
34 20 14 61 49 25 88 70
82 94 78 35 82 36 71 15
17 13 40 88 39 63 17 69
96 56 89 40 86 91 62 67
38 56 21 67 36 75 26 27
32 70 71 76 20 54 69 14
51 24 62 47 98 30 46 41
52 94 54 15 46 53 23 25
75 26 46 73 90 80 73 83
94 26 18 30 71 19 96 54
92 56 91 70 51 48 87 86
36 97 68 22 85 94 44 74
80 89 45 95 73 69 56 13
38 11 61 43 96 94 18 44
23 86 93 45 99 89 19 59
66 75 40 34 29 63 54 83
26 69 64 12 13 41 68 60
96 67 90 61 66 36 83 65
40 28 86 24 14 58 97 15
22 66 54 49 88 17 54 87
16 83 99 13 27 26 73 22
20 56 60 73 89 85 24 59
58 26 25 19 58 85 52 17
22 13 73 77 85 17 51 55
74 64 32 39 19 44 42 80
84 15 45 97 72 69 46 49
22 45 37 13 84 72 37 93
76 34 79 25 38 33 21 46
93 51 55 68 37 70 63 62
80 99 43 56 14 52 24 29
47 16 10 13 58 94 59 37
83 47 94 96 76 76 21 77
71 44 97 13 69 44 31 93
90 22 24 73 93 16 83 96
55 98 26 55 83 96 17 76
82 99 31 35 15 34 23 10
63 66 63 14 60 74 59 58
100 97 68 68 34 42 46 37
75 77 49 21 74 15 63 46
32 78 78 16 73 15 22 15
97 58 62 84 17 37 74 39
36 54 38 30 31 86 50 85
73 32 53 88 82 51 14 47
47 14 87 64 11 92 95 12
95 89 61 59 94 62 99 88
40 63 21 52 42 66 81 22
24 39 12 90 14 83 16 83
54 17 81 19 27 97 38 37
99 31 97 42 54 93 72 52
36 51 36 76 87 62 63 24
47 25 14 28 25 63 41 88
75 91 99 12 46 86 81 60
67 75 95 29 25 76 18 83
87 14 55 73 41 51 90 93
26 19 14 34 67 62 18 45
49 33 73 10 84 89 43 15
100 48 82 39 99 26 57 53
41 25 10 42 56 69 44 13
28 100 99 77 58 98 38 55
10 55 80 43 36 48 86 82
37 59 54 80 35 43 61 36
12338 12473 10568 9629 8112 8123 6335 5518
71 84 58 96 68 12 81 45
70 54 64 87 80 66 21 91
32 26 98 54 91 22 48 76
77 64 88 13 86 74 31 95
82 17 49 54 92 64 90 17
60 41 59 31 66 44 20 59
80 72 18 55 81 90 40 77
35 41 69 58 45 85 43 59
82 76 84 30 83 12 23 45
91 13 15 73 38 75 59 76
85 27 86 72 72 40 54 90
50 14 39 41 28 40 80 64
64 98 92 31 34 86 64 43
41 22 71 59 65 18 10 17
50 51 46 86 99 15 95 45
36 14 59 28 73 90 14 75
41 70 53 68 24 57 38 83
97 57 19 97 75 40 45 23
65 63 16 33 87 42 64 69
25 71 76 26 47 71 40 96
66 18 62 100 49 81 96 67
15 97 56 65 28 64 27 25
71 73 99 51 10 71 63 74
56 52 83 40 59 62 21 76
37 87 52 40 87 25 50 75
21 67 49 35 66 86 33 58
15 44 56 11 76 78 45 28
20 23 42 55 74 69 99 12
65 49 65 85 28 45 34 30
32 14 19 92 93 75 37 45
88 80 23 71 31 22 80 14
51 17 45 93 53 88 14 20
30 69 67 10 47 36 81 44
21 17 10 25 82 40 50 98
58 75 37 71 34 95 10 55
75 68 59 73 96 64 90 69
40 57 54 42 58 58 70 82
83 57 77 31 22 30 76 75
49 38 23 13 99 43 77 40
43 32 76 17 29 21 81 38
15 16 10 62 40 100 69 69
10 20 74 14 48 22 83 55
75 39 10 64 50 91 98 29
72 59 34 64 86 17 21 60
83 20 91 87 56 55 13 86
75 27 60 89 75 20 11 59
71 89 43 99 27 83 54 52
96 25 98 26 66 31 50 83
69 46 25 24 38 31 100 50
75 55 63 36 50 13 76 57
50 27 31 77 50 79 15 45
63 59 95 68 24 97 28 26
40 13 94 42 55 84 58 99
74 15 33 42 79 78 26 66
89 52 60 100 92 50 10 30
43 18 92 88 95 21 70 46
41 59 49 40 71 62 42 25
40 29 54 58 43 48 98 65
23 96 31 26 83 90 17 58
85 99 33 60 77 72 87 82
93 78 51 66 22 49 18 70
78 68 28 97 99 73 19 58
32 76 28 35 82 64 87 84
64 17 54 65 73 38 91 26
20 44 15 16 30 76 74 60
91 92 95 52 48 24 71 50
97 88 22 67 10 48 96 92
23 91 100 20 60 53 94 68
95 20 93 60 38 100 80 93
71 66 52 30 19 56 41 100
32 28 12 22 81 48 82 84
58 86 44 52 27 49 97 41
15 37 76 49 50 17 98 44
61 24 61 45 92 15 16 79
63 57 35 52 78 66 79 21
49 67 54 86 63 90 46 92
64 93 79 80 29 98 35 42
44 45 61 93 39 52 56 13
92 38 43 96 88 35 17 34
28 16 68 25 22 27 68 73
27 92 57 63 30 18 42 28
18 44 17 24 57 59 57 36
57 94 70 58 69 16 97 32
38 85 59 35 34 65 87 55
21 15 72 65 24 19 31 80
81 99 14 94 79 95 34 90
11 42 15 72 21 24 43 17
12 59 84 28 48 56 81 39
49 67 99 83 57 98 91 35
18 52 83 48 24 32 84 77
66 48 67 91 87 80 61 10
66 37 94 13 90 31 62 30
83 70 56 18 52 98 68 36
13 43 29 55 21 55 72 99
85 21 19 75 84 44 32 79
30 90 66 43 82 55 40 46
57 50 27 38 98 38 45 74
43 65 79 78 73 17 57 24
94 62 89 25 28 99 16 17
58 75 28 41 30 28 58 37
13152 12385 11681 10270 9403 7791 6702 5991
43 45 75 58 18 37 89 95
52 69 75 84 86 32 82 85
99 50 88 62 10 99 89 16
99 27 16 57 50 47 13 19
93 33 34 79 44 97 37 47
89 61 57 68 58 45 37 34
100 65 59 33 43 21 41 47
53 96 30 17 87 70 81 19
98 53 23 23 57 49 91 14
91 96 67 67 49 48 69 67
43 21 92 71 58 21 81 58
84 15 80 86 18 32 81 70
55 61 64 25 97 55 35 32
76 31 82 54 77 50 100 82
89 28 87 18 40 55 51 49
82 60 33 65 30 33 91 75
15 47 10 76 76 45 56 52
47 77 98 12 13 27 46 35
61 97 56 81 38 63 89 70
48 96 54 21 14 43 38 48
25 53 62 74 37 54 92 63
95 84 26 99 88 34 51 65
26 69 99 70 80 54 65 30
31 83 66 46 89 55 74 25
99 12 19 94 53 93 44 54
25 31 19 84 97 18 13 74
97 45 92 48 23 78 57 75
83 70 22 38 23 76 53 23
44 84 60 39 21 61 80 51
24 89 55 82 23 98 37 19
61 27 49 49 22 71 13 43
60 40 19 41 27 68 46 83
97 95 49 33 10 88 45 30
84 94 26 62 88 46 93 31
16 96 91 88 90 86 46 67
97 69 70 65 46 95 32 57
38 74 78 49 18 16 40 88
68 55 44 55 54 87 34 92
62 35 52 87 17 87 71 62
80 95 46 96 19 28 19 21
70 30 48 66 81 72 24 45
87 69 70 84 67 40 15 56
83 49 46 79 14 61 63 47
41 36 59 65 56 26 20 58
77 75 72 87 20 50 21 53
33 87 28 55 78 46 10 35
21 25 99 14 90 41 79 73
45 61 98 55 11 53 38 17
99 91 35 61 28 31 56 20
16 46 83 39 97 49 63 85
67 16 72 28 27 54 76 15
69 35 97 20 66 49 100 34
100 31 87 19 88 55 70 15
71 22 85 46 61 44 60 84
31 56 67 17 73 25 20 64
37 68 21 10 24 16 91 52
58 89 36 44 91 53 17 79
39 33 88 74 98 36 58 93
92 29 88 30 63 11 84 90
94 11 54 94 82 72 20 31
35 29 32 56 66 59 25 31
77 57 13 36 83 100 90 74
86 72 72 32 63 69 100 54
80 64 22 25 13 15 54 89
22 74 57 95 46 87 98 60
19 57 55 46 36 11 68 22
99 30 36 14 18 26 59 52
60 94 89 51 69 51 58 95
40 12 96 24 70 93 80 28
100 91 31 61 65 16 66 40
53 94 53 90 81 84 38 12
40 10 34 38 91 12 15 57
48 80 74 71 27 77 64 48
37 40 48 42 32 67 90 78
100 53 25 99 40 85 18 50
59 13 97 26 82 96 89 31
52 63 54 92 74 50 57 72
23 67 45 28 95 13 92 79
17 71 92 36 20 80 17 31
54 81 26 78 60 29 47 77
94 27 85 52 97 40 49 31
15 90 29 78 48 49 41 45
89 80 50 45 32 37 14 33
100 12 62 84 11 37 21 91
13 18 43 11 29 77 80 88
17 62 18 84 14 24 88 99
38 42 65 86 89 61 88 48
69 63 60 83 67 70 33 37
11 75 77 24 79 62 49 97
51 33 61 84 68 80 25 73
100 76 96 11 66 47 66 21
18 29 42 74 42 12 11 50
79 52 58 25 57 39 14 39
19 97 98 23 81 23 23 98
18 60 22 80 28 44 25 72
50 45 23 37 24 17 80 60
70 92 43 78 67 35 65 46
93 83 45 13 77 90 84 73
39 59 57 85 95 16 90 85
44 30 91 58 88 96 24 94
12593 11455 11185 10061 9011 7233 6558 4881
66 28 54 77 83 68 73 70
50 85 12 54 82 70 12 100
69 18 92 69 76 53 74 71
89 59 38 64 80 95 100 20
82 56 82 47 37 25 39 46
22 40 38 69 88 99 73 46
90 46 86 44 62 15 54 28
100 82 73 57 12 21 22 68
37 80 98 73 57 97 71 61
76 90 99 87 10 35 47 73
37 60 99 73 46 57 84 44
44 23 90 45 73 71 75 12
86 39 98 69 76 85 90 83
69 77 22 28 69 16 63 47
26 27 33 97 80 67 36 62
43 69 21 40 85 41 95 13
84 23 75 55 56 95 53 36
19 40 12 83 52 92 43 87
26 17 10 59 55 40 32 75
80 42 60 11 37 50 17 62
72 21 73 73 70 41 92 32
14 54 52 33 40 17 64 51
32 10 19 54 10 89 99 99
23 24 56 24 10 13 83 45
47 96 88 100 93 37 71 67
15 38 91 60 13 50 73 43
89 37 57 100 98 36 49 84
41 50 81 20 100 84 31 75
27 54 89 34 46 96 30 78
88 55 24 92 29 95 35 79
86 70 18 71 50 77 31 65
18 35 67 56 96 70 38 42
10 18 37 78 92 54 15 66
73 78 79 39 64 84 87 18
15 43 98 42 25 61 20 87
65 41 74 43 46 44 88 90
75 75 37 47 15 36 55 48
38 70 40 82 33 64 30 24
72 65 48 60 94 61 10 83
84 46 52 32 30 44 64 75
70 18 51 29 21 12 87 77
21 60 20 46 96 16 86 83
49 61 38 42 10 55 14 71
69 73 52 81 15 58 38 58
20 65 85 17 66 66 41 60
70 82 26 99 82 47 76 100
15 88 69 59 28 92 16 14
86 16 67 93 29 33 44 25
94 23 11 62 72 36 19 95
81 95 40 74 80 69 38 93
86 26 95 81 59 46 75 35
42 62 33 86 26 18 42 60
88 63 49 81 96 94 93 96
50 96 93 88 89 73 62 38
39 95 71 31 13 86 59 69
38 21 97 77 69 41 52 88
54 53 57 66 61 80 100 83
72 38 88 54 48 77 53 50
11 84 63 83 55 29 16 66
13 66 77 27 19 97 84 31
41 64 59 55 30 54 74 42
90 86 30 81 95 71 68 83
73 57 57 74 88 28 65 38
76 43 31 93 27 27 11 73
71 10 66 10 41 46 78 15
76 95 88 35 37 42 79 72
61 80 82 46 90 11 58 58
83 47 58 79 37 68 61 16
11 80 48 33 41 18 27 99
34 12 55 10 23 45 59 52
76 58 65 35 31 99 11 90
19 82 19 32 83 50 51 63
16 26 11 77 27 79 33 88
83 42 40 50 92 76 50 69
48 69 91 68 47 51 61 89
84 35 72 40 94 79 73 94
45 84 89 81 74 65 75 42
97 58 34 46 31 27 22 63
61 83 32 26 13 66 34 78
11 26 23 37 32 14 94 85
75 52 11 44 77 61 28 91
58 19 22 86 46 27 73 93
30 30 50 13 74 61 54 11
90 65 41 22 65 99 87 38
88 48 61 37 93 45 68 74
22 40 25 93 44 63 24 32
97 67 99 51 55 58 44 55
78 87 70 98 82 95 11 13
41 36 12 40 25 32 29 78
44 42 28 52 82 55 25 40
32 43 37 91 61 38 70 32
62 90 49 20 37 87 98 96
50 30 18 43 42 37 54 11
84 39 56 68 64 86 18 57
51 62 61 38 82 80 74 72
42 57 99 41 73 70 67 100
47 60 40 92 94 33 80 97
57 94 45 42 22 93 39 71
59 81 49 75 60 74 11 47
23 32 15 60 18 78 62 32
12849 12273 10739 9661 8877 7286 5659 5338
32 89 99 37 80 22 82 87
49 29 41 54 79 92 80 30
35 64 58 92 40 51 35 60
49 82 40 80 84 30 10 74
99 55 87 25 64 59 99 64
68 46 41 56 21 46 76 30
47 40 62 12 28 97 75 64
12 18 64 11 42 99 93 98
54 100 53 78 89 22 56 57
18 51 38 32 70 13 100 49
43 15 92 14 81 21 58 14
100 19 28 89 49 69 16 43
15 47 42 87 74 84 84 50
73 35 86 16 38 52 97 48
23 31 53 62 39 15 12 19
10 20 29 98 62 46 59 51
52 95 76 38 52 58 18 51
29 60 34 76 55 39 19 76
61 68 31 47 21 44 76 20
67 22 88 92 17 38 15 10
50 68 74 12 15 79 51 47
44 75 90 17 80 49 72 72
78 31 52 71 73 60 64 70
35 39 92 77 34 55 22 69
37 85 17 90 21 62 12 30
11 26 72 78 28 46 19 16
75 14 92 92 77 71 93 61
34 34 13 90 99 17 28 86
88 93 93 97 72 10 17 24
65 96 74 15 15 64 46 49
38 22 17 33 14 92 50 56
91 36 14 50 22 70 12 44
68 78 63 88 51 50 18 91
75 51 39 40 31 41 55 51
68 67 70 71 34 79 30 25
41 94 92 88 96 26 18 16
35 39 18 41 73 29 38 54
10 67 42 59 49 82 49 77
27 49 99 73 31 53 80 58
21 36 99 76 19 55 69 94
62 94 45 21 20 54 60 74
88 55 60 90 93 47 90 42
10 42 63 43 57 47 72 78
62 15 60 81 90 44 31 91
91 38 100 81 23 78 39 69
48 71 67 67 83 42 68 96
97 51 67 87 89 67 23 71
37 26 56 86 23 38 52 50
66 15 33 39 66 93 60 65
30 72 68 57 53 81 38 64
80 27 57 65 11 45 37 63
67 40 73 67 10 24 48 52
32 62 20 42 21 25 54 80
84 71 15 34 14 60 83 58
80 92 91 100 36 89 33 29
45 71 69 43 89 14 20 89
90 30 58 56 89 57 67 76
69 79 50 76 86 42 18 19
49 46 87 88 82 60 97 72
98 34 21 64 69 98 88 41
66 46 69 69 47 21 88 15
44 78 53 61 99 59 40 85
80 59 36 38 70 51 91 59
67 97 83 27 35 16 75 15
72 67 60 24 16 49 84 60
46 49 82 88 42 77 97 18
12 82 19 27 80 70 70 51
85 31 59 65 87 20 14 90
66 59 77 93 60 69 49 63
37 10 72 76 78 51 27 64
35 85 44 79 17 18 31 66
40 83 87 74 91 33 77 17
25 35 58 58 53 36 92 85
13 30 29 18 11 77 22 63
33 12 92 51 10 63 16 54
17 90 32 95 13 36 83 19
84 54 94 48 83 19 27 59
11 91 55 56 76 11 23 35
38 96 21 86 18 62 12 39
78 29 37 21 73 30 50 21
66 57 45 22 67 64 51 27
53 94 25 79 63 13 62 89
44 52 87 14 11 36 16 76
65 34 98 56 19 69 22 19
67 66 42 97 41 15 93 20
71 82 95 43 25 65 46 34
20 67 72 24 63 18 73 17
19 34 14 60 86 84 37 31
31 51 70 76 62 30 37 37
79 86 64 100 39 20 24 59
11 79 57 69 63 89 32 80
77 91 10 86 29 50 76 89
23 19 52 33 31 30 95 97
52 95 30 79 100 64 44 26
33 83 50 47 58 84 44 16
62 22 11 28 35 57 38 88
44 64 63 44 94 72 87 62
24 45 63 29 25 45 69 33
94 37 41 60 41 84 48 78
29 65 35 27 14 44 27 54
12784 11541 11168 9214 9351 7368 6588 5229
50 81 31 59 95 76 61 69
83 43 98 78 78 22 78 24
59 17 24 26 12 95 67 66
93 94 62 27 42 84 61 99
28 27 18 40 82 27 93 88
36 60 19 52 44 12 27 79
48 14 91 53 81 78 76 69
45 42 93 85 14 56 24 18
85 46 60 99 54 21 47 28
67 67 44 14 46 37 92 68
60 87 97 79 91 77 100 91
32 77 64 33 53 89 41 38
20 64 48 24 89 47 52 69
23 17 35 58 98 28 65 64
24 24 83 37 95 42 78 34
19 99 82 44 88 78 51 67
22 38 71 13 18 86 42 100
13 31 99 80 95 92 74 65
64 46 37 14 55 58 44 74
83 48 47 31 12 75 17 21
28 69 55 80 21 21 14 86
80 90 26 16 56 91 39 59
25 10 41 70 16 55 56 57
41 41 67 75 57 43 32 38
22 76 97 43 98 68 91 30
42 93 95 86 59 35 81 61
98 94 41 44 30 26 16 89
28 63 17 81 87 36 65 78
24 43 79 93 38 88 25 100
87 27 55 90 35 93 15 43
84 13 27 96 42 84 18 77
17 28 24 59 20 94 69 38
87 65 90 70 86 14 18 21
83 11 78 59 12 60 43 31
87 84 95 19 17 75 96 65
25 65 57 42 72 97 73 20
32 92 50 16 50 64 53 71
95 45 40 58 29 71 46 70
20 86 38 74 99 93 73 100
87 20 99 54 16 92 13 19
73 84 95 72 15 73 16 51
47 55 90 88 19 57 33 22
92 30 50 80 59 19 45 70
40 54 65 49 62 89 82 11
27 62 42 67 34 18 33 15
64 52 95 70 12 41 58 70
53 45 16 68 26 99 87 28
45 39 17 48 28 53 60 81
64 49 34 85 42 66 98 98
73 88 23 33 55 86 25 73
61 52 84 78 24 62 89 68
95 19 71 93 23 84 60 49
86 12 50 57 71 80 13 67
53 84 61 97 93 31 33 65
20 65 54 75 55 100 43 43
28 81 84 98 46 75 74 49
76 81 33 46 64 55 91 75
40 62 69 54 15 100 25 31
44 80 42 16 56 40 97 61
17 57 78 12 39 67 74 16
97 37 84 35 27 60 48 64
56 38 11 48 24 58 62 81
53 56 25 27 94 89 76 18
58 50 19 92 35 81 77 48
73 13 96 41 98 87 82 30
18 29 91 29 94 75 54 14
37 90 60 15 61 36 14 61
21 85 59 95 16 57 63 41
48 29 42 23 12 81 88 45
39 62 93 44 14 24 21 13
20 38 29 73 55 13 46 24
59 68 28 73 88 60 56 88
83 85 30 84 51 100 32 89
42 36 99 64 30 94 41 63
88 24 42 90 63 79 96 76
29 84 84 88 97 24 49 19
56 12 63 29 95 68 28 33
14 86 95 65 37 64 63 14
41 86 29 41 77 32 83 91
34 92 94 82 42 29 88 69
17 68 37 71 27 86 53 47
42 19 39 11 95 26 45 40
96 36 42 36 10 79 70 28
83 19 80 51 97 22 28 30
88 69 74 22 42 60 89 71
54 15 47 35 61 19 49 86
57 41 59 52 38 56 91 45
77 82 93 48 42 78 14 32
78 38 42 42 30 66 58 44
48 68 98 64 55 11 32 33
88 38 94 12 67 12 26 88
71 21 82 54 19 43 87 91
89 41 83 31 52 56 62 41
97 25 36 11 58 51 29 99
53 72 13 89 99 83 43 24
32 86 31 100 66 89 54 41
26 61 65 50 13 71 29 18
40 98 86 78 69 50 34 25
96 18 15 61 57 51 82 92
26 14 96 54 39 67 63 22
12313 11932 10259 9828 9025 7848 5812 5550
73 21 13 20 15 65 65 76
53 71 100 16 65 13 75 10
74 25 55 20 65 72 46 35
36 41 70 43 53 94 21 94
48 12 93 48 33 30 97 72
53 70 20 17 57 61 40 19
26 80 63 50 86 74 37 26
91 89 50 22 40 18 72 17
89 65 65 94 74 39 24 88
67 36 25 18 100 100 41 61
57 38 53 41 68 36 80 51
99 74 83 92 24 30 53 80
53 36 43 80 23 58 60 71
51 74 74 13 25 40 12 63
80 46 63 50 12 91 72 21
75 93 85 60 24 90 49 46
61 51 94 46 54 35 68 62
51 51 39 57 37 94 29 29
41 70 54 13 36 89 68 19
66 27 64 55 52 93 84 54
13 80 27 58 74 85 48 75
84 42 14 51 53 18 99 29
53 98 58 44 22 73 78 85
87 80 62 99 72 97 81 61
38 83 95 54 14 59 57 51
54 41 19 45 32 34 31 65
92 93 65 94 70 69 25 27
68 20 49 88 100 43 23 49
10 13 95 14 67 33 45 64
83 73 57 45 13 45 69 74
20 64 78 83 87 42 45 83
17 91 34 45 21 66 89 28
10 34 36 59 19 49 78 33
17 36 18 30 97 46 18 81
55 10 89 53 23 58 14 65
94 66 88 47 73 16 72 72
89 49 42 46 68 29 28 75
83 39 96 89 27 73 44 76
55 97 48 60 40 92 77 29
62 90 90 15 11 25 58 57
14 62 10 93 60 75 20 99
11 53 18 74 14 41 78 76
88 27 57 56 96 97 89 70
18 88 82 90 90 95 36 15
54 79 96 85 41 35 93 65
21 11 28 62 67 70 83 14
65 75 84 19 39 12 39 82
69 89 59 71 92 98 98 86
26 55 71 67 38 37 60 59
46 59 12 12 33 88 61 41
67 15 37 22 78 52 52 69
17 92 49 45 49 32 62 86
49 15 33 72 50 99 36 27
67 38 80 62 78 78 21 95
46 31 88 91 43 37 79 99
63 50 55 22 90 75 21 38
98 49 75 77 65 20 98 88
62 70 29 22 73 72 47 75
92 90 26 63 32 68 65 99
84 93 94 67 28 96 11 45
95 23 75 90 93 21 57 61
33 85 40 85 32 27 23 14
73 38 68 89 39 91 72 85
72 32 77 67 71 86 51 93
88 77 43 71 80 99 85 75
98 78 50 60 26 97 58 72
82 94 30 84 47 73 59 84
82 58 61 100 14 14 28 63
91 80 97 47 86 22 86 30
11 88 95 70 63 23 97 13
16 54 22 91 55 41 23 91
20 49 76 74 78 16 30 70
12 47 60 93 63 22 59 72
22 23 26 78 94 60 25 15
19 62 73 78 23 33 45 79
22 96 42 22 56 23 30 29
69 52 43 82 89 88 35 42
64 15 68 19 81 34 67 50
20 89 21 64 14 44 23 36
31 29 12 77 94 98 66 64
93 50 86 44 34 29 34 42
66 46 18 40 77 66 28 29
28 65 69 23 33 47 32 99
31 95 66 82 44 45 30 37
66 50 47 68 61 74 17 27
12 65 13 36 17 11 94 81
67 70 46 41 13 98 77 16
44 44 75 61 60 76 84 49
64 36 26 49 69 51 42 70
44 72 53 53 21 96 39 95
64 70 98 76 30 21 42 20
35 42 55 60 69 88 76 86
69 64 78 40 11 27 36 24
59 72 82 27 22 61 88 77
52 66 99 81 11 75 92 59
46 96 92 55 52 58 60 90
48 49 98 23 63 55 43 39
31 84 39 73 55 98 27 94
88 82 68 16 22 32 69 31
86 76 94 97 73 26 44 32
12747 11399 11347 8971 8634 6942 6687 6048
24 18 31 48 74 27 53 27
64 45 48 17 26 100 16 69
56 23 62 100 53 84 44 37
94 95 46 92 25 94 59 82
35 27 10 30 85 14 58 29
94 78 64 99 96 91 50 11
57 69 27 40 38 50 67 30
77 82 94 20 59 53 92 31
48 28 65 77 16 53 28 24
87 43 100 64 39 21 49 67
73 74 11 52 52 72 88 79
80 37 17 99 46 11 18 24
100 56 75 54 17 18 17 16
29 33 87 29 16 38 89 19
78 74 59 17 73 35 93 92
90 41 89 14 57 77 24 40
76 36 57 39 47 74 70 13
73 83 38 84 11 74 56 45
75 27 89 48 29 44 43 22
67 84 47 61 55 77 85 22
65 81 60 66 31 40 35 54
65 79 47 28 84 32 39 12
30 77 48 27 99 88 21 79
17 96 40 58 42 91 40 86
62 73 41 82 65 73 13 58
93 24 17 77 23 77 57 51
12 78 22 17 28 59 56 14
33 11 30 14 30 61 37 82
25 14 49 53 79 71 60 59
89 81 57 42 52 88 33 12
97 24 21 96 31 43 11 55
54 86 79 28 64 61 30 23
25 71 69 61 80 97 54 28
93 54 14 24 49 19 21 49
29 21 97 68 65 14 96 86
66 60 75 45 57 42 25 97
55 33 69 35 68 33 44 52
75 54 86 70 23 73 95 89
98 78 69 81 84 82 66 33
76 18 97 17 31 70 32 52
60 71 76 62 17 89 42 45
31 94 47 57 21 75 34 41
36 66 12 56 80 50 87 82
97 22 25 91 49 92 96 77
39 95 100 93 63 20 40 13
58 16 20 78 83 74 99 27
74 91 81 70 53 62 11 68
66 27 41 28 29 51 93 31
96 13 20 11 57 36 23 75
26 57 27 90 97 11 33 71
91 77 13 78 35 29 93 17
56 43 22 51 36 15 83 20
28 19 28 33 45 96 44 30
27 49 46 42 30 13 47 94
86 49 28 11 86 10 16 24
45 18 13 16 23 27 90 14
74 51 17 63 76 82 42 48
72 50 63 35 36 18 33 50
55 48 65 20 52 76 15 29
97 46 37 98 89 61 35 40
79 73 65 41 21 87 62 10
65 33 34 45 46 16 18 81
32 75 21 73 58 54 60 87
47 27 35 58 52 47 66 18
21 47 77 56 47 23 87 37
63 96 12 51 15 77 57 40
59 75 16 90 19 56 91 99
33 63 20 21 39 57 94 81
82 96 72 65 10 66 33 67
63 79 69 49 99 91 35 49
77 59 70 94 56 90 25 86
90 38 83 41 43 78 15 65
11 94 48 97 82 36 19 33
10 85 55 22 81 79 72 38
18 34 10 84 55 14 39 67
25 33 30 94 46 43 34 99
22 27 47 42 70 23 31 76
54 30 53 56 83 15 90 74
68 65 100 27 69 51 72 70
72 78 83 32 49 52 28 13
30 20 82 40 12 55 30 24
76 91 24 46 27 81 73 50
80 57 52 30 49 24 52 72
40 53 38 20 59 93 46 78
17 39 79 35 37 63 17 83
79 16 30 88 86 38 72 75
81 50 81 72 84 45 56 10
87 24 63 86 67 46 50 32
72 24 68 23 38 98 54 88
90 61 33 86 51 23 41 50
24 23 77 54 96 29 53 84
22 87 57 78 65 94 24 61
80 86 78 66 20 10 36 61
36 36 77 31 18 47 53 26
32 72 14 30 60 10 28 62
53 17 18 74 28 32 20 12
79 83 74 10 48 47 74 38
88 54 71 16 64 22 24 44
11 48 73 68 60 88 23 94
63 70 35 38 65 25 30 64
13311 11564 10967 10512 9351 7203 6867 4859
29 59 74 18 39 32 50 84
13 91 25 12 70 67 82 42
22 84 88 24 45 42 74 61
71 75 98 23 58 38 68 10
84 52 66 17 31 25 35 77
63 68 44 65 38 59 40 76
35 85 77 53 94 82 32 73
71 23 24 81 42 77 33 86
52 77 40 85 44 52 85 63
26 71 19 87 22 49 68 69
44 99 72 52 54 22 46 88
22 94 10 49 17 29 86 40
100 29 21 81 89 36 69 32
91 65 81 24 18 24 71 40
57 45 43 76 66 42 60 10
33 68 87 68 35 58 52 22
48 80 18 40 86 70 52 50
23 100 30 47 48 71 80 74
12 83 38 100 32 16 87 84
47 29 13 96 95 22 67 11
87 49 48 94 83 71 39 41
82 42 91 69 64 45 86 16
17 48 29 49 83 44 44 28
32 15 28 48 60 56 16 51
12 71 63 26 12 74 83 53
28 47 92 30 57 58 43 35
23 22 55 69 80 35 99 45
40 55 89 24 34 22 100 27
59 41 63 59 10 32 57 26
74 11 30 64 21 84 92 40
45 13 68 25 46 28 29 62
10 50 28 69 17 81 20 61
27 33 40 57 42 66 14 43
99 41 97 33 58 67 73 56
76 88 19 11 68 56 38 55
81 71 16 69 72 79 10 96
20 89 17 47 33 90 42 46
10 41 78 30 19 76 20 43
54 82 20 74 53 93 38 92
67 11 11 84 53 67 58 82
80 12 15 77 60 49 44 97
61 69 73 85 22 13 91 20
66 14 52 87 90 43 17 22
72 71 30 56 35 17 82 70
63 82 98 13 39 97 79 95
11 63 92 21 61 19 36 29
19 65 95 17 22 85 47 69
23 28 23 73 98 83 33 19
87 15 34 21 89 25 82 90
93 82 18 32 80 21 28 78
23 30 29 80 69 90 53 46
89 35 25 89 55 16 65 90
93 92 75 31 14 46 67 16
59 16 45 42 36 66 65 10
15 12 53 30 69 79 52 90
84 65 74 69 85 67 31 17
90 98 94 83 77 95 49 83
53 60 63 34 51 56 95 16
41 58 76 17 31 73 34 50
44 36 35 83 100 82 32 56
39 94 93 66 62 54 60 77
19 29 12 64 84 63 14 77
41 47 33 20 37 44 60 88
43 61 19 52 55 20 49 73
85 47 95 58 25 93 99 89
63 25 31 59 45 43 82 31
43 100 62 65 28 100 32 87
30 26 88 13 77 40 20 12
91 54 42 29 82 34 42 70
42 64 22 64 48 60 22 25
45 36 21 61 24 97 74 26
97 54 65 57 50 39 29 78
75 89 51 73 76 35 14 25
49 99 84 21 29 55 84 89
30 40 23 32 44 85 72 71
23 100 82 14 48 97 74 85
41 49 23 67 62 51 63 99
83 23 90 72 82 90 70 90
64 97 32 86 58 65 43 67
54 45 58 96 57 83 62 69
30 100 64 10 86 32 65 25
91 88 68 64 56 18 86 20
99 48 92 79 22 54 17 41
61 42 71 32 47 92 71 14
51 46 74 66 40 70 23 17
27 32 54 70 33 32 28 54
51 38 55 98 90 54 49 92
26 44 46 23 78 34 31 12
38 85 98 74 12 93 65 88
80 31 72 23 75 88 51 87
92 28 29 28 67 25 42 91
53 90 39 18 77 94 95 19
22 43 100 23 29 95 57 95
24 53 15 86 13 24 96 91
59 56 18 20 14 21 50 39
24 70 72 29 40 62 15 83
85 32 42 63 33 97 78 72
60 79 46 20 53 51 40 63
18 49 99 38 78 31 31 23
48 54 65 19 78 49 87 19
13570 11979 11034 9596 8610 7615 6856 5459
34 62 53 77 55 70 51 40
78 11 22 23 71 99 18 54
92 38 41 24 24 64 13 18
90 43 81 26 54 27 23 22
26 14 49 87 30 76 71 66
21 62 71 53 20 41 27 49
61 97 42 88 66 85 92 47
53 22 46 33 55 20 82 81
25 74 32 15 95 63 62 56
42 53 39 66 90 38 94 78
29 41 56 20 58 16 91 53
33 81 80 72 55 71 50 57
89 47 39 42 28 42 79 74
32 87 72 65 99 50 16 16
27 25 43 87 18 79 53 70
44 84 20 25 55 32 24 91
35 38 85 100 73 35 40 100
33 77 100 27 37 48 87 22
39 84 94 12 15 22 39 45
79 76 21 69 61 82 60 27
81 91 94 27 67 85 100 45
61 24 83 16 33 33 69 59
75 33 16 44 71 42 93 63
79 62 62 23 66 49 74 10
17 23 15 32 95 27 24 77
22 53 96 86 11 60 22 96
43 19 15 26 100 87 59 35
92 77 79 88 76 89 62 82
65 69 76 35 35 59 71 34
42 31 80 89 72 24 69 61
69 95 80 52 78 81 29 64
91 27 94 27 92 66 70 14
83 14 40 65 17 82 63 21
25 11 56 81 83 23 12 41
10 87 41 75 12 99 77 41
27 95 12 47 42 45 89 11
50 43 23 94 14 57 55 48
72 50 49 55 67 12 49 69
82 31 34 86 35 73 37 16
79 65 23 31 83 46 39 41
25 52 88 33 10 16 11 84
38 56 99 94 59 63 67 75
22 48 14 54 89 62 79 49
65 81 27 98 58 98 16 69
51 59 12 43 30 66 27 64
88 43 59 38 38 87 60 57
71 80 95 30 41 27 30 43
93 78 48 32 54 99 68 15
75 81 45 46 70 80 63 87
30 84 45 83 49 12 72 21
43 17 25 61 97 31 65 64
72 17 90 76 58 13 13 53
65 40 88 13 84 89 92 95
39 96 36 44 73 18 86 20
74 25 43 88 96 26 51 90
23 81 14 64 63 96 78 49
100 41 45 77 27 16 83 59
75 22 96 53 73 52 41 75
42 97 92 49 18 53 28 96
36 71 94 85 46 45 44 27
96 33 30 14 69 21 39 13
11 82 90 90 23 61 40 38
71 51 57 89 13 10 42 66
46 13 88 80 11 98 73 32
55 99 35 13 63 18 70 88
29 80 81 51 60 10 52 61
16 71 61 77 36 88 22 24
84 73 83 81 72 95 19 62
40 40 100 26 67 47 20 35
30 19 82 99 89 24 25 49
56 35 47 50 53 79 78 92
92 36 80 99 67 52 74 32
95 29 56 44 72 78 44 39
37 77 76 19 73 89 61 84
91 86 39 30 42 62 59 16
46 69 19 22 100 38 65 19
56 54 94 34 42 79 45 27
99 32 99 56 63 22 77 11
78 61 11 66 91 58 41 44
24 99 87 46 63 31 54 60
60 84 20 76 12 99 27 94
34 48 10 83 78 58 89 52
13 97 70 22 25 96 57 55
35 65 36 88 21 61 40 65
42 68 45 43 87 42 20 78
100 49 74 18 82 33 30 50
82 25 59 98 53 27 33 83
29 10 18 79 18 80 94 10
21 39 69 49 37 50 46 26
59 96 72 22 75 99 100 56
42 39 77 39 40 76 65 64
61 98 92 71 59 25 30 43
13 20 49 53 44 27 46 90
67 86 64 21 79 30 68 74
65 92 35 76 96 43 82 17
48 49 18 20 52 12 28 83
16 70 68 10 89 30 35 34
59 84 59 53 88 66 85 78
85 20 88 85 34 47 43 83
14 53 46 15 23 41 37 61
12865 12315 11292 9381 8081 7315 6006 5051
94 15 30 42 57 13 11 32
71 40 43 27 77 53 87 19
51 82 19 93 49 50 82 87
44 77 91 67 46 25 70 13
59 55 46 17 97 77 66 14
26 95 63 45 30 32 33 99
37 82 32 83 20 84 92 52
17 75 69 62 48 27 59 66
72 65 54 96 55 92 28 67
55 44 51 54 39 24 49 83
61 14 74 36 89 68 46 59
61 18 11 18 49 98 75 45
16 87 65 47 96 55 74 74
100 38 27 85 10 74 38 43
84 64 56 67 18 26 26 52
82 73 39 73 87 19 61 87
85 65 21 53 84 61 53 66
40 43 23 63 98 62 23 15
40 100 88 77 40 77 91 71
89 100 27 90 78 99 41 65
21 24 29 18 69 80 50 24
96 10 20 20 11 52 33 15
41 89 50 35 55 87 53 43
45 60 56 20 99 32 33 78
41 79 20 26 88 90 14 20
38 100 61 77 60 12 14 45
23 30 58 65 67 27 13 86
29 35 26 78 58 63 52 57
13 47 92 69 82 66 80 51
92 41 49 41 31 90 25 99
35 49 83 33 36 82 37 19
47 54 51 43 65 30 44 25
56 17 41 26 97 33 38 13
87 60 28 48 87 40 50 45
65 19 21 95 82 38 43 33
61 67 23 56 68 76 97 43
69 70 40 88 35 50 13 63
76 66 87 18 60 78 33 34
17 18 75 44 91 16 38 20
36 20 30 78 20 56 67 58
32 47 41 66 90 14 86 75
75 88 53 31 99 16 37 35
74 47 74 39 24 30 96 62
33 94 26 88 79 38 38 32
82 74 53 69 23 24 74 36
84 65 60 60 78 67 66 38
87 61 27 92 23 59 79 16
91 77 76 63 94 61 17 48
17 80 46 48 84 47 61 99
99 24 42 52 99 69 75 89
67 33 48 25 94 41 39 88
70 89 47 29 75 20 77 91
80 19 19 18 54 27 71 100
20 80 15 18 43 71 62 80
88 20 100 13 45 24 85 40
45 23 84 56 18 73 40 34
54 47 24 86 61 50 32 64
96 53 87 64 15 33 44 49
85 23 30 93 91 34 63 55
26 48 12 85 38 52 89 65
77 38 18 89 46 10 59 100
17 81 20 77 78 70 97 39
39 26 54 65 38 70 97 37
84 99 49 89 44 55 83 42
93 68 55 55 98 81 21 64
81 89 20 27 42 55 71 87
10 45 81 50 52 16 50 53
51 17 58 73 83 75 69 18
60 50 48 44 57 100 64 98
65 78 96 29 28 88 36 22
27 47 53 46 46 85 79 49
68 35 91 51 30 18 32 70
75 34 84 39 96 54 43 95
20 45 23 90 27 27 36 32
10 38 84 65 92 98 95 83
26 85 48 15 36 87 57 21
75 40 14 43 46 94 74 78
27 15 78 95 94 89 25 17
77 68 26 77 55 47 10 41
48 100 28 32 67 15 68 26
19 89 79 71 77 29 38 27
18 53 39 91 27 44 92 52
44 73 74 49 88 31 71 44
28 33 30 76 76 29 33 68
27 28 25 16 80 30 69 47
56 38 49 100 100 44 83 59
58 35 80 83 65 64 87 39
49 80 41 92 95 72 64 15
60 45 68 14 99 69 71 64
42 13 80 82 74 46 11 58
84 100 82 78 81 73 32 58
89 38 53 73 25 49 88 73
67 55 36 17 47 96 73 70
88 14 73 42 63 74 87 27
43 98 98 16 12 98 93 73
27 73 12 49 54 76 97 75
65 76 72 81 71 60 77 98
29 12 90 93 27 89 88 70
28 94 51 34 87 12 94 14
96 95 15 41 36 67 71 71
12712 12812 11119 10374 8844 7558 6919 6048
12 92 67 78 99 17 13 57
53 43 89 26 43 22 62 54
33 18 35 35 39 54 23 14
72 46 63 46 54 26 71 39
83 61 59 42 76 43 23 96
57 73 88 46 38 64 36 50
78 20 98 87 38 63 62 63
18 25 33 45 85 100 62 33
62 58 31 11 86 75 41 71
83 90 83 95 88 80 53 24
15 44 43 22 17 50 30 20
65 39 74 99 94 75 84 80
55 63 24 35 94 36 84 62
61 83 44 58 31 56 88 39
18 86 22 36 59 61 53 24
28 99 96 40 92 32 50 57
27 41 64 81 23 26 63 91
66 57 97 24 37 81 65 71
39 56 98 78 90 48 71 20
14 20 57 35 63 77 42 67
79 32 35 89 67 31 85 24
24 87 34 65 50 87 11 24
28 84 39 45 41 27 20 56
83 98 54 70 96 25 82 27
88 98 53 75 87 97 57 69
58 48 44 78 48 46 22 70
72 46 37 38 58 61 57 40
68 75 40 22 22 78 92 34
50 67 58 86 16 38 14 66
49 42 21 17 50 13 21 19
81 84 33 13 97 25 54 79
39 34 35 55 55 49 24 97
100 83 70 94 33 69 34 52
53 91 11 69 21 52 37 71
35 64 69 38 71 84 85 31
89 43 51 73 97 11 94 12
69 29 64 97 28 49 74 77
99 40 73 90 63 24 73 50
75 68 60 21 49 64 66 69
12 87 85 47 95 24 11 74
13 87 15 60 55 36 85 67
87 32 94 65 61 18 94 100
13 55 30 70 40 34 97 21
39 52 57 90 10 93 54 10
39 40 78 68 28 95 15 41
97 55 63 77 14 31 36 82
81 98 72 20 10 93 74 30
66 70 82 76 90 39 69 81
13 86 30 62 87 33 16 78
89 27 99 63 16 36 77 88
88 83 17 58 36 33 24 57
68 64 36 92 77 90 59 93
39 55 11 43 63 15 100 85
45 79 49 64 42 26 11 68
23 86 39 62 28 41 90 28
59 46 72 63 48 85 92 50
89 13 79 20 66 74 11 37
90 16 71 56 87 80 11 94
59 59 47 45 79 49 70 67
20 27 12 48 27 23 29 25
94 47 98 92 45 14 15 84
77 12 80 53 12 60 22 50
92 30 91 73 26 100 64 26
78 19 21 24 70 52 37 63
10 53 77 55 45 46 57 47
97 47 83 93 77 66 79 53
77 51 61 90 10 63 95 33
33 32 67 69 55 62 49 36
39 81 11 43 65 18 28 37
26 31 89 73 13 100 72 69
88 78 63 69 98 100 79 89
18 13 16 63 74 94 50 11
58 81 34 99 47 67 14 19
71 50 74 52 65 22 100 70
57 44 78 55 68 94 52 48
84 78 89 58 63 51 58 36
90 59 69 24 34 78 12 80
17 51 39 40 92 30 36 60
36 90 26 51 43 37 57 69
64 19 80 12 45 73 52 94
19 44 18 37 69 61 32 76
47 85 97 42 60 41 87 19
80 67 52 75 91 19 12 25
75 11 79 21 56 29 55 16
63 32 83 63 38 76 35 48
96 33 38 31 52 16 24 88
44 55 48 91 95 34 83 94
62 78 90 18 57 51 44 59
43 86 61 16 23 10 14 95
39 46 11 94 25 73 45 72
45 95 96 82 15 13 72 20
32 92 49 31 80 48 70 27
18 50 71 61 93 59 67 38
23 51 26 57 73 70 21 14
26 21 48 75 98 53 66 90
33 13 51 29 73 37 86 45
37 43 14 88 95 44 84 80
40 65 54 34 48 63 78 90
52 64 91 69 22 69 99 79
96 40 84 63 13 67 93 64
12892 12657 10819 9116 7878 8028 6145 5608
29 76 37 96 43 90 70 30
80 59 77 91 41 89 80 46
76 46 50 94 93 56 33 36
42 28 76 95 87 26 59 64
82 25 22 26 81 76 67 71
35 21 32 65 66 32 89 19
23 85 64 36 27 66 81 49
38 40 87 27 83 88 15 84
96 59 62 21 35 12 69 71
58 59 73 18 20 19 26 60
38 55 78 99 36 25 79 54
26 42 34 73 75 77 76 56
68 38 51 31 16 25 56 81
47 91 75 10 46 28 10 32
17 86 50 52 45 92 73 75
11 98 25 84 67 100 37 83
48 14 67 59 94 93 17 97
66 58 58 84 87 12 54 11
92 75 96 36 94 44 84 50
79 93 85 31 82 72 19 48
29 86 38 91 62 45 29 76
68 87 32 81 85 24 62 23
97 46 34 75 58 45 38 69
88 16 76 71 25 64 20 100
63 10 88 33 76 53 58 48
32 74 58 37 52 72 71 28
13 63 64 73 49 92 51 47
49 42 38 10 50 56 100 24
54 58 54 34 27 27 23 73
51 61 69 44 95 81 10 15
97 72 39 92 62 91 55 83
91 39 94 17 40 87 29 92
42 79 26 32 42 49 23 95
52 28 11 16 98 82 12 86
83 98 60 13 92 96 99 29
12 48 17 19 55 67 65 99
100 52 37 38 27 45 10 89
82 96 11 31 22 53 11 85
41 71 36 58 35 63 44 36
10 28 98 57 98 81 94 97
79 22 72 92 14 27 46 93
38 96 87 98 80 12 79 59
29 74 48 98 50 28 79 48
40 86 25 15 87 67 37 26
81 41 92 62 65 86 97 35
77 98 35 58 23 53 21 85
81 36 43 89 47 96 14 71
93 10 14 14 54 28 32 24
58 61 61 12 40 50 72 22
74 94 65 93 33 35 66 12
50 13 35 74 16 100 53 38
70 97 59 35 41 55 35 31
46 55 18 48 53 83 18 37
96 75 72 61 90 52 81 32
72 28 100 88 96 28 98 48
15 55 33 94 46 59 73 20
60 91 71 53 18 95 94 67
67 27 72 43 33 63 99 82
12 86 87 34 56 100 60 87
70 84 89 55 54 72 25 31
37 41 57 19 51 19 32 69
23 68 54 23 40 24 27 29
90 15 53 82 63 87 62 39
26 27 57 100 22 14 10 39
53 13 16 64 77 21 14 23
84 67 28 41 44 96 74 33
33 52 72 36 54 21 62 88
72 55 18 97 12 34 23 98
55 48 29 15 88 97 39 72
85 54 70 29 74 92 56 93
44 76 75 75 75 92 13 97
98 42 64 67 76 50 34 34
68 69 89 94 60 43 27 33
14 57 92 76 76 30 55 18
23 85 77 21 42 13 61 74
20 66 85 49 70 30 67 59
31 45 50 81 41 24 90 62
82 78 57 73 18 80 88 95
56 27 65 33 99 90 49 91
69 40 86 20 39 71 61 32
97 93 83 11 85 93 55 83
39 63 59 46 21 87 85 91
20 80 81 21 57 75 66 41
35 61 22 25 75 100 63 84
79 47 90 19 62 63 54 74
94 70 14 93 11 35 96 20
89 67 89 96 86 29 99 23
28 92 45 16 93 81 66 20
81 53 25 74 91 94 46 71
19 26 48 88 87 20 30 44
88 65 85 64 87 55 76 75
93 29 57 27 23 70 88 47
75 78 75 25 73 94 99 32
90 88 48 92 56 77 54 45
22 32 88 70 51 19 29 99
94 92 53 65 100 65 86 74
83 49 19 20 80 81 35 92
86 86 66 31 47 30 38 27
51 50 82 24 79 81 23 87
59 76 17 74 98 30 26 25
12581 12481 10824 9782 8252 8330 6665 4800
23 71 29 19 93 56 17 40
18 51 31 48 83 28 14 93
24 39 100 55 28 49 52 55
21 39 15 80 83 24 94 33
99 60 46 10 72 65 29 58
19 21 53 62 14 41 32 93
97 12 48 47 36 54 76 50
75 21 53 70 78 33 92 42
59 24 59 23 64 48 46 15
34 89 27 46 16 78 38 11
68 69 99 81 50 29 32 24
65 18 78 41 43 88 25 35
78 17 47 89 22 25 66 90
64 12 75 87 52 68 20 95
64 14 54 98 15 52 24 71
42 75 38 26 81 45 66 64
79 21 58 72 55 12 35 79
75 64 27 52 76 49 39 73
23 22 15 27 98 99 27 86
81 35 86 28 18 63 19 35
69 58 50 58 26 69 70 89
11 90 18 99 97 46 77 60
89 56 35 70 44 69 15 39
51 54 92 44 33 59 57 33
41 17 52 18 73 84 12 45
100 21 81 80 79 52 11 87
72 53 80 87 17 29 23 55
47 17 41 68 16 39 16 69
83 52 28 15 96 76 61 30
17 50 18 67 79 19 55 89
72 68 71 16 10 11 26 35
55 98 83 85 92 43 97 19
85 30 41 47 95 69 71 43
92 81 23 33 80 59 37 100
56 41 48 59 45 71 17 82
88 35 61 39 87 50 42 70
43 42 22 100 94 84 35 77
81 65 32 32 74 17 29 57
78 81 16 25 44 21 84 56
57 49 92 51 46 78 55 12
75 63 56 81 45 57 100 97
74 83 82 45 94 44 70 18
37 38 83 37 81 34 91 89
59 27 62 13 53 79 21 17
48 66 45 85 82 81 25 71
15 34 13 45 48 22 53 82
15 90 70 75 76 52 15 29
88 75 23 76 20 24 88 14
54 38 27 36 43 76 65 68
29 60 18 45 31 65 12 54
48 50 32 96 11 26 68 36
55 15 39 51 30 89 71 11
71 84 62 12 88 27 53 42
44 79 39 12 100 15 54 21
49 35 66 45 78 53 17 27
86 52 66 19 17 11 46 13
37 44 64 11 92 65 16 91
83 36 40 30 48 97 97 82
81 41 99 93 59 58 82 95
49 75 45 34 46 85 75 53
43 56 53 15 13 45 54 77
86 92 81 27 59 59 48 76
35 33 77 62 53 78 21 66
80 40 82 12 76 75 71 38
50 44 38 63 30 63 18 17
87 98 63 49 10 49 96 31
55 85 94 98 77 46 44 39
67 65 21 66 14 95 90 67
12 12 81 77 69 22 66 43
18 20 52 14 74 16 68 99
87 100 49 83 14 93 92 27
91 85 70 68 69 35 44 54
24 98 47 66 96 64 26 88
100 94 41 96 36 62 40 22
72 29 58 96 74 21 79 44
87 43 30 78 46 39 17 24
14 34 38 69 87 73 52 92
58 84 62 15 98 18 47 40
22 28 36 40 34 22 56 79
95 84 37 48 67 55 32 56
75 65 81 63 82 70 63 78
97 62 67 30 46 88 53 86
29 46 92 39 30 97 88 42
48 74 17 42 31 67 95 56
96 46 14 11 14 69 30 74
44 13 69 16 82 68 64 68
12 63 53 10 12 18 38 68
92 58 95 82 58 12 11 96
79 65 18 79 28 23 97 89
100 88 22 19 27 34 95 94
58 41 15 11 68 16 96 17
58 41 61 91 88 52 66 77
75 20 22 26 92 63 94 52
92 65 35 40 46 84 44 33
38 21 79 46 58 81 30 31
47 74 76 17 45 37 51 47
36 92 72 76 59 100 73 63
46 10 66 41 92 73 32 75
74 63 54 79 90 43 10 81
92 23 72 51 42 90 74 21
