30 250 4
2 8 6 2
110 153 197 250
26554 19720 14451 8856
79 57 62 95
74 96 94 21
41 14 49 18
19 39 36 82
93 47 34 34
80 74 72 54
18 63 78 35
99 43 21 56
14 45 94 67
30 83 86 15
18 36 28 14
49 54 60 95
40 57 92 85
78 83 89 22
42 98 23 93
26 53 62 21
62 33 62 73
62 38 10 73
99 17 81 83
83 32 59 36
96 93 14 39
42 91 31 35
30 80 42 33
46 78 89 22
88 14 22 62
60 100 72 65
46 66 84 99
70 74 55 36
60 42 62 47
13 60 32 58
98 58 78 16
73 38 77 10
16 16 44 35
86 45 71 79
84 83 34 62
53 87 54 12
81 23 96 62
18 100 29 10
57 89 29 15
77 86 90 38
85 11 78 93
83 96 26 51
64 51 61 22
36 77 67 98
42 12 36 71
23 52 39 12
32 99 63 90
33 88 19 81
27 87 56 78
32 62 14 90
57 44 14 96
13 92 44 31
89 26 60 40
29 79 78 84
88 50 42 96
99 22 41 62
70 96 59 70
56 78 59 72
40 28 44 55
14 52 97 86
56 49 44 75
43 17 33 61
35 16 18 35
73 18 28 90
70 33 60 98
14 53 78 76
94 45 30 57
29 14 59 86
76 13 20 38
75 46 47 29
68 67 63 81
98 86 51 52
36 31 68 96
15 36 96 38
17 46 81 70
44 18 81 22
16 30 30 90
97 16 36 51
96 57 89 44
100 12 89 41
71 40 11 33
65 28 59 22
56 40 60 83
86 64 92 16
76 100 97 16
22 33 11 98
17 30 75 93
100 64 79 42
12 62 28 54
47 100 22 38
63 45 77 89
20 51 84 96
85 78 91 43
93 25 50 31
24 83 42 32
80 67 39 33
48 59 20 71
36 83 38 39
48 72 60 50
65 44 11 47
81 10 54 80
49 48 38 72
95 92 68 91
69 61 68 31
62 57 32 19
90 43 47 29
34 25 89 89
68 82 96 44
53 16 39 89
66 15 25 30
54 78 68 76
30 95 89 78
30 52 30 71
16 63 85 72
97 71 23 31
20 70 47 77
43 74 69 32
17 49 50 59
35 38 39 92
82 34 84 64
22 21 55 88
50 48 84 89
23 15 89 96
90 88 41 87
77 57 41 76
66 55 42 59
89 32 99 77
32 100 13 39
36 39 32 29
22 19 96 99
10 23 61 96
52 40 76 58
35 38 33 61
21 71 39 74
72 89 82 44
65 72 97 12
34 87 54 32
46 54 95 62
99 76 23 73
55 58 59 58
63 49 88 64
59 62 46 65
10 63 89 40
68 20 54 49
67 38 99 53
61 93 28 55
78 30 79 87
58 20 21 14
41 21 45 90
55 24 40 28
86 90 20 56
60 48 42 52
11 59 66 77
86 11 14 14
20 71 17 49
47 56 34 12
30 53 48 39
49 57 35 10
33 50 76 80
100 59 74 18
21 54 66 27
79 13 86 83
57 55 30 67
75 38 67 42
39 75 16 85
16 65 21 47
58 19 93 95
61 43 88 59
41 97 53 42
87 32 14 56
25 99 37 25
96 77 60 73
98 22 39 28
66 46 60 46
77 31 79 97
53 69 92 28
86 40 69 37
84 29 82 72
29 33 11 71
61 58 21 31
48 93 62 26
47 75 55 56
62 64 73 20
55 82 60 75
86 96 33 23
55 29 42 39
12 55 97 12
88 74 46 30
13 54 72 37
65 100 13 13
98 67 10 28
13 76 15 25
74 33 42 52
31 49 59 63
43 64 74 19
77 36 50 67
80 68 78 68
24 58 58 30
24 45 97 43
58 42 27 22
81 75 81 81
65 71 25 91
81 12 94 95
21 43 74 78
26 39 92 34
31 22 14 44
57 27 91 29
26 92 83 81
60 63 33 44
61 41 68 40
15 31 53 47
72 13 67 16
69 74 40 87
55 79 57 23
59 61 53 88
71 37 36 47
36 27 26 42
58 70 17 38
35 86 21 34
15 23 16 72
77 91 34 24
16 38 28 49
13 65 56 22
85 25 52 76
93 38 81 84
30 14 55 31
47 54 70 41
62 47 33 48
16 75 49 81
99 34 97 13
30 98 27 97
82 93 26 10
75 53 96 98
54 12 98 61
97 14 46 12
65 100 93 74
27 56 75 72
97 85 52 13
81 78 57 20
87 37 67 98
49 57 19 67
70 91 96 55
90 81 95 14
77 60 56 54
46 96 53 68
78 35 61 75
88 47 25 10
73 61 64 17
39 65 60 91
99 23 73 49
25109 20724 15354 9678
69 27 38 74
34 67 35 58
18 86 77 22
78 70 57 79
17 13 74 53
80 80 64 44
49 25 87 100
41 68 79 21
89 90 10 52
14 72 19 16
23 32 21 74
96 76 91 74
37 94 55 94
48 69 34 95
40 47 34 14
73 61 17 51
80 33 45 71
79 59 82 68
60 39 11 73
64 54 79 27
91 87 83 85
53 50 79 74
78 26 56 85
48 78 54 43
70 62 23 52
86 66 94 90
64 36 37 77
52 15 61 97
35 39 48 43
33 23 100 50
22 13 12 39
24 15 94 22
71 44 55 53
26 55 42 83
42 71 93 80
76 15 64 20
74 76 69 90
59 77 94 61
99 20 39 52
45 94 56 100
21 77 29 10
44 84 61 23
10 42 39 98
83 76 72 55
96 58 49 38
77 96 97 79
58 22 44 62
70 94 36 34
43 35 27 32
90 78 22 22
68 66 33 47
69 88 59 88
49 37 67 50
91 76 40 89
48 37 80 54
48 78 72 67
67 40 27 21
85 11 70 100
80 55 40 86
97 50 45 37
38 18 33 63
98 44 69 60
68 14 70 36
26 65 23 41
29 77 80 29
82 96 34 69
74 64 71 76
78 10 20 52
46 68 21 55
84 87 71 72
39 40 26 46
76 27 28 42
96 79 100 28
21 81 14 90
70 59 62 67
57 95 37 71
87 94 28 69
31 76 54 24
52 74 18 16
23 58 76 13
72 39 21 41
97 81 97 25
98 12 12 89
23 18 75 34
31 28 27 32
99 21 80 45
15 47 26 18
96 70 28 74
74 49 52 31
59 32 91 27
20 31 94 63
54 60 86 33
36 69 10 74
57 64 49 96
27 98 19 67
42 37 43 60
11 52 33 26
53 92 87 40
99 29 86 22
54 53 32 54
82 65 78 60
79 17 64 75
41 73 97 44
44 64 79 28
95 37 90 69
28 16 83 90
17 15 11 30
88 71 22 80
37 46 55 69
54 49 27 79
76 98 44 31
72 43 15 69
60 11 93 34
47 24 80 47
53 20 48 63
29 54 65 12
97 90 29 96
38 10 30 40
20 94 58 18
86 29 72 67
22 74 12 86
25 79 91 30
19 24 99 99
61 99 58 15
61 67 38 55
48 72 19 36
32 17 99 23
31 65 93 81
56 74 41 42
28 48 50 48
31 63 84 83
48 94 85 58
28 58 54 51
54 37 72 13
72 46 95 38
68 99 99 39
40 16 62 84
99 63 55 41
47 56 50 22
37 46 65 85
18 91 38 97
66 60 99 74
42 37 95 45
92 11 53 74
21 52 56 85
98 60 66 68
66 80 36 61
96 49 13 54
85 12 69 49
27 100 68 29
95 73 55 63
49 97 18 73
12 33 68 73
23 95 14 100
99 95 92 96
37 28 45 20
18 47 43 93
47 43 75 48
33 61 51 26
23 37 81 74
78 97 61 46
71 54 64 37
85 78 54 28
92 38 21 63
76 81 43 48
96 16 27 31
88 77 77 91
56 56 68 35
40 44 95 48
72 79 33 28
37 84 63 83
21 42 42 71
76 94 71 70
98 96 66 57
15 74 80 47
78 20 51 67
15 16 48 14
32 57 82 64
40 35 28 25
82 56 26 83
33 89 90 49
96 22 57 70
68 12 35 21
33 19 87 85
58 11 15 42
76 24 72 67
16 99 48 12
77 21 21 22
53 61 85 56
84 68 42 50
10 18 90 43
60 76 70 74
33 51 81 74
16 14 60 63
69 49 84 50
76 52 58 39
64 39 70 71
69 52 21 28
88 48 80 85
26 84 44 80
53 57 84 30
72 85 56 22
27 22 19 13
86 100 54 20
81 75 95 55
41 11 58 78
80 83 27 47
38 75 32 66
48 34 19 46
100 64 92 35
79 29 32 16
44 89 70 22
57 94 84 21
37 42 96 70
78 38 63 64
31 94 47 36
70 66 57 77
22 21 91 50
39 94 74 99
45 56 54 19
87 87 86 25
55 65 84 82
60 66 79 45
84 23 77 61
50 37 42 64
27 66 96 97
78 22 13 21
20 42 63 43
39 31 95 59
56 59 72 57
27 24 41 89
66 70 15 76
54 14 62 24
75 66 44 37
62 56 13 97
93 99 27 39
47 98 13 41
35 18 39 79
84 67 33 84
60 66 91 70
80 93 39 58
27 39 68 100
23 47 71 21
93 86 79 65
32 48 62 82
56 39 55 73
61 70 59 22
74 36 83 91
37 98 27 99
14 45 95 10
26335 21267 15222 9933
62 80 89 17
78 63 13 81
91 83 90 94
89 63 94 52
34 10 84 38
50 52 74 94
62 36 59 49
24 80 18 39
90 100 73 41
16 56 38 74
40 30 10 85
63 53 58 95
75 35 41 88
22 34 61 20
37 84 81 78
67 77 21 46
72 52 10 82
11 45 29 85
43 44 57 51
14 37 92 14
60 38 72 85
77 54 67 14
76 84 66 40
43 98 70 62
30 41 28 29
45 91 38 64
14 47 72 73
49 65 11 23
27 29 29 74
71 42 20 26
52 69 16 79
70 72 24 99
18 64 69 10
17 75 80 48
47 43 26 94
35 14 29 34
38 84 43 78
10 61 12 29
20 32 52 70
66 98 74 80
60 25 71 41
76 21 31 86
89 83 69 18
46 18 17 86
53 66 56 54
14 74 46 54
32 13 95 48
16 35 42 41
54 57 82 12
75 87 52 78
42 97 70 40
83 84 77 94
30 56 90 21
51 88 13 24
68 70 61 19
50 66 71 73
28 18 48 82
74 48 77 28
80 41 16 39
82 68 75 52
21 65 62 73
91 39 84 67
70 52 91 14
85 62 93 39
80 46 43 97
40 98 47 17
91 35 71 20
12 82 29 71
27 82 60 25
33 86 52 31
19 42 98 40
24 80 37 97
97 27 23 25
63 31 46 41
51 79 54 14
52 40 66 82
55 98 72 66
12 33 73 51
50 96 31 49
49 91 49 58
93 91 35 55
56 36 60 11
53 58 67 62
49 71 67 84
32 62 30 34
15 67 78 55
21 60 46 48
64 64 97 75
83 79 87 16
36 53 83 12
67 42 43 92
18 63 69 10
98 34 44 55
22 46 86 23
97 56 22 11
27 85 31 94
96 27 98 62
30 93 12 17
31 96 67 93
43 16 53 49
11 75 13 44
77 43 65 84
19 12 59 78
86 68 47 15
99 87 32 89
88 98 11 52
66 69 38 46
85 13 40 47
62 76 49 58
40 21 66 97
86 88 32 43
77 50 40 81
63 36 44 56
44 59 100 39
84 37 11 23
63 87 98 99
16 17 37 87
69 71 91 38
35 32 76 80
59 17 35 58
31 75 49 29
68 21 51 71
47 70 79 55
96 99 44 84
37 93 32 100
62 93 84 77
38 55 15 15
23 91 41 46
12 99 97 11
12 87 36 11
94 69 98 37
30 80 35 94
77 83 68 47
77 50 44 28
97 51 62 54
15 85 65 25
56 41 54 43
45 84 22 27
18 48 89 52
59 51 89 96
56 61 69 92
43 30 33 61
67 67 45 55
78 21 30 37
34 47 75 31
17 38 10 39
31 81 38 70
11 80 62 70
11 38 85 19
64 83 75 100
82 71 57 96
58 47 39 66
13 58 88 38
94 70 90 13
17 15 89 30
82 20 34 98
65 11 97 58
24 11 100 47
39 53 93 13
53 23 32 20
12 76 80 45
63 84 47 20
12 13 57 73
22 41 58 48
45 25 47 76
73 91 45 45
32 29 99 34
76 32 97 32
52 89 83 19
85 80 41 70
92 84 26 56
24 65 51 15
89 15 95 76
29 25 74 81
64 38 16 81
39 93 72 22
99 43 10 63
59 50 19 52
80 45 14 69
42 73 41 68
97 34 68 28
30 97 12 98
53 51 54 99
15 36 60 72
84 57 45 21
71 77 65 29
69 100 49 74
53 49 14 97
75 66 15 61
56 79 36 64
48 84 92 58
29 95 12 84
40 37 17 30
61 86 35 10
41 96 63 88
89 85 72 43
76 49 10 51
26 71 78 97
74 54 30 40
44 11 68 67
33 34 17 19
10 38 16 23
10 12 82 83
54 74 45 35
35 83 18 43
82 16 24 31
19 41 94 54
21 66 14 90
36 74 55 87
87 10 19 30
52 17 15 13
20 20 73 17
39 79 55 69
73 39 99 91
32 90 44 29
15 29 57 10
78 80 61 79
23 93 84 79
74 42 31 46
48 97 99 57
72 57 12 84
84 67 65 59
99 22 10 32
85 16 89 86
50 25 62 63
77 51 54 25
16 74 13 39
16 48 61 59
76 23 14 57
81 16 30 89
21 13 36 12
54 87 80 99
50 17 34 29
50 45 82 62
16 77 99 37
61 79 60 79
12 26 82 37
94 99 26 30
71 57 44 53
10 87 22 68
91 99 67 60
16 17 10 30
28 94 81 90
27 65 96 47
20 71 91 79
26 40 71 63
60 90 74 98
12 71 86 58
94 52 70 24
12 99 89 11
25428 19075 14164 9345
58 65 72 98
25 49 15 63
17 20 75 30
15 47 31 22
90 61 35 10
69 62 25 80
16 18 66 82
68 99 23 51
57 55 81 27
84 26 33 11
65 36 17 24
39 75 62 99
34 48 53 11
82 21 46 47
75 83 94 80
35 34 57 78
27 39 85 36
84 33 21 52
99 56 21 41
49 17 87 46
16 36 28 85
20 99 69 36
34 96 52 75
22 20 10 74
93 56 96 33
36 24 33 90
85 19 77 66
54 14 73 37
44 62 31 72
62 38 40 55
84 36 43 37
80 15 79 60
18 39 59 61
40 41 49 24
76 43 69 49
73 38 99 22
69 90 76 72
81 90 70 33
56 31 65 88
36 56 42 76
58 71 30 99
45 16 61 42
33 36 57 90
13 87 24 15
81 68 14 57
69 37 39 63
56 96 85 28
98 65 12 19
40 32 10 66
95 84 94 15
17 21 15 82
36 59 25 52
57 37 75 50
27 39 93 88
64 91 95 25
76 69 94 26
47 72 41 96
80 51 35 39
91 97 69 12
48 15 94 15
53 41 45 38
23 39 76 40
82 51 46 36
25 34 14 73
14 19 92 75
63 18 75 86
62 57 11 43
88 70 89 43
37 51 30 78
68 30 55 40
46 55 60 31
69 100 68 25
39 35 21 32
71 92 51 28
29 51 100 36
12 34 29 11
88 32 93 81
63 83 67 70
60 23 10 83
22 48 44 28
43 83 63 10
68 64 48 18
11 62 43 95
81 17 33 62
37 97 16 77
68 55 52 82
33 74 29 44
31 94 45 85
13 69 70 46
70 20 50 12
52 11 93 85
48 22 72 87
79 66 90 27
16 25 44 55
57 26 52 75
57 35 99 12
64 66 67 23
81 87 67 69
37 54 32 78
21 33 60 54
53 57 79 36
43 48 21 29
16 90 53 62
78 53 51 27
100 67 53 40
13 85 45 36
71 86 90 57
66 92 87 11
36 46 77 12
75 99 96 11
59 87 75 57
74 37 53 74
60 73 70 32
78 63 16 78
87 53 31 63
95 20 51 78
19 78 66 50
19 70 84 66
17 17 26 28
98 17 23 29
22 34 34 52
95 59 95 23
84 52 34 33
63 95 53 73
35 13 32 71
55 48 79 59
14 83 43 11
29 67 82 88
52 48 80 67
46 90 53 69
87 98 74 48
43 36 25 23
11 65 34 86
77 64 34 96
75 91 59 52
46 53 44 78
62 65 25 26
88 20 36 89
19 38 54 80
54 68 23 37
65 61 55 71
30 62 73 51
58 22 87 87
47 47 98 35
20 59 50 44
86 29 16 23
93 85 29 44
20 72 69 26
61 42 33 25
17 23 39 58
88 72 45 83
83 17 65 96
28 93 37 70
72 98 54 46
45 42 98 97
58 36 75 43
60 59 14 59
52 34 29 36
87 21 12 96
11 69 69 83
37 78 28 19
51 78 33 35
73 53 19 20
28 21 43 17
35 25 98 81
85 79 59 96
64 88 12 42
17 92 89 98
62 100 86 78
15 99 43 49
31 25 97 51
30 90 67 54
62 50 52 26
33 26 74 41
63 97 29 53
59 15 91 75
82 69 94 52
34 73 22 29
40 19 62 46
86 88 35 99
66 15 15 60
72 45 45 71
10 81 19 70
60 68 21 19
36 10 66 80
86 89 53 100
77 36 11 94
18 72 31 72
47 64 42 83
59 30 39 57
75 22 33 14
60 55 28 24
80 25 28 11
91 15 50 33
47 75 51 44
59 45 54 79
60 72 54 74
40 54 61 56
39 96 32 32
55 87 87 54
32 23 58 51
30 15 30 51
94 76 16 62
31 66 23 58
84 51 99 23
89 97 81 25
31 52 63 20
25 56 72 64
86 29 15 13
33 13 72 48
76 72 76 77
80 33 77 10
56 29 17 88
82 65 62 57
30 79 76 74
52 33 14 14
84 40 36 80
36 16 52 62
40 95 55 47
35 66 61 10
77 72 25 54
83 68 54 37
70 39 59 46
47 96 13 52
33 66 58 92
96 35 57 75
54 67 34 25
75 24 72 49
38 66 82 88
17 94 58 82
71 70 63 55
73 35 44 75
79 75 98 87
64 22 18 82
41 31 98 10
83 88 21 39
10 30 81 27
51 37 43 23
41 91 64 44
52 88 99 86
33 28 10 87
50 98 24 71
34 75 95 12
42 73 97 72
83 36 25 80
67 32 36 38
63 60 92 58
66 25 43 54
27 44 62 43
93 99 55 40
25699 19245 14404 9898
56 65 37 53
25 86 54 77
47 19 85 100
62 40 65 63
78 59 91 70
10 61 86 20
38 43 57 85
77 34 60 21
26 89 52 73
11 29 21 14
15 73 53 83
10 40 37 37
100 64 58 24
84 73 17 60
19 46 11 96
30 60 39 43
19 66 39 90
34 30 73 40
95 27 76 72
49 37 59 28
34 11 78 35
49 52 74 74
89 59 41 79
100 57 80 74
85 26 29 53
76 64 72 20
54 53 50 66
19 47 15 26
98 16 91 58
68 36 83 11
58 13 27 86
82 38 20 41
27 86 82 91
72 36 24 81
16 77 37 30
51 39 49 77
90 12 35 91
94 23 35 67
32 50 20 18
49 79 88 54
58 38 36 27
45 69 89 92
12 59 32 67
27 27 71 85
53 37 65 24
73 22 34 19
33 90 83 33
99 37 11 76
87 48 99 92
22 96 30 16
14 26 36 12
91 69 62 13
90 92 12 98
14 41 85 68
86 15 22 31
63 69 64 90
97 69 29 60
90 54 40 53
10 30 75 70
12 74 60 31
98 95 19 91
59 46 72 35
69 69 93 43
78 73 96 76
93 41 65 53
64 50 16 76
24 80 100 30
33 83 67 19
72 63 11 56
67 63 21 33
88 86 13 74
92 48 51 13
64 26 61 59
46 15 83 87
71 57 54 14
100 20 93 13
18 76 39 39
25 57 93 27
70 97 96 15
94 77 72 44
76 32 91 82
81 12 47 58
48 88 40 98
61 23 51 88
86 26 59 62
25 24 69 52
68 35 81 40
11 66 43 90
11 37 39 14
54 51 75 90
60 99 15 75
93 95 24 26
74 57 71 18
57 72 22 91
36 33 39 99
36 40 100 83
20 37 74 12
48 66 24 40
48 54 41 35
73 55 50 80
95 82 68 43
26 11 95 80
43 86 38 27
33 63 80 89
13 78 27 71
11 88 63 17
76 23 77 61
33 67 85 59
43 12 96 10
54 64 26 53
77 19 11 27
25 46 24 22
79 57 19 96
20 18 15 62
45 97 95 28
62 43 35 47
26 87 48 66
30 89 30 93
95 20 26 49
32 38 92 19
29 17 40 67
72 25 85 11
40 43 79 14
45 44 82 47
65 93 45 39
59 36 34 94
96 13 42 57
80 70 30 94
44 83 22 92
66 42 15 48
38 60 63 70
21 64 61 52
61 46 94 84
67 49 77 78
33 18 23 53
63 29 42 31
90 32 21 31
89 44 10 89
36 77 95 27
81 62 69 81
25 58 86 23
16 53 22 49
31 61 65 91
12 71 17 60
11 69 63 54
20 34 36 52
23 14 79 86
71 68 82 43
69 85 52 63
29 63 92 32
76 11 70 72
50 31 27 65
51 97 67 32
69 17 59 59
77 22 66 92
29 24 85 51
37 47 12 60
14 58 62 98
35 13 43 13
92 85 71 87
16 11 32 97
55 44 58 10
48 71 74 44
27 55 39 46
50 12 27 91
49 66 73 72
71 45 51 37
29 69 59 88
35 76 26 57
96 72 11 75
27 11 50 58
56 28 63 19
78 26 62 55
68 54 13 34
99 12 21 12
72 74 81 48
54 10 85 61
87 80 29 35
93 22 12 31
96 35 100 40
72 52 51 87
18 87 47 98
19 94 50 81
53 17 94 47
13 59 52 45
18 52 49 65
32 82 88 45
61 61 90 42
83 81 58 18
57 57 54 74
22 59 42 92
28 55 55 98
27 36 74 24
88 73 39 90
63 59 85 61
48 42 83 39
45 29 98 30
45 21 46 21
61 87 71 39
100 15 50 16
14 60 94 35
53 93 48 10
95 16 50 98
65 45 67 13
24 33 65 72
69 49 89 45
69 20 55 25
54 95 23 50
18 52 11 40
73 89 26 51
65 67 13 73
33 80 34 42
35 41 88 15
39 53 95 71
16 71 82 70
55 67 77 24
79 99 96 18
15 42 35 61
18 95 12 50
10 32 34 87
18 80 58 35
23 46 32 34
67 91 65 29
89 60 97 87
66 92 33 85
32 20 75 48
99 76 10 53
29 53 24 62
48 57 98 72
29 69 29 64
49 96 27 89
53 34 41 37
93 30 24 21
28 74 85 14
34 53 13 66
13 57 10 78
12 42 19 75
66 27 86 51
87 83 77 56
54 37 33 11
62 37 63 67
35 10 39 64
42 32 25 65
26 94 46 99
68 54 40 14
45 50 55 57
42 73 11 45
11 43 59 18
70 63 94 44
83 89 71 38
25725 20671 15197 9499
56 28 39 14
97 74 66 97
18 60 22 26
83 91 24 31
48 51 10 88
48 33 32 98
88 31 77 39
40 87 30 13
32 86 58 75
58 52 93 21
27 52 22 77
15 75 95 21
43 22 19 56
76 40 21 34
81 51 37 87
15 80 57 94
95 76 56 17
19 13 79 34
80 35 27 65
87 60 48 61
16 54 94 32
40 53 39 18
58 54 48 62
91 86 63 70
83 21 79 98
57 64 46 11
74 17 83 42
87 19 58 43
24 21 90 39
69 93 37 59
14 14 21 10
88 63 100 45
92 89 38 52
47 64 39 91
52 100 15 87
77 68 75 91
33 58 83 48
60 35 43 36
81 94 60 100
81 63 90 67
27 12 47 86
87 84 45 65
17 81 13 99
33 48 89 29
19 72 79 69
99 42 62 67
82 20 52 21
21 98 96 80
10 81 31 46
90 33 70 67
43 55 82 30
92 32 56 97
98 65 75 63
23 81 76 20
51 90 39 87
20 66 67 38
70 82 62 43
100 100 42 22
87 74 73 51
21 67 27 41
48 94 62 84
42 36 15 42
27 63 74 82
82 37 58 46
35 33 47 54
94 22 42 85
53 91 99 93
69 69 39 79
23 54 59 35
97 83 69 23
98 86 15 91
30 75 68 58
50 60 42 63
77 25 34 18
78 75 49 51
41 55 66 57
18 85 63 44
54 62 33 54
48 46 89 98
49 78 46 72
31 40 100 63
20 50 61 90
51 55 94 52
95 55 18 42
31 73 53 54
48 84 91 41
53 97 38 27
25 40 52 89
57 36 46 54
59 58 54 75
10 68 84 28
48 94 87 88
84 22 64 100
75 71 47 56
50 97 85 100
98 70 87 74
25 99 55 48
80 21 67 67
84 62 100 60
36 87 96 23
41 47 19 43
38 85 40 73
20 19 70 75
94 84 77 33
14 16 17 63
89 37 22 53
60 11 88 62
40 65 88 72
12 93 27 93
86 28 81 49
50 55 12 27
44 54 87 34
44 54 52 56
81 50 64 62
25 29 30 96
54 36 89 16
93 37 55 43
72 63 43 31
64 44 88 48
62 95 82 44
15 22 79 68
68 55 53 91
84 31 86 53
48 29 50 79
58 28 36 51
68 98 72 51
15 41 26 74
79 45 27 98
25 56 58 62
19 70 78 18
59 49 40 53
67 12 91 100
12 81 52 33
47 67 59 44
92 67 76 33
77 23 57 19
32 84 52 54
49 32 88 11
36 22 53 87
90 86 50 35
62 25 48 82
50 43 32 43
64 45 56 31
19 83 27 21
46 27 68 53
86 61 37 50
70 49 47 63
78 96 21 84
69 47 14 97
33 26 77 63
28 75 76 91
31 24 18 27
16 50 32 95
64 26 61 52
59 39 60 64
93 17 36 75
39 93 50 38
88 71 67 73
12 60 50 66
88 25 65 22
65 99 97 99
49 94 97 24
46 95 31 21
37 62 43 77
78 14 42 81
16 63 84 37
29 25 27 91
35 38 88 11
11 75 44 73
79 22 71 79
77 87 17 88
72 96 24 33
26 31 95 39
29 26 18 49
19 31 93 72
31 61 50 69
22 25 96 29
23 45 62 82
33 43 68 26
18 44 54 42
85 12 97 30
64 21 28 52
96 100 85 59
46 100 22 92
36 17 46 58
35 31 24 77
49 88 89 16
25 21 66 23
19 34 33 100
31 21 65 87
82 35 60 15
36 10 94 39
69 69 19 17
84 29 13 59
23 24 89 42
89 71 83 28
29 76 59 81
36 41 95 10
65 83 60 57
37 83 90 45
21 91 51 23
23 87 46 40
81 94 96 50
22 52 71 46
74 53 35 83
87 38 98 53
77 44 65 60
10 97 35 85
64 50 78 19
31 70 28 94
36 44 47 17
10 92 25 78
92 67 66 50
54 20 68 99
91 45 67 63
46 42 99 19
77 96 94 50
29 49 53 94
29 38 98 67
71 99 82 24
15 60 48 28
98 35 84 19
10 80 27 25
81 19 17 82
62 33 29 32
48 86 75 51
20 20 48 61
100 83 60 51
98 62 89 40
48 70 49 17
33 61 92 41
59 33 15 58
67 84 12 13
38 12 96 80
89 24 52 29
59 62 24 50
33 83 64 66
70 64 36 49
85 64 54 61
29 47 93 82
52 88 46 58
77 95 49 96
99 66 18 76
55 35 31 52
76 17 38 21
60 31 89 52
96 43 63 26
23 50 28 85
83 81 26 74
71 14 26 20
26770 20821 14630 9266
25 11 64 23
54 38 68 84
57 15 89 36
61 84 16 52
89 65 36 80
59 96 92 30
13 14 90 71
13 25 98 70
50 13 47 61
58 28 92 27
14 33 68 96
70 27 20 81
59 29 38 47
85 89 26 47
62 34 15 91
71 72 12 99
19 57 48 72
94 58 99 82
29 93 89 76
44 59 62 18
32 95 19 11
99 49 54 63
24 22 54 64
67 94 19 73
73 65 20 63
85 82 63 23
91 33 16 34
59 64 17 19
93 24 71 10
93 63 10 42
32 41 21 11
98 21 35 81
68 11 57 38
25 17 46 47
14 74 43 32
31 98 69 21
55 75 98 77
31 64 62 84
33 99 29 18
77 80 78 93
97 86 46 63
83 35 92 45
64 96 13 19
74 43 99 84
76 56 22 76
12 99 35 28
25 57 14 74
31 64 86 10
82 90 64 91
55 37 95 65
46 91 57 27
83 23 82 10
60 60 55 92
86 19 24 98
43 23 99 65
22 100 40 46
60 53 17 24
57 15 71 47
86 73 16 85
63 51 93 59
61 19 53 21
37 34 48 24
43 37 36 17
21 75 20 54
97 33 32 18
44 80 51 88
78 11 60 34
50 98 51 52
62 54 93 62
65 15 49 10
26 65 34 48
34 12 21 26
49 62 11 78
54 67 25 13
11 19 91 82
78 11 96 26
62 51 96 47
94 75 25 99
38 27 19 35
47 96 26 54
87 70 70 43
67 36 87 32
86 80 63 52
75 84 28 82
91 59 68 10
63 29 83 30
56 88 63 79
33 76 58 88
58 35 13 54
63 15 34 57
86 17 36 78
83 99 61 47
73 54 12 32
26 35 86 15
73 100 56 23
56 66 28 32
49 23 80 98
21 70 25 29
26 98 12 16
76 79 92 40
83 70 77 40
63 51 35 14
50 67 75 72
76 63 91 41
74 80 64 100
42 45 13 23
30 55 74 27
85 23 42 24
18 58 19 18
98 19 74 71
61 70 50 11
81 55 67 55
44 26 18 81
84 46 12 14
98 34 22 55
22 80 31 68
84 41 24 18
82 94 51 35
77 68 68 92
36 40 86 89
25 36 39 89
34 53 36 52
95 81 71 29
24 85 27 86
20 55 12 92
37 49 14 43
94 63 40 31
97 96 51 69
28 100 89 100
35 59 79 87
76 36 88 13
43 24 52 63
59 96 42 29
79 80 93 85
59 82 63 60
29 37 13 39
61 95 44 81
88 36 80 92
94 76 69 10
84 41 50 21
16 28 88 30
20 37 78 46
11 63 39 55
93 42 35 91
62 44 29 40
89 19 73 11
69 94 46 65
47 88 80 26
89 68 77 32
61 45 14 71
40 92 55 20
25 23 89 10
72 82 57 50
99 53 37 92
57 28 47 86
67 96 90 47
38 48 90 27
93 98 17 15
80 17 78 57
91 75 82 39
36 44 94 28
96 46 16 47
100 26 86 100
87 91 82 46
49 71 63 21
16 24 45 43
48 95 69 21
37 74 45 44
29 93 67 43
82 70 58 80
26 13 25 10
69 14 40 86
96 43 42 49
92 15 87 26
84 68 80 53
34 28 46 49
66 50 23 87
65 15 52 20
78 47 18 63
81 29 86 13
78 45 60 91
43 40 50 96
62 23 47 17
38 36 79 69
99 27 82 67
77 91 45 15
85 25 89 22
26 80 37 90
58 13 24 18
86 28 28 97
12 26 97 90
61 41 25 69
70 91 69 41
12 100 48 90
74 30 17 54
61 40 78 33
54 10 21 99
87 61 99 20
57 84 17 26
13 66 89 22
62 52 97 34
83 71 73 78
12 80 60 88
67 16 30 35
65 43 23 22
49 27 13 39
84 69 81 26
14 75 10 97
24 98 56 65
11 100 19 26
59 82 24 19
10 92 48 45
66 48 96 67
53 80 63 89
95 16 49 30
55 84 66 10
45 13 59 83
32 21 88 29
43 10 65 36
81 61 99 35
13 91 47 64
100 98 96 14
79 39 54 63
17 35 77 97
52 18 88 57
57 48 54 89
15 85 96 27
58 98 69 21
86 87 87 83
62 59 98 79
42 65 72 71
76 57 34 53
90 42 57 40
49 17 82 40
65 67 87 82
18 45 28 85
68 81 19 89
58 49 26 48
16 80 15 10
32 38 48 48
20 19 94 23
91 24 35 71
89 57 39 69
12 69 29 70
65 32 30 15
63 93 43 16
41 38 30 52
73 54 10 47
37 29 20 70
99 27 97 38
25617 19020 14815 9665
14 89 78 26
61 43 25 74
80 18 71 67
91 87 23 10
12 55 12 25
19 44 37 50
50 86 97 21
49 35 20 25
73 93 35 92
50 20 87 12
65 71 90 54
69 53 50 78
51 12 38 45
59 58 14 20
95 63 18 26
53 79 25 30
79 20 93 73
55 25 15 67
60 58 79 20
39 47 63 75
82 45 97 81
99 50 17 52
98 97 78 71
78 13 30 17
54 48 58 75
44 29 31 98
44 43 98 33
33 68 32 47
22 21 78 43
33 79 83 70
78 32 58 84
21 51 89 57
21 27 38 82
72 59 52 56
65 37 82 83
73 47 27 40
53 50 99 61
17 27 47 90
83 43 66 53
46 27 21 52
40 23 24 38
15 28 33 88
73 90 64 48
60 87 88 53
38 39 14 94
100 35 17 54
74 76 97 92
26 41 88 66
66 78 95 11
15 59 55 46
62 54 62 76
47 25 74 39
30 82 75 36
87 31 30 11
67 65 34 73
78 14 31 47
81 71 10 12
59 39 20 89
37 60 75 53
57 17 90 18
66 84 19 28
41 32 36 25
40 90 39 26
78 41 43 87
89 61 35 71
64 59 85 97
62 17 10 65
93 63 65 97
26 72 73 49
87 76 45 19
30 81 17 52
49 61 88 97
20 14 79 31
38 93 46 50
66 68 91 12
82 55 91 68
60 21 94 35
74 12 63 21
54 16 90 65
45 12 11 56
50 14 99 16
93 50 75 15
71 99 12 24
73 11 54 38
30 54 81 69
87 82 97 37
26 56 99 47
32 19 69 43
29 13 23 48
27 26 99 63
19 71 95 17
73 83 43 85
32 81 60 27
74 30 78 77
66 21 85 18
39 81 97 51
55 48 78 11
23 31 86 39
37 90 47 66
70 87 34 27
96 33 100 36
98 54 19 79
41 87 52 42
18 64 96 71
58 71 87 43
19 81 69 16
30 13 25 26
77 83 27 17
90 46 18 42
87 36 35 66
63 95 38 71
15 62 85 10
100 16 59 63
100 37 29 40
67 49 13 86
83 54 66 70
56 64 59 26
36 63 76 37
69 61 16 76
68 54 29 40
92 42 11 30
38 54 62 99
96 28 67 56
70 61 24 75
74 78 42 24
96 22 30 16
65 65 86 51
79 57 29 73
31 49 75 48
58 67 44 18
44 48 88 60
59 58 53 69
95 60 80 33
35 51 68 56
32 91 35 77
97 51 50 46
37 87 82 95
33 29 38 25
21 35 63 44
52 80 15 11
99 76 11 49
71 15 39 71
53 27 40 90
87 52 50 36
25 33 40 56
40 89 34 42
80 61 50 49
29 44 99 67
83 63 81 34
99 56 75 42
60 100 67 63
69 67 46 79
28 85 86 99
27 29 78 61
50 19 24 71
51 32 15 54
96 71 86 77
51 77 33 49
98 33 63 33
99 21 77 49
87 87 36 21
23 89 30 11
47 28 50 38
77 19 74 97
43 93 81 26
35 75 14 41
86 55 84 14
31 33 29 77
80 20 11 38
84 96 57 43
59 91 28 64
62 96 37 62
26 30 78 68
28 69 41 36
24 69 64 19
36 48 64 33
14 60 20 96
76 48 83 18
34 29 29 73
14 28 77 37
12 31 21 99
36 68 11 49
98 55 79 30
54 82 15 44
86 59 56 75
32 52 88 38
62 93 39 34
94 77 65 96
54 31 17 36
55 56 35 39
64 47 52 82
73 36 56 41
22 26 68 73
52 11 63 51
32 35 92 36
13 38 15 84
68 72 12 30
53 20 64 29
44 100 16 18
92 36 82 79
100 58 29 53
19 62 41 42
15 98 16 20
64 19 88 88
85 44 47 58
60 100 50 65
34 41 54 33
66 37 54 47
45 75 98 26
35 54 73 83
93 78 53 46
46 40 89 49
27 72 51 19
28 43 54 84
59 30 14 54
38 18 89 59
53 69 92 15
13 12 71 35
32 34 88 83
98 32 73 18
24 69 100 25
75 69 64 39
87 17 39 82
48 38 95 82
25 59 53 35
50 65 38 85
71 60 26 50
48 50 13 21
67 99 46 10
14 30 45 63
56 85 44 64
53 30 18 27
36 61 73 47
42 86 11 76
33 73 94 67
87 51 20 43
52 88 11 56
93 58 87 76
94 57 20 77
95 74 84 96
53 21 18 93
87 70 40 28
88 84 73 59
97 46 29 97
13 98 36 98
78 89 30 86
26 87 26 48
30 63 58 50
31 60 45 16
60 35 52 12
25577 20840 16211 9429
63 15 37 48
22 33 36 56
27 48 31 48
51 54 18 24
51 66 25 18
30 78 44 16
90 27 45 35
54 75 31 61
76 63 93 100
65 99 100 97
77 74 34 23
60 19 91 86
29 35 23 70
36 70 89 95
88 66 91 18
32 32 45 36
61 69 14 72
71 15 90 14
42 45 100 85
39 71 78 95
43 18 27 100
46 80 52 41
59 24 41 23
37 94 25 81
28 46 77 31
88 57 86 49
76 38 63 18
76 51 71 58
51 65 73 77
82 49 50 92
65 49 29 21
87 46 30 12
77 98 93 78
64 22 65 42
47 63 13 96
35 94 84 39
43 10 31 98
75 68 51 78
69 85 84 96
73 63 54 97
14 70 63 28
77 31 13 13
75 24 76 89
41 97 60 27
31 86 48 26
15 83 64 70
65 39 67 89
54 27 33 34
91 56 54 35
15 15 70 98
34 28 50 34
13 65 83 73
85 55 25 16
24 54 94 46
80 68 16 88
58 17 44 85
73 84 91 70
73 31 82 86
53 20 49 65
12 60 82 28
37 34 74 66
78 12 13 61
16 100 26 61
12 58 97 95
81 34 58 12
48 71 44 25
10 81 28 44
84 30 56 39
32 26 80 10
63 62 71 24
37 76 70 54
26 33 35 41
90 41 10 87
17 71 36 52
64 40 29 46
86 45 45 16
86 59 41 87
94 55 32 85
35 66 53 69
11 84 36 68
15 60 15 76
40 100 32 56
56 45 51 14
77 13 65 69
46 76 32 64
50 74 14 88
33 34 91 70
75 48 43 71
34 53 51 96
76 73 45 24
58 96 24 73
85 63 81 63
69 94 95 67
96 85 56 19
25 18 70 70
22 85 16 40
20 86 91 46
93 27 15 23
96 42 86 22
41 81 97 75
67 97 84 44
99 16 36 61
23 21 29 72
79 30 39 96
59 84 79 94
36 94 40 22
32 17 18 20
90 36 11 93
15 39 87 81
96 79 56 76
28 37 52 63
21 23 19 97
40 29 78 97
27 16 40 16
34 38 33 41
15 89 25 13
90 13 64 72
95 18 10 89
100 36 78 84
49 62 60 34
91 26 44 57
62 70 70 70
56 61 90 80
36 33 94 67
83 43 80 30
74 62 40 50
85 56 53 11
55 82 30 43
88 16 35 61
29 47 31 99
23 42 18 39
78 47 71 91
12 43 75 84
61 84 99 13
36 39 43 49
14 58 43 25
84 24 99 52
90 14 14 14
47 44 43 30
26 41 48 100
69 95 44 52
16 52 53 15
54 57 51 33
50 99 97 47
44 19 42 78
34 22 60 26
58 56 10 30
94 32 55 24
48 49 27 50
99 84 59 32
22 87 86 12
69 70 13 75
85 24 94 73
27 23 89 20
14 50 81 24
58 57 82 14
25 27 18 64
80 100 33 27
83 90 89 56
16 48 84 88
99 73 25 11
100 39 23 78
87 83 75 75
12 83 61 91
11 42 28 24
70 35 81 74
77 49 55 85
39 51 17 35
35 89 91 85
46 86 63 80
93 83 42 50
48 91 90 13
14 59 83 31
65 38 55 51
95 48 97 33
21 42 11 40
88 57 32 98
18 72 96 34
61 37 50 61
87 30 85 78
45 24 32 49
98 82 16 54
89 88 96 35
45 27 48 23
90 77 81 84
98 82 68 48
76 94 98 59
14 56 79 21
70 69 87 73
67 79 75 33
61 50 82 36
16 14 38 65
68 12 60 90
99 78 14 67
88 62 82 79
27 79 69 86
63 10 96 36
16 58 59 39
82 44 29 70
45 22 21 69
34 78 49 64
91 51 82 81
73 40 34 37
99 17 41 56
40 61 16 81
72 90 81 36
24 12 76 75
29 48 48 53
75 97 34 99
56 12 90 94
12 43 90 36
18 84 78 74
91 13 19 32
49 61 46 97
26 78 58 49
19 98 23 51
19 71 73 32
61 20 16 85
12 81 37 17
35 93 81 45
44 77 42 41
75 79 87 50
83 24 82 46
61 37 84 20
86 90 34 91
36 97 61 51
96 68 60 42
82 97 83 92
66 59 100 76
85 77 70 99
24 51 28 90
54 18 43 67
95 31 14 99
45 72 50 70
45 59 63 97
88 60 57 60
35 55 78 37
73 90 40 54
17 26 28 69
12 18 13 32
100 93 79 97
63 21 79 93
14 43 99 92
85 65 86 26
73 13 90 20
96 25 81 40
97 85 39 19
57 42 93 74
71 73 34 53
49 99 25 65
26300 20293 15880 9785
37 51 80 85
72 97 59 50
81 63 34 19
25 44 13 55
17 35 94 77
88 52 25 59
33 86 74 14
95 69 81 68
68 91 20 75
87 90 85 69
35 37 59 69
95 76 78 84
83 40 66 46
73 19 85 89
97 19 54 72
28 95 46 62
27 74 82 42
40 76 19 41
32 82 76 64
80 20 85 49
85 56 53 42
92 89 98 66
75 28 90 89
82 70 42 84
26 11 81 89
99 42 22 43
44 10 10 78
12 68 89 97
60 44 79 22
84 10 78 85
83 26 84 27
57 92 86 36
86 30 83 94
39 63 30 31
10 40 62 38
88 57 79 73
68 81 77 74
49 51 43 57
22 98 28 41
47 40 91 29
80 54 41 61
18 81 97 59
41 11 51 71
84 62 34 38
63 40 99 46
90 41 84 79
26 13 93 50
23 43 87 45
15 61 23 75
84 24 31 69
81 95 52 92
88 32 30 44
46 90 84 98
60 78 64 20
65 68 28 67
28 96 15 37
46 85 82 83
13 21 65 61
43 72 34 47
49 45 28 15
14 66 58 73
100 45 25 13
73 77 27 33
84 85 35 37
47 68 20 70
48 13 82 76
78 85 89 54
19 65 84 36
96 18 37 58
41 24 88 15
16 38 68 67
22 35 38 88
63 81 18 17
10 91 30 22
83 80 86 14
45 100 44 96
66 78 35 66
40 93 62 81
74 37 77 20
89 50 60 83
17 68 73 29
14 40 85 72
80 85 89 73
29 51 37 45
30 68 89 98
11 50 16 15
74 29 10 97
41 31 68 22
38 21 74 36
48 28 97 61
32 87 92 70
44 43 17 44
14 63 22 37
39 83 42 33
69 91 14 100
62 64 26 57
29 81 46 94
52 11 69 89
88 10 49 96
38 59 94 87
83 29 22 65
58 40 69 13
88 39 22 17
21 25 48 53
44 32 26 90
61 78 59 71
52 44 89 97
51 69 20 24
56 40 58 92
38 79 73 40
30 27 12 96
25 86 90 12
60 83 93 74
34 11 47 79
22 46 30 23
66 24 56 36
17 45 80 75
84 62 96 81
67 72 34 53
56 82 23 74
40 21 76 32
54 48 32 82
99 42 95 11
13 19 22 83
46 47 12 46
22 67 59 22
27 78 71 25
58 75 89 92
98 69 18 28
59 37 35 72
93 60 27 50
78 80 38 94
98 32 12 81
72 67 68 37
59 85 34 81
52 20 60 45
86 32 74 26
37 59 10 95
100 98 26 98
43 96 50 97
18 78 16 25
65 16 94 32
90 22 19 24
43 89 89 44
30 93 31 71
25 27 44 26
38 63 65 55
94 45 62 19
31 14 19 95
72 82 78 39
70 54 77 90
66 58 82 22
72 82 22 29
50 36 45 57
51 76 100 20
47 87 43 28
79 11 99 21
56 77 24 81
96 88 69 13
74 92 100 99
19 31 70 16
39 78 78 15
29 18 18 50
82 64 99 78
85 35 88 16
98 45 76 36
93 45 79 39
37 74 21 40
77 73 53 72
25 59 22 27
67 100 25 63
63 88 49 57
69 52 56 65
72 76 17 26
15 54 38 50
45 69 18 46
80 42 69 98
83 32 100 75
74 47 63 19
82 84 85 88
51 45 54 18
93 74 20 70
15 67 80 66
32 45 69 47
89 60 70 43
84 67 58 98
78 88 87 22
87 100 22 32
58 36 65 99
100 30 35 57
73 47 37 48
17 28 22 76
92 92 35 74
93 57 57 98
12 67 41 47
100 18 22 14
66 59 40 38
88 68 51 65
15 95 70 36
51 38 18 81
10 92 51 95
44 56 34 92
83 40 48 74
20 32 42 62
93 39 59 74
98 70 17 53
63 96 22 36
17 74 13 58
15 87 27 18
10 57 11 35
83 39 98 69
13 28 54 34
20 11 29 31
63 90 53 14
71 61 23 52
20 74 73 35
46 47 64 14
99 25 47 87
69 51 94 60
54 81 13 99
71 38 35 66
71 68 45 97
38 75 69 54
30 99 17 41
96 47 78 95
35 92 82 58
95 65 75 28
78 58 19 58
63 60 71 51
27 32 96 70
97 70 19 79
11 91 29 16
81 41 72 78
85 28 50 30
100 17 65 24
46 93 31 49
28 56 17 76
17 39 32 91
26 57 27 78
22 61 23 39
78 28 42 19
92 17 79 99
77 36 56 47
48 49 79 100
71 53 36 78
27 89 30 74
35 45 54 32
18 72 42 40
77 22 87 66
19 52 90 38
26291 20895 16032 10610
14 95 57 16
59 79 78 62
53 63 92 48
75 20 45 12
39 74 75 96
90 92 23 40
34 95 66 16
95 48 60 88
52 74 26 94
32 73 80 60
85 83 15 20
78 83 17 43
30 25 67 53
43 61 34 34
47 69 76 12
46 50 41 97
34 56 34 32
32 42 14 21
40 55 26 35
43 55 56 30
81 16 40 15
32 95 25 61
84 65 25 38
76 23 16 98
29 70 67 74
15 85 93 86
77 19 54 18
29 31 87 40
17 76 31 77
11 33 76 15
11 17 21 94
25 94 70 70
61 67 67 62
39 42 23 37
93 24 51 62
11 41 40 29
21 81 79 69
88 66 76 38
36 80 15 94
35 35 39 81
100 65 73 62
13 88 16 12
69 27 72 40
92 35 60 37
62 53 65 36
74 96 86 11
15 91 93 22
26 19 20 77
34 16 60 89
19 53 10 56
92 63 26 83
49 86 24 54
98 48 46 15
49 66 38 86
80 20 13 78
37 74 20 60
22 89 63 64
29 24 93 42
31 96 35 31
74 38 55 29
68 28 55 95
30 30 46 74
20 29 20 82
46 96 88 59
31 72 53 15
62 47 12 18
62 74 54 25
29 68 37 86
98 16 56 18
93 100 15 36
53 78 21 24
77 19 61 84
78 40 26 63
69 40 20 18
43 70 95 68
20 47 23 90
71 63 60 95
63 82 46 47
49 51 51 36
32 77 37 86
88 82 94 10
14 68 29 97
97 85 38 57
51 74 41 50
75 85 28 58
40 34 62 56
34 55 40 33
50 100 95 58
29 31 88 64
65 40 10 10
25 43 23 44
24 59 45 40
39 31 31 19
21 36 84 94
28 52 18 82
19 100 35 16
37 86 31 57
47 70 39 78
67 44 76 56
18 79 67 47
64 54 88 25
55 80 98 51
71 85 10 47
70 90 86 18
47 61 67 56
98 61 13 18
78 55 48 49
13 22 75 99
63 21 87 80
19 39 36 29
59 44 33 79
72 29 35 18
35 76 70 15
38 98 43 48
38 68 90 14
96 87 35 33
83 73 12 42
23 24 33 71
82 83 81 80
61 44 74 91
98 98 56 10
83 100 66 89
70 91 32 79
94 15 97 62
53 36 84 95
89 77 63 25
25 93 24 11
70 68 47 41
79 25 41 36
12 25 88 28
23 29 17 36
40 17 78 55
78 67 68 46
65 12 77 24
98 51 52 47
96 14 24 72
56 15 63 57
65 32 99 85
16 58 29 35
71 96 60 50
11 32 94 46
35 25 97 91
27 54 32 88
44 12 87 48
40 59 88 13
78 99 88 50
57 77 11 96
51 16 16 57
71 79 40 86
94 48 41 77
55 97 42 43
70 69 91 60
35 96 62 88
83 97 51 79
19 48 36 23
74 24 10 85
71 25 51 54
35 23 12 23
14 50 71 68
25 100 23 68
62 20 20 42
11 100 96 95
85 73 18 89
71 50 99 91
65 60 65 67
38 35 10 96
34 45 75 72
25 87 58 17
67 23 23 24
91 35 81 68
74 68 80 60
70 17 13 39
43 27 62 24
28 32 55 25
51 78 41 39
43 61 98 92
34 56 14 15
64 55 97 18
47 92 82 31
57 71 18 28
41 91 78 30
81 19 76 98
100 58 60 47
76 55 90 94
51 100 48 33
65 100 36 56
80 39 50 11
65 87 60 11
71 24 77 40
46 99 25 96
25 28 99 41
19 36 40 64
20 10 78 20
61 62 13 24
19 26 23 76
47 16 66 77
80 64 15 94
29 74 22 100
33 67 32 49
96 10 98 26
12 28 92 50
23 61 94 55
16 40 66 24
98 81 55 31
75 22 31 75
96 68 68 27
12 82 53 93
53 94 97 26
88 35 94 52
30 42 54 79
69 76 81 27
59 67 92 23
93 32 19 49
71 43 89 53
31 90 55 99
62 32 50 93
11 17 51 78
10 35 79 81
56 98 92 49
77 81 42 100
16 25 72 37
73 39 79 48
57 81 48 28
32 14 44 37
38 40 20 60
23 76 69 43
29 43 38 79
37 64 62 100
64 50 45 68
66 62 43 39
76 35 45 50
67 59 86 12
34 95 56 96
22 29 21 80
83 82 73 26
38 97 25 100
30 51 93 50
88 68 95 38
30 26 65 83
44 15 65 94
34 29 13 70
72 92 76 75
74 100 16 38
68 100 43 52
77 76 43 55
30 83 46 40
59 56 81 72
96 91 52 64
88 32 10 63
36 78 56 49
25987 20464 15221 10447
41 58 86 33
70 68 79 86
54 11 72 98
27 75 79 73
33 62 52 59
59 86 36 69
12 23 62 53
49 76 50 48
18 41 37 67
11 94 97 38
82 11 22 90
92 32 85 55
29 31 72 12
77 15 43 12
70 20 65 29
12 53 11 66
97 32 59 59
62 100 54 55
75 29 97 96
30 82 31 20
45 13 37 43
23 53 58 67
10 49 79 94
48 75 92 25
93 37 67 89
20 41 28 69
59 48 16 20
79 36 33 48
40 13 64 88
36 94 25 30
71 63 62 71
52 91 36 34
100 86 63 37
54 34 75 78
43 23 21 28
53 52 48 62
16 61 45 43
95 22 48 44
98 45 11 34
54 32 41 26
33 61 52 12
39 34 21 71
75 10 42 68
35 36 51 76
38 50 87 66
74 61 28 29
29 62 40 23
59 72 93 87
34 95 32 34
94 58 76 39
68 75 81 52
100 23 88 49
82 78 65 64
21 87 11 13
78 50 84 80
87 59 93 90
79 90 27 64
24 48 32 92
24 81 43 78
13 69 98 98
59 62 100 50
49 92 98 99
99 88 40 11
57 76 63 80
13 82 12 64
38 82 20 92
10 45 100 20
29 85 13 60
84 72 15 33
62 32 16 76
98 100 70 39
60 58 36 71
20 66 72 31
59 35 49 58
62 78 90 12
67 87 89 58
42 81 31 75
34 93 51 16
59 43 37 16
32 24 61 86
18 20 27 37
12 38 63 42
62 47 38 13
89 84 29 23
59 17 14 56
25 44 13 58
18 56 92 37
12 85 37 42
33 20 59 29
94 55 72 17
29 68 12 35
11 14 98 81
68 39 32 43
33 54 20 73
33 47 23 81
11 45 22 47
68 10 75 83
29 34 94 36
78 86 28 64
53 38 85 93
44 74 89 47
50 37 96 35
40 39 37 42
23 49 84 37
27 97 91 61
76 48 35 51
16 54 45 96
78 42 34 18
15 49 69 93
28 13 77 48
78 85 37 92
90 77 66 27
48 32 40 36
26 80 88 91
71 19 76 89
68 62 37 50
35 75 80 84
40 11 48 67
81 43 68 61
61 18 81 39
60 50 89 15
50 72 70 48
68 63 96 89
71 58 74 85
10 36 72 75
64 60 12 62
45 98 93 22
58 37 83 69
93 50 10 31
57 22 79 65
58 81 97 55
62 48 21 19
45 56 27 78
39 46 51 13
39 30 45 93
10 42 55 53
77 71 73 100
18 41 62 73
95 25 79 79
49 53 96 57
61 66 17 39
56 29 14 51
85 75 29 48
80 70 34 55
38 53 87 70
24 89 23 84
29 12 100 57
47 13 55 29
63 24 51 11
98 11 73 97
100 74 37 16
62 69 73 39
31 39 18 40
73 70 59 54
36 59 63 92
60 47 38 50
77 92 78 96
88 13 42 33
94 24 80 90
69 38 76 91
22 18 36 44
70 12 11 51
47 25 18 69
42 10 61 33
66 73 46 90
15 24 29 13
20 19 95 25
82 18 94 70
72 23 50 48
90 21 30 15
36 99 39 55
69 89 27 57
56 80 54 68
73 94 99 68
48 32 92 94
57 16 12 42
29 73 41 50
12 19 70 96
68 53 97 84
31 58 87 69
31 44 33 66
59 81 20 21
98 95 20 50
42 33 16 25
69 36 37 79
79 16 88 10
57 72 99 98
44 78 82 79
100 88 50 77
76 18 89 67
15 58 56 23
42 37 81 80
49 99 17 79
88 92 96 60
35 92 54 96
38 17 90 75
13 34 33 46
51 62 88 54
48 41 72 23
25 59 34 56
80 12 10 58
21 94 59 41
14 60 11 70
64 79 85 92
73 91 34 90
48 29 98 60
93 56 42 75
66 31 30 57
57 17 30 95
99 52 44 41
88 34 46 62
18 28 71 45
69 36 46 17
18 66 15 85
42 71 70 56
83 13 11 29
22 39 54 10
46 27 67 40
46 74 56 76
70 81 89 31
24 14 90 50
62 42 57 66
24 61 98 36
100 57 31 77
79 81 36 71
31 61 45 55
14 67 83 67
67 59 66 58
36 36 22 69
18 39 42 61
23 40 76 41
93 78 64 81
40 72 93 59
38 66 57 62
55 89 79 20
65 93 19 73
57 47 41 89
48 28 22 25
68 15 92 70
92 95 76 11
53 60 99 40
21 54 77 21
36 84 77 57
71 35 47 50
97 99 90 21
91 75 76 99
63 80 90 38
13 47 28 66
98 96 55 74
32 66 98 59
25540 19408 14346 9982
50 91 93 21
10 32 73 90
48 57 19 37
70 65 85 16
30 56 42 27
80 49 55 82
68 89 51 100
44 55 57 58
99 10 94 43
40 16 62 18
100 84 38 54
45 56 99 42
73 41 99 72
35 91 32 12
56 25 10 100
62 35 95 63
46 47 68 93
81 29 34 49
27 82 95 64
46 45 87 21
92 32 33 68
76 66 27 44
92 92 48 66
99 51 40 37
19 85 51 87
30 83 27 75
54 26 24 62
77 68 31 68
85 57 63 54
38 42 18 37
23 86 95 25
73 37 80 43
15 19 27 76
72 52 72 30
53 29 83 17
98 42 78 55
19 58 31 57
41 67 10 22
16 75 64 42
51 73 59 98
86 96 33 79
49 91 35 75
83 28 47 28
54 26 48 33
13 17 25 43
84 53 33 34
37 100 51 16
89 58 67 64
47 40 71 36
86 12 59 53
14 48 56 99
51 40 99 22
94 96 82 60
58 44 26 31
29 84 29 91
71 25 22 10
17 80 63 62
85 88 66 91
33 14 14 32
46 60 77 45
14 52 98 88
62 91 61 81
68 58 79 16
75 75 94 32
57 42 27 94
71 74 79 58
31 39 55 17
92 79 81 43
12 16 20 60
40 29 60 19
24 37 82 15
92 69 93 94
16 32 55 93
14 13 84 11
40 84 66 24
44 73 32 93
52 51 91 85
16 64 25 98
39 78 30 37
43 91 12 28
38 11 98 42
95 71 67 32
92 11 73 80
99 91 10 83
38 86 34 84
56 15 47 70
64 37 96 21
14 99 22 100
70 42 62 27
74 24 28 22
34 27 92 63
37 37 97 27
63 98 99 52
77 74 85 28
75 42 81 99
69 37 56 35
98 87 14 78
71 14 62 82
79 76 13 99
89 65 91 40
63 43 20 49
38 47 10 42
30 69 31 90
94 22 15 16
53 38 96 79
97 25 78 99
59 75 27 27
32 52 24 81
10 30 80 44
26 85 86 53
96 12 17 40
68 94 28 46
72 98 88 64
52 79 31 26
23 21 47 68
63 61 24 81
97 53 99 20
67 74 52 73
99 63 57 52
69 11 76 89
58 66 10 83
70 16 90 61
72 96 88 93
39 72 68 71
95 63 11 17
91 47 31 14
13 21 35 14
99 14 30 83
81 56 32 43
20 14 25 16
88 34 38 98
89 75 52 79
84 87 79 75
40 11 40 85
100 57 52 87
83 60 83 14
89 14 31 88
37 60 56 89
23 62 54 88
81 81 47 44
61 77 15 29
84 89 46 27
63 87 26 22
68 46 89 96
63 85 68 10
12 45 95 74
62 88 55 76
18 99 97 44
24 25 72 76
47 50 81 23
57 96 39 67
70 34 17 76
14 58 17 18
90 75 50 51
73 37 68 33
63 29 37 23
73 51 70 55
16 86 29 73
72 26 83 27
10 56 39 40
25 96 56 14
75 83 28 82
19 95 19 78
11 84 27 69
28 32 78 43
63 89 95 40
17 90 87 10
56 75 89 100
25 40 23 83
63 18 34 99
29 29 21 32
93 11 87 92
73 29 54 79
51 63 75 63
23 10 83 97
51 95 97 36
92 36 46 59
42 27 69 88
75 76 69 40
53 95 32 57
96 76 48 73
20 95 100 15
12 92 17 94
27 55 100 79
58 33 73 80
78 82 56 95
62 71 51 16
28 52 16 93
77 83 63 38
38 71 47 42
25 42 63 17
95 44 17 68
23 20 45 80
65 22 51 62
60 38 28 12
47 78 85 17
43 35 39 77
83 38 86 28
89 28 69 77
61 94 45 93
25 98 36 36
92 39 53 37
30 92 80 31
37 15 66 85
81 80 81 87
40 52 11 88
86 30 12 97
77 23 93 23
36 59 26 89
74 20 92 31
11 91 73 74
77 51 39 57
21 70 63 98
49 53 80 41
39 73 73 82
50 17 15 76
57 21 42 65
78 77 91 63
54 13 43 95
26 48 84 16
34 80 87 15
31 86 61 21
40 12 32 34
20 87 67 61
87 55 63 98
22 47 100 58
68 82 42 10
20 85 75 16
61 54 82 19
92 72 92 31
73 29 53 72
85 47 78 81
77 12 80 12
38 52 55 13
42 71 70 36
66 58 63 65
97 16 78 94
14 23 29 62
96 60 20 79
27 82 98 96
49 39 16 59
74 77 11 43
65 34 89 82
56 86 91 49
41 21 78 12
20 44 36 10
58 81 59 82
28 10 29 33
68 12 19 90
77 12 87 29
24672 20013 14203 8858
15 46 59 98
99 94 30 36
57 27 80 80
53 91 49 19
45 48 72 39
37 38 24 31
23 84 94 34
47 58 91 32
17 60 37 34
27 79 100 36
25 21 95 54
86 14 39 69
16 75 43 98
24 95 45 13
80 68 52 90
87 99 88 97
25 21 72 78
48 64 51 77
47 60 32 72
85 21 85 82
30 89 85 95
75 97 19 83
52 65 41 60
51 34 28 99
75 27 97 32
83 78 18 89
96 72 13 86
16 64 79 90
53 60 64 31
85 30 83 54
47 62 85 98
97 72 12 34
96 81 49 68
24 54 46 26
38 80 95 69
87 73 85 76
17 22 15 76
78 91 28 50
50 89 75 74
14 23 48 66
66 73 19 15
60 74 73 69
61 35 29 84
46 53 10 25
99 93 42 84
76 82 84 26
48 67 45 95
98 59 61 80
82 33 52 35
10 55 52 53
39 58 49 51
17 39 29 32
17 77 31 42
64 67 19 89
33 100 10 67
32 72 52 42
80 21 45 81
80 100 66 34
33 78 50 27
86 55 10 11
29 20 28 79
80 57 41 100
48 11 100 34
18 78 52 84
48 48 12 13
72 85 78 53
63 16 83 15
19 67 92 29
82 42 92 47
54 72 55 91
79 15 39 83
81 88 57 71
99 64 37 48
75 82 90 55
83 67 56 63
89 62 21 47
32 10 44 39
85 81 63 83
43 30 88 13
21 55 45 13
38 27 43 81
42 33 33 39
36 20 19 52
12 98 88 20
94 88 11 96
32 37 13 72
89 20 93 64
67 76 62 74
57 84 85 11
51 52 95 41
72 92 59 59
53 42 17 47
51 19 77 99
86 56 97 84
19 85 20 58
68 39 36 37
43 69 55 38
47 92 46 38
79 87 67 60
67 41 40 10
79 37 42 20
89 76 81 42
63 16 82 25
23 62 26 37
75 87 89 21
18 92 63 27
56 87 76 32
91 98 77 61
41 49 44 66
81 85 90 49
25 25 89 29
86 39 89 90
50 98 70 44
90 40 24 100
26 47 32 63
27 35 84 76
68 70 76 39
54 90 63 74
93 27 57 53
92 98 60 37
41 44 91 46
88 40 68 94
44 12 88 52
46 17 98 27
51 11 35 71
36 17 42 58
69 78 34 89
34 12 18 45
91 45 47 96
16 14 84 55
87 87 56 85
32 61 81 84
85 15 45 16
99 26 98 89
79 27 32 37
68 52 26 98
71 51 57 88
62 56 13 32
45 92 88 36
19 32 14 14
84 84 12 89
68 97 36 24
38 73 21 52
44 70 37 87
12 67 75 18
27 62 78 66
66 26 10 78
20 37 57 58
83 98 52 34
51 45 30 35
66 15 53 83
37 68 25 60
50 65 43 24
89 28 49 93
24 71 97 46
70 100 20 40
35 12 12 68
33 35 76 91
68 75 99 12
15 75 45 81
93 62 35 37
43 50 35 49
25 30 69 13
94 60 89 53
47 21 62 12
71 28 44 32
77 53 100 61
50 70 79 98
30 62 45 45
56 84 86 53
90 93 17 32
45 70 55 28
81 56 73 25
15 79 87 28
86 17 34 28
59 33 76 13
36 22 50 56
22 52 86 41
11 32 15 40
92 89 44 15
47 71 41 10
60 87 47 44
87 87 52 74
15 86 63 27
70 83 89 85
25 12 32 25
54 39 69 29
44 54 53 76
74 56 32 80
65 87 46 76
43 65 94 43
74 65 87 38
70 44 59 41
38 67 44 51
45 71 39 59
18 26 35 71
78 99 61 13
29 42 36 75
92 13 61 62
88 90 42 74
35 12 53 65
29 44 49 66
14 69 92 75
35 13 58 42
13 25 37 23
49 57 28 89
98 35 56 18
44 29 68 93
86 83 26 21
76 93 52 17
99 29 70 62
88 91 99 66
78 31 44 94
63 72 52 49
37 14 61 69
95 75 48 42
15 43 12 18
16 98 18 77
92 81 14 54
59 91 40 80
70 23 53 22
60 34 25 53
57 35 47 80
40 92 21 70
57 25 92 89
32 89 58 21
42 26 72 33
28 32 12 85
56 48 13 68
68 95 64 70
61 46 44 40
78 79 46 58
30 72 36 69
91 15 84 67
83 65 69 75
42 89 47 73
77 74 81 21
78 41 90 55
18 23 73 11
52 40 44 99
32 58 69 42
61 25 69 15
17 44 61 59
35 93 27 58
92 36 16 91
97 79 23 88
63 34 52 24
42 88 64 26
89 69 31 60
28 94 70 70
25659 21395 15753 10823
58 31 39 38
12 13 86 30
92 11 10 79
58 91 86 14
91 65 82 55
55 79 46 32
86 66 81 51
86 79 94 31
100 36 15 83
79 43 11 75
56 71 47 38
14 56 60 88
68 100 68 15
57 28 92 11
90 68 16 99
100 43 21 46
70 52 73 45
57 63 82 59
26 33 43 67
48 21 17 10
65 33 43 47
86 44 68 79
64 41 76 35
100 37 76 30
52 49 27 64
12 31 10 80
47 97 24 38
76 31 36 44
32 100 57 56
46 31 85 28
36 88 97 69
70 90 15 59
14 49 94 75
62 67 100 92
64 97 20 75
50 87 28 82
78 58 63 14
11 39 81 37
45 35 88 34
11 64 42 74
10 65 66 100
29 22 58 26
52 82 43 67
12 64 88 89
39 74 66 60
25 36 51 35
42 45 38 10
79 93 17 75
82 69 23 98
83 62 52 26
79 31 91 32
85 26 11 71
66 19 10 15
42 25 42 76
56 79 42 51
64 63 31 87
39 34 73 21
95 35 72 89
20 95 54 58
81 71 96 14
35 86 70 38
34 32 84 39
25 37 41 92
19 36 12 64
93 60 86 77
77 32 68 67
34 73 42 20
63 10 73 55
40 89 24 74
88 97 83 65
66 15 83 99
35 62 76 64
38 40 64 69
23 85 94 54
88 80 54 33
78 100 68 52
11 64 12 24
48 28 16 62
97 65 28 81
70 40 57 28
32 10 58 38
70 57 98 10
84 81 52 13
40 42 13 19
69 98 31 94
68 38 64 40
24 15 40 82
89 91 33 25
55 22 91 28
50 43 14 48
44 82 57 66
45 13 10 81
51 18 85 94
83 74 68 77
97 62 16 85
17 20 16 59
66 12 84 18
23 30 52 98
21 19 45 45
65 96 62 89
10 18 76 46
55 31 23 75
21 77 90 59
51 54 82 21
89 21 13 16
84 42 79 85
18 45 34 34
29 23 79 59
57 70 89 97
27 75 92 20
53 68 67 77
43 51 50 89
31 47 42 97
49 27 46 46
32 77 64 53
24 44 48 56
84 64 59 37
38 30 61 95
67 36 76 12
32 18 87 69
95 63 45 12
99 68 92 41
37 30 39 14
55 97 26 74
29 14 39 47
19 76 69 13
70 100 28 54
99 43 50 50
50 18 51 69
79 45 57 77
14 41 69 50
62 38 63 51
84 68 52 28
13 10 93 42
29 48 90 17
94 12 63 37
65 70 13 35
20 24 69 63
41 19 75 42
96 56 37 92
47 45 41 58
82 43 19 70
86 65 27 57
53 25 98 100
52 60 54 72
20 73 88 54
31 47 11 71
79 97 15 44
46 19 40 96
45 90 92 76
69 38 85 15
61 60 60 79
62 70 47 87
99 97 73 45
52 83 15 41
50 21 16 20
54 61 36 83
16 41 21 50
83 30 17 91
90 72 91 92
81 12 96 14
31 30 21 33
20 83 58 89
25 24 59 63
66 21 41 74
37 93 33 32
86 68 83 28
63 72 89 39
33 65 26 14
77 56 24 55
14 95 18 54
74 99 73 24
21 77 96 65
43 15 97 14
71 60 35 95
49 59 33 13
92 48 68 24
31 63 86 63
29 56 69 99
71 35 49 49
92 67 57 74
27 59 42 52
43 25 18 97
18 21 42 39
46 10 71 87
33 53 90 17
93 59 97 39
62 68 64 66
41 33 95 96
10 98 90 37
12 24 37 54
26 64 14 15
10 51 85 44
16 63 22 74
100 66 70 80
67 27 55 92
73 49 79 46
42 80 23 68
93 85 43 59
91 73 16 25
94 54 25 63
68 97 17 86
78 33 94 27
63 86 15 53
39 75 78 70
81 47 40 83
74 22 12 39
48 97 56 43
94 47 74 59
14 66 35 85
18 48 93 79
26 86 78 12
82 84 78 41
15 16 71 64
73 47 44 70
45 46 10 56
66 37 91 74
32 78 54 98
40 54 95 66
30 76 37 17
60 14 88 97
36 21 76 29
59 87 25 88
86 41 24 91
22 94 48 38
15 21 22 84
77 31 100 59
35 24 81 86
99 75 50 17
55 38 51 84
24 85 32 56
34 81 88 17
40 27 73 26
58 52 43 77
78 91 71 15
14 80 58 55
32 81 46 71
86 82 84 59
27 55 59 62
34 73 38 95
94 44 45 62
89 40 66 78
11 40 53 88
71 86 63 41
28 70 67 96
56 44 23 99
65 98 32 90
65 72 17 69
47 34 21 99
60 35 65 95
25504 19214 14316 8525
63 68 10 64
15 92 12 36
28 13 51 85
90 65 17 100
28 81 21 23
82 21 19 82
20 11 70 29
65 14 17 71
65 56 73 17
76 58 17 21
15 82 22 68
14 15 56 19
10 37 63 19
41 83 21 57
100 17 69 72
80 82 18 48
20 81 10 34
59 61 91 37
98 92 10 83
100 16 95 29
68 100 70 17
18 62 88 11
12 64 90 67
41 13 46 18
62 97 57 66
31 83 73 36
87 33 15 57
46 76 48 82
61 82 34 66
24 87 94 76
98 33 33 29
52 64 69 34
97 95 45 43
97 33 76 53
95 78 21 70
92 83 86 75
87 96 99 46
79 56 81 68
44 48 53 55
82 64 25 82
58 82 67 82
86 96 45 73
84 94 26 94
28 32 93 11
33 65 100 32
72 90 75 65
21 53 78 20
14 47 11 27
51 33 75 39
14 13 41 57
89 30 11 27
79 49 66 17
45 85 46 28
44 91 63 32
91 53 74 22
32 25 56 84
19 76 98 74
56 35 69 33
97 98 95 24
87 55 23 96
72 28 68 89
15 91 21 76
79 97 72 87
29 100 70 94
21 46 52 27
40 74 11 60
33 72 58 21
77 77 27 24
60 12 11 59
30 77 79 50
68 54 15 20
41 76 42 64
55 62 56 61
48 73 40 96
15 31 41 78
36 86 19 87
47 67 21 11
31 23 38 40
76 59 76 44
33 24 99 81
33 46 49 62
99 81 71 34
63 87 96 59
61 72 68 12
95 76 34 81
90 73 30 40
20 87 12 28
24 38 69 97
55 63 41 72
47 86 24 35
57 58 16 36
100 47 78 91
39 61 93 48
83 99 74 69
24 70 82 30
45 71 56 79
99 32 48 59
28 23 74 91
13 60 74 61
14 47 41 29
30 97 39 95
46 62 40 86
82 95 22 26
64 55 44 40
80 57 23 29
95 96 54 52
65 34 73 59
34 79 59 67
72 18 85 60
88 53 23 14
57 74 91 55
14 74 94 47
38 19 51 56
87 90 49 27
51 72 38 88
30 46 33 29
99 50 65 79
79 96 57 91
91 82 51 55
80 99 73 89
61 11 30 91
36 61 75 74
19 13 83 96
59 85 32 65
86 34 10 41
80 82 80 92
94 96 19 87
16 41 83 43
23 38 38 46
11 25 54 95
44 55 86 75
72 35 16 56
76 53 18 48
55 79 94 34
37 83 80 71
41 94 18 32
30 68 25 37
92 23 17 30
10 16 21 12
39 57 98 99
94 85 60 55
86 28 38 12
58 87 95 100
75 27 44 30
68 46 74 29
61 66 14 34
60 65 11 66
73 58 70 76
57 12 79 66
40 92 14 95
49 44 14 91
57 22 52 57
87 42 38 69
31 90 12 45
54 79 76 58
85 65 43 86
86 100 98 16
51 85 31 63
84 18 37 58
27 81 42 34
65 17 83 47
77 18 45 60
19 11 47 69
10 73 75 18
86 75 78 66
12 34 61 59
39 90 24 34
56 81 69 55
59 90 90 87
97 97 12 85
93 34 39 84
75 16 79 15
61 38 49 40
71 35 36 79
18 32 64 20
95 17 15 45
70 56 99 87
17 52 95 33
38 26 43 50
23 91 64 26
81 58 33 87
12 23 51 55
71 86 90 84
15 52 33 84
43 48 82 85
59 70 34 28
89 14 49 35
48 64 78 81
38 38 10 99
85 39 18 99
57 26 74 13
85 94 84 39
91 72 67 11
19 81 68 84
43 35 82 67
86 44 85 65
25 46 84 72
87 85 54 24
97 24 33 49
48 26 31 95
34 48 30 66
99 96 50 89
35 94 33 18
91 50 27 45
14 34 72 71
39 34 72 10
67 77 16 54
10 53 56 45
64 19 50 60
62 16 88 38
50 78 14 51
86 100 96 56
54 22 14 30
97 94 89 95
43 78 26 87
65 100 46 44
65 99 81 49
51 88 81 43
25 97 74 92
46 80 70 92
30 27 90 81
26 23 97 31
29 80 92 42
41 94 59 29
40 41 51 30
84 40 58 42
82 86 12 11
33 65 10 14
81 96 95 89
98 81 27 82
66 45 79 70
87 99 92 16
25 11 55 85
53 71 72 51
56 15 100 25
80 13 97 79
79 34 30 77
56 21 53 70
13 11 71 64
66 81 98 30
68 14 33 80
43 38 76 82
93 23 73 53
50 98 62 71
93 53 83 93
22 88 86 67
33 12 34 31
98 57 89 25
76 98 46 35
81 41 29 69
27312 21462 16346 10501
82 33 97 28
64 52 90 73
77 67 77 55
46 15 34 42
97 50 45 34
64 59 76 45
52 92 38 71
89 76 19 52
10 97 10 25
68 88 90 95
75 77 61 92
75 46 84 51
92 15 78 79
15 87 23 62
36 25 11 19
34 55 25 61
37 21 43 43
73 87 17 84
45 12 21 12
88 23 91 33
59 90 67 65
61 23 15 15
38 15 78 33
28 27 38 31
11 90 85 58
28 84 91 99
71 98 38 10
27 63 33 93
83 60 92 48
55 77 57 80
75 31 54 34
49 49 23 77
84 57 42 33
39 22 91 27
54 77 94 46
36 34 49 48
21 19 82 25
98 73 53 93
85 44 14 48
73 33 37 25
12 54 37 60
92 27 84 44
38 67 15 33
33 78 76 11
79 47 41 43
81 51 63 100
67 42 80 89
36 88 20 99
61 77 45 35
89 94 95 30
94 54 78 76
25 10 46 38
79 93 61 16
11 69 92 87
48 76 92 40
49 56 11 53
25 47 94 59
68 90 68 47
24 33 41 18
97 55 13 29
70 78 56 28
51 82 38 61
10 80 43 75
22 48 34 47
87 27 34 71
45 36 50 82
83 91 96 55
41 50 55 63
38 41 30 25
73 31 61 34
18 70 64 23
92 34 86 25
77 12 23 92
33 30 93 32
89 99 50 48
47 65 70 59
66 22 33 47
10 60 28 35
29 69 45 11
64 44 43 54
74 53 88 82
34 99 70 79
87 83 54 83
48 100 23 31
10 36 82 11
21 74 57 11
80 19 71 93
22 93 69 38
52 57 43 74
67 71 32 80
67 22 31 69
44 100 77 25
59 76 24 95
59 96 60 38
67 97 43 59
93 86 15 47
10 78 70 21
14 24 12 16
46 65 99 77
83 25 87 59
67 51 75 51
64 91 91 55
22 22 89 67
36 62 19 44
89 62 53 60
18 48 77 90
19 59 15 77
77 67 86 74
11 26 89 92
64 71 98 54
94 12 40 84
10 63 24 98
39 83 72 70
81 93 40 61
26 40 88 86
36 74 18 83
69 35 42 25
10 17 82 61
14 92 88 13
88 77 28 15
78 82 69 78
14 66 87 33
10 27 41 99
94 10 36 76
32 96 54 86
13 53 77 94
83 94 53 28
15 57 54 33
43 80 16 87
39 24 58 85
75 95 32 58
40 22 80 58
51 40 38 12
15 47 40 30
89 35 35 74
49 99 53 57
66 92 45 36
22 79 56 26
96 71 66 70
82 92 65 44
52 81 43 29
59 97 96 64
29 22 20 41
12 91 76 31
60 12 95 73
77 38 49 65
77 64 68 77
87 13 95 78
47 57 40 39
45 15 98 98
12 90 93 36
28 46 30 38
21 99 35 25
50 88 85 30
85 27 31 97
59 27 75 89
32 50 41 21
84 39 41 36
94 52 24 16
97 43 77 10
34 67 59 47
66 44 36 78
27 19 21 24
31 79 18 76
76 43 59 79
11 16 55 26
96 13 35 46
84 61 97 72
95 88 81 20
28 47 64 92
17 57 84 96
76 74 81 57
30 100 66 88
28 62 66 56
43 64 53 15
40 38 49 68
79 17 93 77
15 77 59 81
46 22 46 41
33 12 91 36
38 62 52 58
97 70 41 80
84 13 76 51
29 47 36 46
75 31 32 75
18 99 55 27
68 57 72 86
98 35 52 85
67 69 95 68
16 10 38 90
29 35 52 94
83 31 51 98
72 84 28 95
96 18 11 10
19 62 77 26
53 69 24 22
95 41 71 16
90 46 36 36
77 96 34 50
100 51 32 46
15 71 97 51
86 60 53 22
64 91 59 92
17 97 65 20
94 79 68 89
83 15 18 62
32 21 59 22
34 16 47 25
13 29 72 88
15 45 53 14
70 81 21 47
98 43 38 79
68 87 95 89
86 66 26 34
15 100 17 71
23 30 32 54
38 86 34 70
54 93 76 86
61 50 64 81
49 19 58 32
89 99 41 53
43 12 23 82
58 98 48 69
10 98 89 49
86 18 13 65
18 16 63 72
42 45 71 57
72 15 25 44
88 50 89 35
29 40 42 65
98 27 20 55
44 49 13 82
94 61 57 23
68 45 55 38
23 31 35 97
57 82 37 97
15 57 90 24
41 81 30 86
98 39 49 10
11 60 91 61
60 75 96 74
50 37 62 84
86 97 31 70
99 26 64 42
16 91 26 65
47 83 95 56
100 73 19 34
95 60 42 30
38 56 15 52
74 34 83 48
24637 19661 15463 10151
99 32 11 37
88 37 88 54
68 81 90 13
49 30 97 83
75 13 41 32
98 53 46 16
55 19 25 41
51 56 65 55
11 17 95 66
60 94 34 79
88 61 70 25
12 25 86 100
43 95 60 39
97 39 65 95
54 59 29 83
68 40 52 82
31 41 65 55
24 30 26 35
57 25 36 65
65 25 32 92
79 82 77 19
69 98 86 55
59 32 30 92
96 35 58 16
28 65 79 78
76 95 98 83
46 47 12 66
96 16 80 53
81 28 79 11
71 49 91 53
89 45 17 60
62 100 83 62
99 56 68 45
55 69 13 61
72 25 70 31
86 83 22 12
68 29 78 50
91 95 64 34
71 18 32 55
69 89 76 69
64 59 43 67
46 88 37 90
86 22 27 66
100 40 90 35
63 33 12 48
88 37 79 16
51 58 30 17
31 29 29 70
91 34 53 85
98 39 82 43
88 90 18 75
66 90 16 98
52 58 75 30
80 88 36 47
46 58 42 48
55 88 35 40
90 15 17 24
17 97 26 10
19 74 48 100
74 33 29 62
79 53 55 46
30 56 24 22
14 56 81 79
42 98 96 43
80 94 94 10
72 32 62 61
21 52 42 51
33 74 76 63
20 77 49 34
10 88 25 53
65 67 96 84
96 90 77 89
45 88 51 78
42 77 21 57
55 22 19 40
67 93 78 51
89 77 26 20
75 96 93 10
86 31 34 55
65 23 100 100
47 38 79 14
100 57 34 68
43 74 57 35
54 49 80 31
24 24 79 64
21 15 60 98
79 11 53 54
65 24 46 14
49 88 26 49
94 48 71 32
95 82 65 27
99 41 12 18
26 32 86 90
40 86 76 70
76 68 89 40
82 19 90 95
87 96 13 99
84 58 24 25
51 51 81 52
36 23 93 80
87 74 45 17
35 46 28 43
35 41 86 43
67 78 64 55
29 36 58 76
81 70 53 49
63 44 93 47
58 42 66 43
74 77 61 87
45 53 80 21
21 22 72 57
97 79 95 73
18 18 54 60
100 97 12 78
82 58 50 67
100 74 26 95
91 80 29 31
33 79 97 77
70 88 48 41
76 77 61 82
55 27 13 49
14 86 25 50
83 86 86 13
47 20 94 87
92 14 69 88
90 72 15 62
35 54 15 65
63 15 78 94
12 39 69 98
96 33 79 97
10 18 97 20
42 53 42 90
30 65 14 15
100 39 12 31
68 41 100 10
37 13 46 81
77 23 51 35
46 82 23 98
51 40 42 74
22 13 13 84
44 20 65 30
69 14 50 24
59 25 71 81
47 40 38 19
87 58 75 28
55 62 22 33
20 13 50 20
87 52 89 94
76 12 78 45
43 51 70 92
36 60 93 31
45 30 37 40
13 38 51 41
61 50 67 27
78 33 43 28
83 35 70 87
99 37 15 87
29 78 11 76
17 34 74 31
85 60 24 35
93 38 34 75
91 48 58 88
87 76 32 39
17 95 100 75
77 46 82 12
98 31 38 98
70 64 53 56
65 68 38 17
60 25 49 29
23 35 41 53
91 50 99 58
30 87 93 70
21 35 71 16
85 64 40 90
66 41 12 96
50 93 41 73
69 24 44 74
95 62 57 91
61 78 64 81
55 98 30 36
97 75 80 11
25 65 74 98
60 45 80 65
26 39 86 59
42 36 41 14
37 85 99 71
81 59 84 53
69 57 11 50
58 61 81 36
10 83 95 68
28 46 80 90
98 65 77 54
79 96 21 35
49 15 50 26
96 37 43 90
97 52 29 99
20 83 26 46
100 82 71 49
53 15 55 37
55 62 23 64
45 68 61 28
79 67 48 84
12 43 36 67
25 78 16 75
78 100 80 59
10 23 52 13
61 49 89 67
16 52 56 28
65 19 17 60
24 69 92 90
65 30 100 68
56 26 46 36
11 62 59 46
94 65 10 36
69 37 93 35
79 97 63 86
94 81 40 16
29 58 72 73
48 24 28 92
91 78 29 92
95 96 49 32
47 31 10 36
83 82 56 72
15 18 85 87
93 15 30 17
76 46 80 16
84 34 24 65
46 23 53 92
66 74 83 13
68 26 20 52
62 70 63 21
100 83 19 20
67 65 66 81
16 33 95 26
55 97 33 98
31 21 67 70
71 63 94 54
35 12 45 77
100 99 19 54
62 50 31 94
88 56 36 25
48 89 79 24
33 85 89 71
81 31 71 77
97 67 97 99
71 20 66 21
93 28 50 12
81 37 34 22
96 16 70 51
27 61 34 90
25343 19761 15118 9476
80 90 72 75
52 58 99 34
93 12 57 55
61 53 35 15
97 21 70 27
88 39 79 76
18 52 81 82
36 65 44 95
34 24 98 57
37 75 85 80
35 93 99 53
97 49 89 92
81 89 85 98
70 13 95 76
86 13 36 33
66 25 21 76
13 50 52 37
37 87 30 79
86 71 92 55
10 68 25 68
14 85 70 30
34 52 38 20
49 30 61 94
29 82 12 79
83 59 54 74
74 25 57 27
18 81 52 11
64 46 100 30
61 13 47 86
59 24 65 36
28 11 27 39
39 62 74 93
58 52 93 60
42 25 17 50
95 47 43 75
19 25 99 56
23 81 88 39
99 32 78 57
69 83 50 23
88 78 93 28
29 28 17 70
86 32 15 63
99 32 38 19
33 11 99 52
27 81 76 14
63 20 53 56
69 67 48 42
28 90 30 47
28 44 80 67
68 12 37 13
71 83 10 83
16 78 75 11
93 28 95 37
86 33 16 23
16 66 87 99
35 82 53 18
57 90 34 68
79 47 16 73
83 72 79 75
51 35 20 58
26 29 70 27
66 96 97 74
14 29 25 16
43 29 20 59
72 72 49 34
20 58 80 96
89 43 17 94
54 77 91 60
95 40 59 76
52 87 47 51
44 44 64 39
89 76 82 100
66 88 37 27
31 33 33 46
100 78 90 24
23 86 74 34
60 29 89 28
67 58 76 55
32 41 43 85
66 59 42 66
40 24 70 56
91 96 98 65
87 33 55 73
23 25 34 40
12 28 52 72
97 53 10 39
77 16 81 52
77 35 62 66
83 75 82 79
82 66 25 76
49 96 84 92
78 79 56 12
70 41 29 34
88 85 88 84
24 17 19 51
100 50 51 41
80 75 92 63
73 46 87 14
81 36 76 68
71 13 72 89
16 27 12 89
73 48 30 97
89 80 90 98
37 21 94 12
22 34 50 53
100 53 46 27
26 96 27 26
76 41 20 97
51 52 99 97
88 77 71 52
42 44 91 50
99 74 97 12
18 76 78 28
77 55 19 56
42 92 70 13
77 58 42 92
55 90 87 76
80 69 78 41
77 93 60 75
21 54 75 57
71 48 57 22
88 14 33 29
18 44 17 52
14 20 74 10
71 92 96 53
14 68 27 11
48 27 50 36
41 100 76 30
82 17 82 98
69 70 75 52
60 49 72 25
87 13 70 39
88 86 73 64
85 53 67 13
64 77 65 85
85 89 32 22
47 42 44 47
100 27 59 66
68 71 47 63
50 53 54 99
28 22 95 96
12 67 71 55
87 83 88 25
16 70 12 51
49 19 41 27
76 83 32 42
61 13 83 37
45 99 97 34
14 71 69 18
96 28 21 49
55 56 86 64
14 53 36 51
28 30 91 76
45 19 27 89
31 35 48 15
75 60 24 88
82 100 76 61
58 85 43 41
83 39 57 17
75 22 31 61
36 66 11 99
44 16 42 43
76 18 64 31
61 76 71 86
73 25 51 12
35 51 39 44
96 47 74 90
30 89 65 98
87 59 54 36
39 69 15 95
47 16 26 73
98 68 90 87
100 11 62 83
32 52 45 85
84 75 95 57
58 14 11 39
76 21 98 80
22 88 39 24
94 89 71 11
85 49 17 37
99 88 40 87
78 78 10 29
71 71 44 21
45 50 32 85
49 94 36 46
86 98 98 78
54 17 27 81
78 88 68 89
68 73 11 96
25 46 10 85
93 26 12 50
91 30 63 52
56 74 32 16
21 24 56 37
75 33 49 77
17 47 45 54
24 100 97 43
11 90 34 95
46 70 42 22
57 38 35 70
26 25 10 14
66 89 59 39
72 86 63 27
52 59 60 48
16 59 33 40
63 37 90 83
95 54 33 46
32 54 67 60
24 32 55 50
44 51 26 93
95 88 36 51
14 14 92 23
45 60 97 32
63 72 97 10
87 48 63 28
68 61 45 86
22 13 57 12
51 96 43 51
39 15 30 18
86 97 60 37
57 69 98 77
70 47 100 73
90 79 83 78
89 42 73 92
49 78 37 80
17 11 74 87
16 78 21 27
47 57 44 91
79 91 95 52
68 83 66 61
45 73 76 71
53 21 64 87
20 35 74 74
30 20 77 35
29 79 92 71
88 24 32 45
58 64 14 40
65 23 53 28
29 93 78 76
79 72 39 81
36 34 67 61
54 98 59 84
20 56 82 96
95 20 85 54
53 66 34 88
25 80 92 65
69 74 31 40
19 79 53 89
72 18 19 61
57 72 59 78
26095 20673 16111 10136
67 87 76 95
80 52 78 59
36 78 82 69
47 71 63 65
65 82 62 92
29 38 88 14
56 98 25 12
51 27 66 63
57 93 22 68
53 94 16 32
36 11 75 60
83 19 66 17
31 40 39 14
72 24 70 15
87 26 94 25
62 84 43 61
19 24 14 54
95 30 35 63
33 17 15 54
69 72 19 21
19 36 70 65
59 55 43 84
84 80 44 98
46 39 10 44
29 84 48 81
23 43 63 69
93 34 43 16
16 92 60 60
26 56 76 77
81 59 90 84
57 61 96 48
27 92 86 64
38 15 18 12
31 71 58 47
49 77 31 26
58 92 36 17
10 84 96 16
44 96 49 71
89 93 51 22
26 31 84 84
79 59 45 54
91 33 76 48
71 24 98 96
46 76 93 94
33 83 75 82
23 94 74 48
11 67 18 16
96 87 88 62
36 57 49 36
42 59 64 35
66 34 77 26
87 30 100 44
99 49 57 58
71 72 68 31
22 57 65 13
61 80 22 86
96 24 98 32
90 97 20 78
69 33 22 47
22 21 96 27
13 85 96 27
21 78 52 59
18 44 14 21
47 44 100 99
52 99 27 82
39 91 52 60
39 36 31 36
97 96 41 75
61 46 21 96
13 75 40 13
10 67 75 22
53 79 75 77
54 13 85 77
95 81 62 96
44 93 92 50
95 58 58 25
29 72 42 71
91 66 63 61
53 13 11 47
46 15 18 53
55 61 67 69
71 21 84 44
62 16 62 74
20 56 70 64
35 66 95 55
64 36 55 71
12 89 52 96
49 27 100 19
58 75 35 51
20 68 10 81
91 27 21 37
24 45 84 27
68 40 12 10
93 67 56 28
69 33 41 27
34 47 82 26
80 66 41 13
47 62 55 78
78 99 17 77
82 18 80 85
86 64 17 80
23 22 41 93
74 48 15 39
86 42 53 69
57 92 33 43
77 72 63 84
97 79 25 47
46 58 20 39
89 52 87 36
92 99 62 53
41 58 36 88
45 60 22 90
21 13 34 81
24 20 18 88
39 68 26 100
47 39 85 53
32 56 10 32
44 38 38 35
100 30 29 55
44 75 56 21
77 99 96 66
65 40 64 12
87 77 74 20
54 31 86 68
47 64 44 19
52 63 13 64
24 80 63 53
17 69 14 71
31 38 61 35
20 32 66 86
77 81 41 11
28 82 68 32
94 87 51 31
42 28 91 55
77 29 68 95
82 72 55 90
100 67 89 85
42 95 64 25
39 74 63 80
84 40 78 61
92 47 10 88
34 16 94 48
42 61 83 53
92 82 55 44
86 56 99 31
63 69 64 31
40 66 54 54
10 16 34 51
71 42 27 74
68 40 89 60
94 77 24 34
50 49 18 90
12 50 85 100
20 79 60 18
16 76 32 11
64 94 88 40
31 13 53 53
81 60 59 91
39 32 60 17
30 38 94 29
67 55 85 52
44 95 95 63
84 58 70 62
76 52 59 13
35 97 16 25
59 42 71 88
53 64 42 64
97 11 87 28
58 61 92 79
98 65 88 37
38 28 46 25
20 81 80 12
46 15 78 27
29 48 96 47
99 43 51 37
23 83 49 83
76 87 47 18
85 32 99 11
52 52 97 13
79 69 73 32
27 62 59 100
42 49 72 85
52 43 24 12
20 48 26 46
32 74 54 77
36 21 85 76
89 98 71 47
14 35 98 82
84 67 87 52
81 54 81 79
82 96 80 10
81 41 95 88
10 30 67 26
83 32 44 95
94 82 65 55
50 81 66 43
43 92 10 28
100 86 45 16
62 47 39 53
39 53 14 99
14 78 13 100
75 39 17 87
91 43 38 51
87 85 14 81
49 33 92 71
75 67 95 68
99 55 85 28
94 66 88 94
69 62 93 37
48 12 90 32
68 61 54 64
49 40 30 56
37 59 81 14
58 40 19 17
44 27 11 85
10 93 94 71
74 25 100 49
33 39 76 48
70 45 85 79
75 38 37 44
33 18 35 87
99 59 80 50
69 27 32 68
14 23 67 56
43 93 42 40
47 49 70 68
41 42 12 46
21 18 42 84
51 25 53 45
100 74 96 71
44 98 28 43
56 98 78 74
32 51 34 53
42 90 75 10
56 90 21 89
67 83 14 42
93 20 94 97
57 75 67 92
85 53 91 25
95 75 36 14
91 73 83 16
10 71 25 76
18 34 58 39
45 86 61 95
30 48 18 33
69 24 96 65
53 14 74 14
40 50 83 32
26 93 48 96
90 42 83 10
26058 21386 14878 9807
62 91 19 95
25 14 60 43
29 85 49 64
25 31 14 61
39 89 51 65
80 65 49 86
89 60 11 67
34 65 63 38
97 88 16 21
20 42 18 14
79 65 64 71
95 63 41 72
64 70 80 50
61 55 64 95
23 30 29 31
96 51 33 44
51 58 64 62
76 41 77 75
29 57 80 61
57 28 37 29
95 49 88 99
98 14 34 83
58 61 44 86
35 82 20 75
98 51 79 88
70 39 80 58
97 36 79 79
87 21 10 42
75 63 100 11
93 25 48 95
87 88 40 40
21 69 16 63
57 10 40 96
97 77 48 65
77 20 97 46
33 77 72 24
55 61 44 32
21 54 21 44
33 58 34 74
81 38 92 52
29 97 59 60
67 88 96 58
64 90 92 35
44 22 79 85
25 74 10 87
61 65 30 54
16 35 52 47
77 95 89 75
73 99 73 82
65 28 61 19
84 94 92 47
37 18 12 23
77 36 78 45
52 41 44 28
66 75 52 31
10 17 53 29
77 59 13 88
65 13 17 84
83 62 73 59
89 44 36 13
10 14 97 20
66 85 38 73
31 49 71 12
65 61 67 58
37 36 78 57
46 62 68 48
11 47 30 24
47 40 23 63
14 21 83 93
53 73 53 19
37 78 20 80
26 35 19 81
71 82 13 25
25 32 22 78
53 73 27 92
64 24 87 88
49 21 80 27
79 11 61 12
84 13 75 53
27 22 71 51
64 18 67 27
36 63 57 45
10 16 28 81
18 25 95 34
10 16 18 85
11 91 70 28
96 29 62 95
21 35 53 88
20 54 63 85
40 76 17 83
44 22 55 10
22 19 83 75
96 61 25 58
39 95 61 10
29 90 46 95
31 25 68 39
78 20 11 89
96 96 31 20
38 33 58 98
17 81 56 96
39 86 70 17
46 97 96 39
78 27 59 91
86 33 25 32
84 55 100 13
27 60 97 78
12 25 74 29
30 56 65 44
69 79 19 64
56 84 16 72
10 43 89 90
58 90 27 88
11 74 40 26
67 71 74 45
97 86 74 78
87 31 83 38
84 99 64 83
61 77 77 49
57 30 15 57
48 27 70 81
52 66 48 88
27 87 21 85
94 64 26 46
40 32 15 54
51 55 15 26
24 30 14 89
59 21 71 14
46 13 52 93
77 42 42 67
10 79 64 15
84 74 56 41
60 41 14 94
70 78 37 58
57 17 43 35
48 28 82 14
49 79 72 45
67 19 46 81
85 56 53 27
32 52 25 76
16 73 22 82
46 30 100 97
21 51 93 13
90 54 13 59
50 48 66 43
98 73 77 33
22 99 39 64
57 86 60 80
50 74 83 74
52 45 92 33
27 85 31 60
60 79 93 40
22 78 68 37
47 18 51 89
79 62 13 67
66 77 48 16
83 32 16 85
91 61 77 88
33 37 43 81
43 19 75 72
69 17 59 87
58 18 61 68
31 67 73 29
57 14 67 71
24 54 52 68
21 82 46 23
25 80 26 97
96 63 91 58
65 86 12 80
30 84 100 55
19 35 23 58
19 35 19 56
49 58 26 15
30 92 45 29
88 47 18 80
42 33 76 46
97 64 88 35
49 36 42 100
51 56 88 48
33 21 42 71
48 84 47 75
59 84 78 28
41 97 97 96
27 65 42 57
83 24 30 89
47 60 84 71
63 14 10 60
86 73 60 27
24 71 90 27
23 66 63 30
72 74 62 43
48 91 15 81
99 42 10 96
12 21 70 72
70 17 87 79
83 42 65 43
89 95 26 33
45 34 84 18
50 28 40 53
26 59 99 71
60 23 47 72
38 39 94 73
92 31 62 78
35 45 97 49
42 48 46 16
96 65 64 91
25 31 86 94
94 84 26 87
74 91 21 58
41 89 35 50
38 82 61 55
12 86 89 58
53 49 73 99
29 11 74 94
38 38 97 89
14 20 79 52
90 94 31 11
90 49 71 72
49 48 99 29
82 77 14 82
23 32 72 62
52 37 44 29
76 17 52 33
57 10 45 79
65 37 85 81
49 54 92 77
83 72 53 71
44 45 68 81
74 97 92 74
75 58 97 13
61 67 18 96
80 25 73 16
10 18 79 14
43 49 51 76
37 100 54 19
51 62 52 52
85 96 57 10
17 36 30 34
73 88 39 28
35 37 30 36
70 47 14 11
76 26 15 90
18 49 44 41
65 84 10 41
66 85 36 52
63 75 62 47
100 21 23 96
26 49 19 54
99 55 28 30
32 23 64 68
79 35 56 86
25808 20220 14757 8560
44 16 98 20
59 27 89 71
86 67 100 29
66 76 58 19
100 14 61 38
20 97 38 35
22 25 61 36
22 72 21 32
62 21 94 16
75 87 77 51
12 13 45 46
24 23 47 47
61 75 19 98
30 26 80 64
99 63 77 63
13 53 51 31
96 71 97 12
47 81 22 72
59 66 32 25
42 45 100 89
41 41 92 58
87 89 10 72
73 84 17 64
73 94 94 36
69 76 67 74
14 93 11 70
11 45 23 100
23 18 40 16
63 26 40 81
85 10 56 14
20 30 68 79
34 14 45 95
40 98 20 59
48 70 73 31
14 23 20 100
40 55 59 58
86 93 60 36
53 80 28 38
54 17 16 45
65 59 68 58
34 61 39 80
16 77 83 21
38 55 21 79
39 73 18 23
72 22 83 65
70 24 80 88
22 58 36 80
56 55 61 67
58 82 99 86
60 53 95 30
75 48 28 89
28 21 77 37
66 20 98 63
29 35 70 39
37 94 44 38
44 25 81 72
39 25 62 36
11 35 34 12
94 47 10 49
48 43 26 26
47 12 10 99
14 81 50 42
99 80 40 74
44 60 70 12
46 51 87 61
63 93 35 18
47 91 44 10
23 52 23 30
100 28 39 31
45 16 72 87
70 13 32 63
25 19 97 67
71 93 60 22
92 18 42 30
64 83 44 80
84 88 76 87
62 41 75 90
94 71 89 65
71 80 82 65
96 71 45 13
66 16 25 35
84 62 81 59
84 77 13 75
31 39 19 19
72 25 87 74
75 74 11 38
70 76 49 92
54 46 48 14
84 46 64 81
61 65 27 79
33 43 77 40
35 75 93 77
63 49 86 54
63 24 44 87
64 36 33 89
42 91 86 25
71 60 59 17
22 82 50 97
38 65 59 38
58 24 96 92
31 52 72 64
48 89 77 80
28 51 61 35
83 84 78 40
44 22 36 89
91 70 54 51
77 37 24 98
46 60 23 36
79 14 35 32
63 95 79 89
64 10 31 92
55 45 88 25
17 87 68 52
87 15 12 65
64 19 27 77
62 74 54 11
68 85 89 53
90 97 40 52
26 49 72 65
60 71 98 47
70 60 14 16
52 17 48 10
80 96 31 37
25 43 76 71
85 65 100 33
62 43 79 95
88 47 82 70
76 29 12 40
50 48 62 68
99 45 20 24
57 64 71 67
25 84 43 89
59 80 63 54
35 16 81 74
18 64 77 86
70 98 80 93
37 60 12 63
46 47 33 40
14 22 34 34
37 88 62 45
12 36 24 60
25 45 92 62
24 33 43 57
72 33 40 86
98 19 36 13
74 11 39 91
88 23 18 94
68 52 99 43
94 36 73 50
52 10 41 61
51 47 83 14
53 43 46 65
57 92 53 57
45 72 18 63
97 65 12 69
36 89 72 53
91 48 53 51
37 97 100 25
100 44 54 21
25 14 63 79
87 39 98 68
17 91 45 45
12 37 85 14
36 68 28 86
23 25 20 19
78 20 47 48
94 18 61 81
74 10 36 26
11 41 91 37
35 78 67 91
30 66 29 42
69 61 16 54
31 90 13 19
98 20 53 14
69 83 21 14
86 36 10 16
68 63 72 57
96 58 65 41
18 97 65 43
86 91 78 92
98 10 78 12
89 44 82 10
92 70 21 37
60 12 97 35
42 38 90 51
72 90 96 60
99 25 33 88
20 67 56 16
84 33 69 76
88 49 62 60
38 95 47 23
28 80 100 69
76 40 82 36
29 66 87 87
22 78 25 58
93 52 10 74
98 40 22 54
26 96 42 99
52 66 16 32
56 68 61 99
45 61 22 41
100 15 33 41
91 16 69 63
22 72 83 89
51 83 99 42
60 15 68 80
64 42 36 85
45 52 46 92
50 42 85 32
45 70 74 26
73 82 49 19
97 15 60 99
38 74 95 94
39 77 29 25
86 40 100 17
70 96 100 84
91 43 45 10
97 17 45 62
17 48 16 94
17 58 66 91
17 19 57 91
57 99 85 13
63 77 70 58
10 73 60 21
12 83 73 46
43 74 86 78
60 57 22 52
57 20 84 64
45 64 99 26
73 66 30 41
51 77 75 19
97 58 89 60
15 80 84 39
30 70 58 68
12 74 89 86
83 26 19 71
68 56 78 94
15 13 35 62
55 96 91 15
74 82 88 13
95 86 67 73
91 66 90 80
95 100 82 43
45 11 60 83
93 62 69 70
85 29 96 91
22 40 98 100
35 60 70 44
87 57 25 51
43 19 55 70
25347 20545 15693 10100
27 39 94 59
40 23 43 60
69 42 99 34
47 52 20 56
53 36 55 25
51 47 43 92
91 72 38 54
56 20 69 66
91 54 25 86
79 21 43 62
77 62 22 34
27 39 20 63
26 55 18 10
51 53 12 68
91 40 81 14
21 87 22 12
34 45 51 35
80 61 42 13
17 58 64 72
54 50 97 22
27 61 44 31
30 39 77 98
85 55 24 30
95 11 92 29
24 88 66 50
72 53 52 87
81 24 83 68
11 17 42 13
43 28 43 27
64 43 67 89
54 53 92 87
76 25 23 40
66 89 92 71
72 98 76 49
50 83 54 53
79 55 89 68
35 24 26 94
31 39 48 87
23 70 28 26
46 19 71 66
52 24 42 51
14 77 18 95
77 33 55 86
77 78 39 63
58 80 36 80
80 69 10 97
39 47 24 68
22 73 86 24
100 51 34 75
21 74 66 23
64 70 11 92
88 91 24 47
50 91 84 65
95 69 98 52
93 70 74 98
100 26 32 100
65 75 42 87
92 33 21 65
80 19 71 74
14 77 38 52
49 92 13 69
100 19 69 86
29 50 65 21
27 33 19 15
33 50 23 60
83 51 30 95
16 59 72 67
48 26 41 76
52 16 76 28
69 83 69 25
13 16 41 98
74 55 14 26
48 47 24 38
98 89 71 30
55 20 75 82
50 15 100 38
24 100 66 58
79 15 68 26
41 47 15 82
74 98 89 54
29 92 29 32
55 22 77 66
53 54 25 64
82 88 84 91
65 38 93 33
98 34 82 83
28 19 77 60
80 41 18 33
58 23 57 56
10 91 42 38
31 28 63 11
22 98 95 54
35 12 71 22
47 15 50 88
71 50 52 52
25 22 95 94
77 38 85 19
77 85 60 50
96 70 12 54
38 75 67 48
92 37 27 33
96 74 15 96
66 10 60 95
85 71 54 50
93 21 34 85
21 78 66 32
46 18 79 75
85 61 57 22
36 43 68 28
14 44 87 22
18 71 33 19
37 23 75 58
43 26 58 11
24 63 30 41
77 59 71 66
48 44 40 73
97 41 86 60
43 17 49 40
40 14 11 41
47 70 15 24
77 72 98 30
38 24 48 93
97 70 67 18
13 80 80 25
32 42 46 24
66 68 43 12
57 93 100 41
10 78 43 59
65 30 96 17
70 67 24 49
28 70 83 65
32 38 78 36
23 40 35 13
93 21 17 82
60 21 76 97
73 66 66 19
28 14 21 49
27 72 86 13
15 74 96 54
95 21 86 100
37 10 26 80
64 24 79 67
22 97 96 94
24 40 89 62
15 79 24 69
19 86 80 98
12 44 45 91
91 64 85 93
81 70 39 74
78 81 53 78
51 64 86 64
22 72 25 21
88 55 72 52
96 26 89 54
24 56 18 97
54 93 15 22
90 50 32 15
26 55 73 63
44 43 72 97
60 59 67 76
72 91 46 79
13 92 21 59
25 27 88 21
81 61 75 74
22 51 51 95
59 79 73 35
67 33 35 22
88 82 63 36
33 83 23 30
12 45 12 13
49 19 29 44
97 58 54 67
87 53 82 10
98 80 53 57
48 89 60 54
31 65 55 50
33 25 29 88
86 31 49 22
45 33 80 73
100 68 41 76
76 75 71 52
33 94 75 47
96 93 54 52
56 87 74 51
72 63 16 49
12 76 80 76
68 78 10 52
44 75 25 68
95 64 46 12
62 40 67 87
98 60 13 25
64 21 48 45
73 49 71 71
30 27 63 92
100 86 95 82
56 91 94 70
72 36 38 35
42 43 94 73
27 29 80 86
67 81 15 78
23 42 94 48
82 52 43 72
60 67 100 51
83 67 60 58
84 73 52 86
72 45 77 76
67 54 93 92
37 88 54 86
75 81 57 32
89 38 95 57
17 29 86 28
44 62 32 86
98 66 23 69
12 44 100 29
98 56 62 88
42 14 60 95
41 12 29 10
36 57 20 17
96 27 90 25
36 74 95 21
91 37 51 54
42 87 93 80
96 55 89 83
74 56 55 93
76 16 56 98
72 84 15 31
93 54 69 99
100 97 66 75
21 48 47 63
65 38 30 12
45 20 96 89
68 74 59 82
56 71 90 71
27 96 17 58
58 85 95 47
100 73 79 100
67 53 69 12
69 65 58 19
44 88 54 44
12 13 62 53
25 93 94 86
80 29 31 29
94 11 70 23
73 77 28 22
44 51 62 64
19 28 57 89
70 75 40 23
24 54 24 14
24 84 73 62
43 29 66 88
28006 22037 16583 10019
33 82 75 93
43 40 43 88
85 41 68 65
74 90 100 41
68 42 32 98
96 21 63 100
25 72 51 45
14 76 53 26
99 32 13 85
38 52 94 91
54 12 92 40
37 79 50 89
65 77 90 45
13 40 66 22
27 12 12 20
59 24 53 85
78 16 14 31
84 82 79 33
94 25 58 84
59 85 97 74
53 21 92 58
89 91 81 99
50 94 14 79
25 53 77 34
19 48 74 12
36 22 64 12
39 85 86 83
76 24 66 34
47 13 97 32
70 10 98 54
21 12 66 40
44 87 87 77
62 30 100 17
79 92 52 58
92 15 48 93
57 87 68 13
72 40 76 56
16 20 14 63
11 28 45 81
81 98 41 32
24 40 66 11
66 20 62 48
35 92 39 53
82 26 51 22
73 38 67 58
46 97 85 70
23 42 17 22
81 41 43 56
16 66 26 26
79 12 63 48
55 87 89 24
60 13 88 34
37 84 20 72
29 56 65 84
75 79 69 59
24 80 84 75
87 12 59 63
96 60 62 80
73 64 98 70
42 54 36 37
88 32 53 20
80 52 62 63
89 48 45 98
44 77 68 87
97 49 83 95
90 44 25 22
12 69 11 82
78 83 41 42
99 37 72 53
95 33 17 91
28 97 62 86
99 42 21 44
95 79 81 34
58 54 11 68
96 24 29 90
20 13 73 23
63 16 24 78
74 96 63 61
84 46 61 75
30 83 25 51
53 89 45 82
82 30 20 63
58 79 50 28
53 51 75 52
92 89 34 34
63 94 64 79
32 12 96 29
53 76 63 11
70 44 69 76
71 21 62 22
59 63 86 89
25 35 66 70
96 61 89 89
96 82 76 93
47 31 28 45
96 44 24 38
30 72 86 39
33 68 57 70
71 85 34 63
71 35 67 63
18 97 77 30
32 59 83 69
36 34 97 74
53 44 85 73
41 94 13 70
24 91 22 26
52 87 31 53
94 20 14 16
37 19 86 82
54 79 42 95
77 55 54 78
25 39 10 47
78 11 92 39
78 23 83 71
18 95 19 71
55 18 12 81
33 54 50 46
15 70 91 23
58 80 20 87
32 33 67 27
85 37 13 96
63 98 94 99
58 56 96 100
12 39 11 23
43 52 68 50
57 97 47 89
11 19 53 43
97 41 65 46
91 61 17 43
60 56 19 58
48 89 73 49
100 36 81 25
36 40 47 10
98 46 69 90
32 90 99 45
42 28 80 86
72 64 37 29
48 30 99 91
70 27 29 97
49 30 45 62
47 31 72 54
16 75 15 14
34 59 55 14
54 24 20 24
41 85 76 37
61 85 25 17
33 43 84 29
12 73 55 94
89 100 27 52
55 47 64 47
65 69 70 18
84 54 88 75
46 69 100 85
84 66 76 31
22 32 26 24
87 10 10 49
34 67 23 32
22 53 26 15
48 24 81 35
92 81 51 93
40 14 64 80
62 64 70 25
13 76 99 54
88 62 56 48
53 89 37 97
92 86 10 44
34 47 51 100
55 18 70 77
86 78 66 58
37 34 94 46
13 85 31 76
53 32 90 32
93 26 20 81
17 19 26 37
83 13 27 51
76 48 73 54
32 58 20 86
98 40 40 46
27 93 92 70
45 55 69 36
69 14 72 15
56 83 22 42
62 29 96 32
67 74 73 18
79 19 59 64
96 17 40 60
99 64 33 27
36 43 40 51
74 34 58 43
35 67 32 23
45 93 19 17
13 68 21 29
13 35 33 93
98 29 76 12
87 74 63 94
35 57 97 69
24 72 100 27
65 12 19 16
12 57 92 78
44 59 66 86
27 25 23 34
78 84 33 66
30 69 34 51
25 24 84 41
36 52 16 22
18 11 56 65
15 65 76 23
77 24 75 60
24 98 74 19
20 99 14 28
16 44 57 83
18 38 21 25
43 79 83 59
14 20 30 61
25 99 11 91
62 42 34 11
73 60 28 80
41 27 72 83
16 53 14 77
89 19 80 30
40 19 45 94
17 48 40 98
36 65 37 73
98 46 16 26
39 55 49 88
18 39 57 90
38 85 65 100
57 78 65 79
21 54 89 49
51 76 46 83
11 82 38 65
27 69 36 98
24 48 59 10
30 64 68 33
89 33 32 82
57 97 12 35
94 40 86 66
20 66 66 11
37 48 81 23
55 11 46 89
57 82 28 24
24 95 66 48
85 50 20 50
96 11 59 22
50 98 100 32
52 73 53 35
24 36 35 23
10 80 67 28
55 96 13 100
30 22 41 35
26229 19573 14234 10346
68 45 14 40
53 47 13 18
79 69 38 35
10 79 72 87
12 70 44 79
20 36 91 67
60 60 66 33
100 87 37 46
75 31 35 93
16 87 14 29
45 51 46 59
56 64 45 29
51 45 21 66
98 39 41 11
20 52 11 10
21 86 37 40
34 99 17 37
12 56 57 83
94 32 58 43
37 100 74 64
87 12 44 99
65 26 42 15
11 58 18 21
96 59 19 67
12 79 100 42
99 11 21 23
94 39 69 82
52 86 99 78
16 66 30 15
30 39 28 51
93 64 30 22
19 73 20 51
30 33 68 34
60 45 68 41
78 41 70 72
88 61 36 19
42 55 29 95
65 59 77 60
54 14 79 16
94 57 67 49
72 42 70 60
94 14 50 18
54 89 21 26
43 27 51 46
97 85 48 92
92 54 60 88
85 44 80 56
47 36 11 54
19 89 83 46
11 100 70 27
38 77 19 16
67 33 49 42
55 76 61 81
41 71 53 20
71 59 45 46
69 47 90 56
52 43 95 49
39 51 18 26
39 18 43 48
56 44 38 23
53 52 89 58
12 90 81 21
73 11 70 29
51 30 91 86
52 86 46 100
96 45 94 60
34 98 87 45
89 36 84 94
68 39 92 91
84 92 92 93
39 65 76 60
57 84 58 46
66 79 74 60
28 78 12 79
97 22 73 25
29 85 37 14
82 50 84 44
77 50 14 44
81 30 77 32
43 43 11 38
19 42 65 71
24 72 28 45
19 51 26 25
81 39 55 78
30 49 87 47
18 95 15 16
100 23 100 77
11 69 34 63
68 78 50 82
95 27 19 91
14 83 61 78
95 39 15 17
98 69 46 90
66 87 58 89
71 75 45 11
90 51 29 67
73 47 91 62
40 90 53 36
12 30 28 62
34 42 92 95
55 81 85 77
72 46 34 31
82 29 54 46
55 49 36 75
74 20 64 41
94 30 44 12
99 50 42 73
46 33 26 23
28 35 11 76
58 62 87 50
90 11 85 53
77 88 62 28
70 76 18 26
14 20 64 44
19 37 48 85
34 71 12 27
58 91 85 34
99 89 26 80
44 72 95 38
49 83 66 93
46 93 13 15
21 61 29 34
19 52 32 92
61 76 65 87
65 43 33 67
49 74 56 93
75 66 77 77
66 45 73 47
21 70 40 38
41 96 80 50
40 77 14 59
51 12 26 97
40 20 79 95
33 99 56 12
29 16 92 89
66 15 65 12
25 55 45 93
86 25 46 26
31 57 40 52
94 19 18 41
41 99 86 38
62 66 84 61
26 68 52 65
26 21 93 68
31 68 79 60
68 50 52 12
59 65 42 63
88 97 97 44
49 82 15 95
15 81 68 55
46 66 34 36
97 24 38 47
85 31 63 77
66 59 75 34
91 12 18 95
67 32 50 74
36 92 25 79
42 86 61 68
31 17 97 15
66 88 38 29
26 87 50 81
20 27 53 16
64 45 75 54
40 70 77 85
84 36 45 82
66 66 21 42
57 99 53 11
88 73 11 92
20 78 83 92
42 93 48 95
82 79 63 90
63 47 23 64
55 95 51 43
21 40 46 85
32 57 36 41
25 32 94 17
89 62 25 80
99 80 73 34
50 17 90 54
42 95 49 11
46 37 29 98
31 25 28 23
68 89 87 38
61 42 36 45
10 43 51 28
67 40 81 89
87 17 87 53
60 26 93 10
48 65 51 57
56 47 59 36
96 55 98 93
100 31 31 23
28 32 41 26
31 81 95 85
53 12 23 13
98 13 10 58
60 89 10 81
31 99 82 60
64 74 52 80
94 42 87 60
32 20 77 63
76 53 20 47
36 75 19 73
59 86 22 24
48 33 19 41
65 17 36 47
36 68 12 19
57 62 49 55
22 60 52 68
20 100 46 78
91 60 18 18
38 16 34 18
20 63 71 98
48 72 73 77
47 93 59 97
73 45 66 72
78 89 91 30
97 39 90 63
84 34 22 17
17 48 52 76
92 76 94 94
47 25 70 42
85 82 53 53
30 98 45 46
69 52 78 15
77 18 68 36
32 57 49 40
99 73 62 63
31 86 62 32
34 99 56 68
54 34 96 62
47 28 26 63
50 70 25 93
26 95 86 99
15 99 83 52
95 36 78 100
95 58 97 28
81 85 43 98
75 84 76 45
48 77 65 48
97 18 57 51
43 27 94 87
42 76 52 85
97 50 23 11
75 80 89 46
61 15 30 90
28 53 85 57
85 33 87 55
20 47 57 39
81 10 15 29
26347 20689 14499 9681
20 63 12 68
40 97 11 54
18 81 83 63
31 63 54 48
49 15 70 70
74 18 86 94
61 93 25 84
25 89 45 93
81 95 58 20
70 31 29 72
12 41 78 15
36 14 89 56
12 10 17 20
53 75 83 66
67 29 47 32
21 73 75 90
14 70 78 81
43 66 11 91
94 19 81 67
38 73 28 23
30 48 86 53
85 67 76 15
40 15 75 93
38 56 64 39
35 17 43 24
84 69 30 35
48 74 65 75
67 13 30 70
59 74 64 33
40 63 48 70
50 40 83 27
11 20 59 27
78 18 91 44
31 33 18 39
82 33 97 46
71 16 25 45
83 82 54 31
54 57 15 43
30 65 66 79
35 63 78 31
27 60 16 78
42 53 22 26
54 43 39 27
53 71 85 48
83 62 15 78
70 53 90 67
66 27 39 62
98 76 90 45
53 77 37 55
74 25 78 47
83 19 27 79
39 39 52 39
66 23 88 14
24 26 74 29
29 70 22 38
72 36 84 26
38 54 99 90
37 29 94 60
89 98 81 85
60 55 60 100
35 55 71 30
12 40 57 41
31 40 44 60
92 46 39 40
24 49 83 61
76 99 29 29
32 57 22 48
47 43 86 65
63 98 31 87
30 58 53 22
69 39 40 66
42 18 79 51
81 87 87 28
41 66 36 23
58 58 31 49
78 69 49 44
38 76 33 34
51 40 94 78
61 85 65 28
25 10 94 54
42 15 89 27
13 96 53 83
95 75 76 57
76 59 14 64
89 23 82 29
90 31 95 87
99 39 38 46
94 53 28 11
98 11 42 26
44 27 94 70
16 35 11 59
40 65 64 26
53 59 70 38
81 59 70 60
85 18 63 25
11 60 60 93
14 18 68 90
47 15 46 83
61 13 60 51
52 18 53 14
55 20 28 57
30 46 62 49
49 71 26 72
57 11 43 86
77 99 66 75
87 37 85 39
87 91 94 85
96 68 21 92
77 89 27 56
28 80 43 88
34 62 81 22
49 26 36 10
74 64 86 77
55 79 98 90
28 64 72 78
52 53 60 91
83 34 66 96
68 76 14 11
11 93 17 14
81 35 29 82
23 37 15 77
85 93 10 78
69 24 49 10
35 67 21 39
18 68 32 56
91 94 62 13
55 22 31 91
35 10 37 86
48 59 56 32
39 93 22 84
68 31 95 96
66 38 52 32
14 71 99 89
13 45 34 85
19 49 20 83
48 46 46 32
72 69 99 75
23 28 32 84
45 64 60 85
26 94 92 33
52 11 96 25
27 78 100 91
56 88 57 28
92 97 45 15
28 18 12 99
30 35 93 94
93 78 86 57
34 44 98 94
72 58 86 27
90 65 54 27
24 89 45 98
33 86 41 32
73 38 19 83
63 82 71 49
88 15 93 28
28 64 87 31
41 96 97 21
95 53 15 86
47 55 96 72
20 54 85 86
33 43 11 87
90 77 50 24
57 51 76 35
71 73 41 20
60 34 90 58
23 62 37 22
61 69 29 60
94 43 57 42
51 10 86 21
56 20 26 41
38 27 38 46
93 30 74 26
83 61 88 96
81 22 85 39
73 84 22 95
80 36 86 90
73 17 37 57
94 65 69 21
70 21 40 30
85 27 79 12
53 65 90 59
42 52 12 38
35 70 76 91
87 18 72 50
50 78 65 52
64 97 58 63
20 83 97 72
30 99 47 54
64 90 68 67
45 90 13 81
18 33 38 39
24 42 55 61
86 79 88 97
74 95 59 42
86 53 40 78
26 31 74 24
62 51 87 82
92 87 38 33
37 78 82 12
61 56 41 17
44 55 20 29
19 11 53 83
99 46 63 69
41 84 98 24
53 38 36 49
45 74 99 53
84 23 33 31
63 31 29 48
32 89 38 89
91 89 82 30
11 12 66 14
39 74 17 38
32 61 86 71
12 82 51 66
19 63 30 73
75 10 27 31
85 80 55 72
68 23 72 27
62 80 22 90
98 11 47 96
63 17 57 54
79 35 39 80
79 69 78 72
11 11 73 85
54 32 37 83
27 80 94 88
61 38 16 70
99 61 25 61
94 77 43 91
12 74 47 53
33 90 53 32
64 10 29 51
92 30 62 92
72 15 32 78
33 15 60 54
96 87 26 61
77 70 15 34
94 65 23 74
51 78 61 32
96 98 39 67
39 19 45 86
57 26 77 87
97 93 82 34
77 27 54 93
88 86 33 42
83 69 61 69
57 63 67 59
85 98 34 83
49 24 42 67
29 95 72 55
25453 20690 15276 10221
76 28 79 36
55 46 77 77
19 42 37 100
25 92 14 60
80 68 89 73
75 93 38 56
86 68 26 93
19 34 65 22
41 72 44 82
65 41 46 97
16 78 25 49
21 27 46 49
53 85 63 15
70 85 34 30
82 78 14 41
73 76 81 98
98 61 63 12
41 86 73 58
37 65 68 21
32 58 90 94
27 83 28 56
82 18 55 22
56 64 73 44
12 62 41 12
41 53 70 44
65 40 64 31
94 24 47 81
90 68 84 19
59 21 24 24
13 28 51 59
59 49 17 93
87 66 21 37
76 35 65 91
21 84 84 28
39 34 10 21
15 41 17 40
76 32 15 33
32 30 83 61
56 12 30 60
50 61 15 69
100 18 38 13
98 28 33 85
70 48 84 36
64 25 38 73
12 51 82 59
63 28 28 28
84 21 30 30
49 43 100 98
33 53 79 23
88 53 65 43
34 29 61 59
39 13 83 24
20 21 61 98
42 25 47 35
55 61 57 13
26 75 54 53
54 40 40 22
59 84 74 94
80 28 62 32
22 60 100 15
47 91 29 94
10 26 76 87
17 11 23 91
52 95 57 20
73 71 30 39
28 10 51 49
18 94 98 27
76 56 27 83
39 60 87 93
13 74 62 67
62 93 94 49
41 94 37 74
36 88 76 13
40 73 54 25
21 72 78 12
14 81 74 45
28 38 25 31
12 69 49 58
84 84 94 68
86 46 45 45
13 80 74 81
13 44 100 83
32 29 46 96
18 30 54 59
11 35 49 84
11 42 42 75
17 71 69 79
57 47 30 35
21 32 82 39
48 48 87 30
76 97 99 18
52 10 43 31
84 83 18 41
61 42 55 37
22 10 93 22
72 47 27 36
29 83 37 34
51 22 81 80
76 35 23 22
14 41 29 78
51 52 69 76
86 58 50 56
90 24 49 27
94 76 68 52
50 60 50 98
55 23 64 24
64 99 57 66
76 69 93 30
23 71 100 30
31 79 17 49
78 88 47 35
12 79 12 19
51 41 96 62
77 27 39 90
50 35 26 90
14 30 30 94
12 33 52 40
63 67 17 54
12 76 48 76
77 10 11 52
52 38 50 22
95 57 24 35
57 88 96 98
44 15 84 85
72 85 40 48
47 18 98 88
60 63 10 78
29 40 67 98
86 91 94 19
57 41 47 66
28 48 99 20
40 65 96 62
92 13 98 40
54 29 80 29
74 37 71 69
55 31 50 83
50 54 86 24
89 43 57 64
81 41 40 62
97 50 79 41
46 24 24 41
73 23 11 92
85 70 58 91
79 89 74 58
90 54 79 25
50 19 84 42
29 60 95 66
11 65 91 20
47 43 83 28
33 33 25 11
27 84 85 68
17 44 18 50
76 99 56 60
25 24 89 42
72 63 20 58
75 96 95 43
74 31 33 48
23 52 70 31
88 53 37 59
77 36 62 44
79 50 66 10
94 77 43 53
85 13 88 49
25 88 39 30
24 63 51 12
65 85 84 78
98 78 84 78
56 70 26 16
35 61 16 94
80 37 54 44
53 51 73 62
51 47 26 64
100 15 48 71
79 39 16 24
35 67 53 91
17 22 43 33
56 13 84 34
11 25 80 89
18 74 59 37
37 100 95 69
18 20 30 53
97 76 47 99
38 36 42 32
51 100 80 86
71 39 44 57
87 86 43 58
100 49 81 94
51 74 12 53
11 21 53 70
98 47 91 57
23 52 54 46
64 85 85 85
55 99 51 62
34 85 40 27
46 85 67 16
80 23 83 69
46 22 99 59
43 58 30 95
73 27 29 100
29 71 44 90
90 93 44 30
73 44 82 43
48 72 37 44
68 81 34 59
98 90 43 65
94 72 64 46
79 94 63 92
29 87 78 99
98 14 68 44
84 62 12 44
64 11 78 54
35 35 82 33
61 86 74 14
35 89 89 39
26 51 42 27
16 79 32 68
56 46 90 13
99 76 43 26
13 59 23 18
73 15 30 51
94 99 19 44
58 99 29 81
26 62 36 46
42 73 47 48
58 56 33 28
35 76 85 53
76 35 100 46
34 89 19 25
31 89 44 36
26 56 35 80
13 41 30 98
93 44 54 38
54 92 83 13
43 15 80 99
79 97 16 45
47 45 39 36
57 79 49 57
36 64 33 54
99 77 65 65
96 100 25 98
39 12 17 93
46 72 12 83
88 51 10 65
59 42 34 69
73 69 41 45
73 70 41 31
46 42 33 48
18 33 90 12
27 73 13 16
67 52 47 96
25687 20412 14896 10651
19 95 31 12
67 67 36 66
59 33 35 11
13 61 64 60
87 48 51 37
97 66 100 52
64 43 10 95
72 22 48 51
95 87 83 99
47 87 39 88
42 66 60 57
30 88 63 36
95 53 85 45
46 84 28 69
76 12 59 68
13 99 17 39
50 23 56 93
31 27 14 18
17 92 22 66
18 21 85 87
69 38 14 68
36 95 71 23
72 47 98 16
54 63 74 90
69 47 72 56
91 70 30 89
35 40 83 63
57 76 96 69
74 55 46 62
39 43 17 71
26 89 55 20
73 13 65 88
58 41 93 10
26 59 96 23
48 82 58 84
23 43 86 41
71 21 44 95
86 77 38 76
22 59 57 11
22 60 28 33
94 63 81 27
46 28 26 94
17 11 90 75
52 19 40 20
46 25 26 91
25 28 61 82
48 55 73 34
45 17 84 36
55 16 33 25
13 35 66 73
57 88 51 24
26 17 79 39
98 98 84 16
19 65 87 38
62 12 16 92
60 48 21 47
12 21 26 62
13 12 76 59
78 91 58 16
73 59 87 35
26 29 72 87
64 75 65 12
67 87 39 48
65 35 57 48
84 43 26 76
71 85 54 54
38 15 31 12
42 58 34 22
29 51 96 54
65 54 34 70
16 15 43 58
22 10 91 33
96 51 96 69
58 98 38 57
71 94 60 52
61 85 13 27
23 15 25 93
52 31 44 92
43 97 31 56
87 14 77 61
41 21 75 34
16 66 48 62
25 89 20 18
98 43 61 44
12 61 34 74
75 62 62 81
85 61 18 81
58 58 59 11
92 13 45 33
27 32 88 92
40 49 77 45
98 94 42 84
50 90 58 58
41 17 29 48
56 64 32 52
56 75 25 13
97 87 95 74
33 63 17 90
34 39 20 34
17 16 10 97
95 72 49 96
15 100 90 72
80 31 88 74
40 100 75 41
16 74 18 38
59 23 46 76
72 67 35 90
20 92 72 99
77 49 72 16
66 94 54 99
82 80 62 37
100 41 93 86
40 27 15 21
67 74 85 32
75 61 95 11
91 84 84 75
86 57 70 46
47 33 73 49
88 15 93 11
33 43 53 25
44 77 66 16
16 28 44 83
33 67 44 37
51 52 70 21
25 83 77 25
72 21 66 61
11 88 19 84
98 97 36 14
14 21 53 15
87 59 80 44
43 60 41 26
92 80 38 45
57 85 43 33
74 66 64 64
82 35 38 80
61 27 16 95
25 85 33 94
32 91 59 14
43 58 39 13
75 15 45 19
50 95 96 87
100 67 16 58
29 72 73 45
69 58 65 59
40 74 60 74
33 69 28 79
94 40 30 93
98 79 19 39
13 27 49 73
32 41 33 49
77 95 39 84
39 85 76 79
47 22 45 35
52 44 11 46
81 58 17 60
27 60 49 68
74 96 65 66
25 47 84 10
47 31 35 54
50 51 15 64
92 79 86 69
16 75 65 80
36 69 56 94
17 14 35 37
48 43 79 19
37 17 44 60
26 87 90 46
95 52 62 66
74 51 54 48
100 54 26 50
60 41 34 57
30 100 85 64
70 34 32 50
29 79 93 88
29 13 83 73
14 99 99 58
31 28 83 38
34 24 79 29
17 60 50 67
62 86 51 22
99 97 94 17
23 14 18 34
75 21 89 99
16 42 31 47
61 42 29 38
70 39 81 71
86 29 10 21
22 68 18 62
54 89 80 75
16 69 20 16
29 82 43 60
42 18 33 83
51 16 32 11
39 42 84 65
73 37 11 94
87 72 44 77
39 73 45 42
81 92 81 32
11 16 50 100
73 23 45 49
96 60 96 23
35 72 17 13
13 41 66 82
15 57 39 17
55 58 56 13
37 97 26 81
44 96 11 15
96 41 25 76
87 93 31 21
13 55 60 78
55 74 38 53
15 28 91 54
96 70 14 31
94 48 31 25
96 15 26 62
18 69 40 18
97 71 99 18
78 73 72 71
78 88 75 84
29 64 29 46
10 66 79 76
66 55 34 50
53 36 27 44
97 66 30 12
77 26 93 81
65 33 80 27
71 73 42 96
11 22 35 63
60 90 26 34
51 35 79 76
13 21 49 85
29 14 66 27
80 34 62 14
30 49 43 55
15 67 99 89
77 58 40 16
38 20 44 72
54 54 26 25
42 57 47 55
20 13 87 90
58 69 29 31
24 70 92 21
33 23 43 20
20 40 17 93
91 16 99 30
25 63 31 57
11 35 90 60
54 12 72 66
17 24 86 59
54 29 18 73
26197 20665 14807 10964
44 17 97 11
46 38 81 86
90 48 97 100
45 58 57 46
100 83 20 78
41 64 37 16
32 38 94 85
39 71 73 17
59 97 79 91
60 24 14 57
29 79 82 63
29 97 38 54
75 70 50 39
60 25 74 84
26 13 65 44
22 31 38 42
51 20 71 60
37 94 94 97
58 50 60 47
88 43 21 66
28 71 72 88
21 62 66 60
75 18 26 26
70 40 82 91
10 37 84 25
87 16 85 69
94 73 46 79
78 62 92 28
60 52 54 57
92 86 88 46
93 75 44 30
17 99 46 16
51 42 87 28
70 67 17 72
28 28 37 43
98 59 55 53
69 83 10 97
44 67 99 88
34 39 22 83
17 14 87 50
95 70 16 25
83 79 29 59
77 65 67 69
11 10 89 30
56 83 57 68
100 52 12 74
45 97 55 63
59 14 34 63
24 18 96 10
48 36 67 92
96 56 41 86
80 68 33 63
100 37 38 25
71 32 96 83
74 42 89 27
15 89 80 87
80 53 64 10
89 79 52 73
28 96 97 16
14 28 33 97
94 90 75 47
26 48 25 39
92 81 85 74
59 49 88 84
50 57 31 37
75 89 29 12
58 23 73 60
52 54 98 27
29 52 76 62
68 23 25 18
42 97 64 44
56 67 89 47
41 13 80 43
40 38 84 92
17 23 93 47
19 45 47 33
70 23 99 17
66 15 18 94
77 10 75 61
81 80 19 15
41 62 29 34
30 69 11 60
89 92 91 17
92 29 56 46
81 44 80 36
43 49 28 62
52 76 23 36
31 90 56 92
41 18 96 91
23 55 63 24
56 21 99 11
73 71 37 61
74 57 94 92
58 36 91 92
26 33 53 50
39 24 23 26
85 81 30 65
77 67 39 19
39 100 83 70
79 70 86 24
31 93 21 31
41 56 77 79
66 55 87 61
40 61 69 90
62 21 91 18
33 64 92 17
78 48 21 30
64 90 17 16
24 43 84 21
12 80 12 34
37 44 83 28
83 82 89 63
51 19 19 68
75 21 20 77
79 92 39 18
71 26 13 83
70 58 30 20
88 75 100 23
92 41 64 13
69 74 70 42
96 34 62 22
75 89 68 67
36 13 13 11
53 89 81 55
19 38 69 67
44 76 33 56
53 19 69 87
23 79 11 67
64 28 32 45
62 87 99 76
93 43 41 20
88 22 12 43
69 79 96 46
54 98 13 32
38 31 72 17
52 88 15 14
94 97 26 46
16 29 23 61
80 57 28 17
22 62 85 65
34 19 14 29
19 30 44 43
31 65 55 28
25 63 31 63
73 61 25 31
26 22 97 64
54 22 66 15
21 44 47 47
49 86 84 73
43 62 46 24
76 76 11 47
22 61 79 50
60 96 38 19
68 88 68 98
84 42 42 64
20 47 100 40
12 12 84 26
53 99 100 72
99 50 34 85
33 12 95 85
44 42 15 16
34 44 50 59
31 75 94 80
95 34 99 69
19 85 23 84
96 96 70 90
39 56 91 89
97 59 62 17
69 99 37 33
97 12 47 67
27 10 14 55
33 20 29 92
50 20 63 98
21 24 58 53
91 11 59 62
72 75 36 73
29 48 30 100
37 52 17 94
95 59 92 20
46 30 36 46
51 21 66 83
75 38 72 99
59 39 34 44
75 80 21 76
90 31 75 29
63 84 56 45
90 81 42 43
55 87 49 50
69 62 75 35
83 79 35 54
67 29 27 98
68 64 84 26
15 12 50 82
79 70 43 40
42 95 69 90
82 18 68 26
43 50 10 68
34 48 29 67
66 86 64 51
41 19 58 72
41 57 71 26
77 71 23 48
33 95 94 23
36 62 11 79
12 54 61 36
38 10 17 84
46 84 53 85
90 56 52 42
20 47 86 99
42 77 56 96
43 72 21 33
87 23 78 40
98 34 63 92
25 82 39 92
56 50 79 50
24 84 77 57
96 56 68 77
13 24 24 90
83 85 88 31
22 86 13 18
16 28 79 19
80 59 70 22
87 44 71 16
19 11 56 77
71 36 45 99
30 93 85 94
11 51 44 49
17 25 79 11
91 60 80 48
23 30 82 34
69 19 77 87
67 23 73 27
44 58 12 77
98 22 40 97
63 40 27 69
56 16 31 11
53 55 76 44
48 49 94 63
24 65 47 41
83 85 24 71
41 58 62 66
100 29 65 19
14 21 21 54
42 19 82 80
50 13 38 56
27 100 97 54
87 70 16 22
52 31 61 72
33 32 25 40
68 11 35 25
24224 18625 14869 9818
21 40 84 59
12 99 13 25
57 61 80 63
67 36 86 93
80 37 20 39
29 70 59 85
76 70 75 95
64 86 47 90
80 27 27 20
86 89 96 15
55 93 80 69
85 45 31 17
93 98 89 40
36 72 92 40
88 92 92 62
97 43 93 29
33 41 18 72
28 80 76 24
80 24 73 59
48 40 12 18
69 74 70 48
28 14 54 49
70 14 99 16
33 77 39 28
90 25 93 69
38 54 53 88
80 95 51 90
73 18 26 47
72 18 27 60
40 97 100 61
34 10 91 47
70 57 74 72
72 43 66 24
76 84 96 45
71 11 58 55
87 84 37 40
26 95 61 62
64 51 20 60
83 95 66 75
12 59 43 24
56 10 93 68
16 39 17 51
53 86 21 99
96 88 22 94
18 48 53 24
69 63 72 14
36 36 87 89
89 77 82 99
17 73 91 95
11 17 31 61
39 60 58 74
85 66 64 82
98 32 20 49
24 79 88 93
30 75 55 63
28 85 21 31
45 36 30 16
96 74 34 71
96 76 30 82
52 60 19 83
31 91 90 88
69 41 56 59
71 19 55 97
38 78 66 46
18 47 81 18
68 32 72 31
44 40 84 77
45 56 38 46
34 32 12 42
23 15 90 96
23 28 38 92
71 90 94 48
70 94 16 24
32 18 58 47
19 78 82 61
98 86 98 87
90 70 97 97
58 57 37 17
66 57 91 27
94 45 33 21
12 86 71 67
57 89 86 17
22 100 91 41
86 87 97 42
63 51 89 11
53 24 91 10
14 61 51 45
98 13 72 64
59 37 30 73
65 42 41 10
62 16 90 51
34 37 40 47
40 39 93 80
70 91 27 67
35 100 24 74
53 30 46 61
30 84 48 93
63 54 13 90
52 77 75 54
59 63 32 79
34 13 48 87
53 80 92 69
48 99 24 42
42 84 62 33
78 21 59 17
72 63 40 29
67 94 32 78
17 45 23 54
82 34 32 96
65 39 52 17
69 50 66 37
88 57 62 95
94 16 49 47
32 66 19 16
37 62 75 72
90 63 89 99
90 44 10 21
45 44 97 10
92 21 91 72
81 13 50 83
65 90 40 87
84 33 86 73
81 43 69 34
58 92 78 63
89 94 93 77
21 84 49 93
54 44 29 30
67 42 90 25
83 92 78 40
53 37 27 28
67 58 28 32
55 80 64 82
72 69 15 89
71 77 32 41
65 60 35 64
84 22 33 23
78 90 55 90
46 68 69 14
77 99 35 91
18 27 78 19
13 72 47 61
58 26 19 40
12 81 17 90
47 28 30 76
27 68 93 24
98 60 99 92
60 58 91 58
41 95 32 56
54 36 18 24
88 31 20 44
73 19 46 11
58 40 33 91
37 71 14 59
76 54 97 88
74 12 87 92
23 52 36 68
62 95 68 59
94 71 66 27
71 70 27 92
70 22 83 50
46 52 12 85
68 88 57 88
64 79 24 55
40 31 42 90
56 15 64 25
71 33 28 11
30 17 36 33
59 77 53 66
24 55 33 26
78 20 67 46
33 67 33 72
57 45 34 59
60 73 19 18
18 97 22 86
81 49 100 27
97 97 86 58
62 80 67 48
90 36 36 100
26 13 95 69
18 27 44 36
94 54 84 43
42 21 48 29
95 45 72 82
41 25 84 36
78 54 56 93
62 73 71 33
78 53 43 98
70 44 77 78
92 90 95 40
14 54 22 23
96 73 54 84
91 60 20 81
29 67 48 87
37 92 53 78
56 60 45 95
66 22 92 46
79 78 31 31
91 91 60 12
39 97 77 35
15 100 61 29
51 100 40 13
98 89 62 66
23 28 55 45
17 50 89 53
76 15 95 31
97 91 78 39
23 93 29 26
87 38 53 16
14 55 77 31
75 58 70 63
91 28 49 87
86 36 20 38
58 54 58 12
58 52 73 99
33 21 41 42
51 81 23 94
29 15 68 53
38 81 18 87
63 84 94 30
64 86 77 95
27 42 33 24
89 85 27 48
24 29 44 30
62 59 96 67
61 95 20 83
85 46 37 46
31 63 46 46
75 20 39 11
49 11 55 84
61 45 70 41
54 86 40 53
92 27 80 51
89 48 85 88
44 93 28 81
61 50 70 82
47 86 57 96
15 86 19 77
86 74 59 16
34 38 74 49
86 71 44 35
29 91 43 29
16 13 71 10
43 27 72 52
79 62 48 52
58 63 16 43
80 57 40 75
94 69 56 82
21 77 88 69
64 29 50 46
85 73 83 53
