20 250 4
1 1 1 1
89 143 193 250
25847 21875 15697 9821
98 34 55 88
80 52 62 44
45 35 80 41
15 96 19 25
87 72 100 77
22 99 94 29
53 58 78 71
80 64 13 26
41 73 88 50
36 33 33 78
79 35 16 39
11 14 91 70
88 58 51 91
45 84 65 92
12 26 61 58
29 77 34 73
95 90 34 79
58 86 27 89
81 83 17 13
64 28 39 41
41 93 61 75
92 12 33 59
92 55 47 72
52 41 66 17
59 73 58 63
36 83 11 39
49 82 90 62
95 66 67 31
17 45 48 21
18 62 45 87
11 14 54 27
45 60 48 82
12 17 81 96
84 37 67 21
37 97 64 85
63 52 44 89
29 90 68 57
60 92 65 85
97 83 92 78
91 32 18 47
93 83 16 93
86 65 86 34
31 37 96 79
39 29 53 18
58 56 87 65
59 56 35 19
75 65 70 64
23 71 68 56
58 27 55 82
34 17 83 95
39 26 88 14
80 12 26 66
43 98 22 69
71 64 74 35
44 87 64 58
28 79 46 61
76 74 44 17
78 100 50 60
76 13 39 89
67 86 89 91
95 64 99 18
72 33 22 36
98 84 79 97
73 79 69 90
72 95 31 15
19 59 91 26
77 11 59 81
12 60 87 71
52 16 52 45
16 24 38 49
55 31 85 26
33 99 79 45
94 77 71 62
30 37 58 60
80 37 19 68
30 26 45 70
80 77 32 52
38 55 61 93
57 32 11 33
38 17 89 64
76 79 72 42
35 32 76 36
77 68 75 48
84 84 42 61
14 25 63 76
32 65 53 97
19 31 18 19
14 79 50 87
78 64 29 64
72 68 20 44
55 87 75 32
45 74 61 62
50 50 54 85
20 79 43 86
51 65 50 12
28 100 82 78
40 72 40 47
96 58 32 82
88 66 51 52
91 90 91 46
41 19 100 12
33 28 43 52
71 36 61 78
50 41 48 14
16 16 96 26
42 68 22 20
61 46 59 76
84 40 22 81
34 44 23 25
44 83 11 38
23 82 30 80
26 13 34 84
88 87 79 20
37 20 37 66
22 35 91 11
34 99 36 100
97 97 77 81
21 80 43 13
97 71 100 44
38 60 24 76
70 50 34 55
17 22 31 85
13 93 12 52
95 55 10 45
37 56 35 24
58 61 42 66
48 43 38 91
88 51 57 94
69 97 88 57
56 12 41 85
56 21 100 29
84 45 43 24
100 54 73 90
44 66 35 97
14 92 12 70
95 41 54 72
82 47 73 52
22 16 16 47
90 81 85 36
48 83 84 57
84 29 73 66
54 79 35 43
79 51 95 95
74 53 31 62
56 49 39 11
56 28 54 44
35 22 76 47
62 68 21 16
74 20 84 18
93 55 72 13
62 28 94 25
25 19 41 96
63 33 18 91
73 80 22 67
87 10 73 10
66 66 15 31
12 19 59 77
74 74 18 19
84 87 41 99
49 30 44 97
62 37 75 67
84 59 77 99
41 36 33 14
40 44 94 66
100 38 74 95
54 53 91 89
89 71 25 22
34 65 26 35
26 65 23 58
47 40 14 50
53 38 31 34
32 24 72 94
45 61 64 22
88 63 27 87
94 82 21 25
55 48 15 24
66 22 89 41
41 75 10 36
90 88 67 73
55 94 75 58
24 38 42 38
41 19 77 36
89 73 54 14
77 74 67 47
71 60 92 36
38 50 44 27
35 23 27 28
77 23 93 95
88 11 66 48
47 89 60 81
34 14 51 61
12 20 55 86
12 61 15 41
47 16 34 96
33 47 50 40
44 71 73 97
50 66 18 43
34 36 42 14
27 13 23 59
82 80 79 20
69 62 86 43
85 38 68 25
27 42 65 74
77 76 68 33
44 11 76 99
83 70 21 36
89 43 33 64
11 97 30 61
20 29 12 75
39 58 78 99
82 49 40 11
24 25 89 87
61 11 31 82
40 47 26 86
63 89 21 30
37 52 83 37
88 29 32 23
25 44 33 74
19 14 65 21
73 71 92 65
91 71 49 26
88 26 91 69
54 74 79 14
12 47 29 77
72 29 15 13
80 49 93 62
97 81 41 61
73 13 38 96
58 63 33 25
98 42 70 41
47 74 90 65
70 35 41 71
38 43 22 45
46 56 60 38
84 82 60 72
97 18 40 80
42 100 93 33
41 96 55 90
89 84 74 47
94 83 76 72
79 31 46 37
46 72 93 74
75 77 75 88
100 33 37 29
35 94 51 12
51 73 73 92
11 50 58 16
33 39 39 85
60 16 97 53
36 56 20 86
27733 20862 15618 9550
63 56 42 25
59 18 94 36
36 58 39 64
76 58 76 45
19 39 86 54
29 85 57 78
12 25 34 89
59 91 53 48
79 30 42 67
60 35 60 15
16 25 19 91
60 81 44 55
16 43 52 64
38 86 28 58
27 44 70 15
18 17 63 55
92 96 34 56
30 65 31 15
70 92 44 73
37 15 22 33
23 74 34 35
63 58 76 26
96 72 36 34
13 66 94 85
81 73 40 28
87 46 31 68
72 65 18 15
38 41 47 81
92 15 75 26
80 24 80 44
78 63 89 84
91 28 99 31
88 69 79 70
19 13 66 18
68 68 50 63
84 85 50 89
84 91 79 23
94 84 27 76
78 19 54 60
51 98 67 28
40 50 27 52
49 43 86 79
10 66 74 28
60 44 50 79
98 36 61 47
36 74 53 55
13 38 15 85
22 53 43 50
84 11 76 54
56 96 11 89
66 21 42 21
16 51 20 29
15 30 87 12
25 28 57 60
44 55 80 14
51 61 50 89
34 43 63 44
11 56 94 52
28 77 47 54
23 53 40 44
82 65 60 38
77 28 28 47
30 18 71 39
32 79 57 13
89 41 27 33
61 13 59 77
31 95 39 22
39 47 94 80
88 60 35 10
68 69 39 30
37 19 48 51
57 90 27 11
17 47 19 85
51 39 90 10
18 82 29 10
35 21 50 64
59 60 73 60
44 32 98 80
11 30 10 46
24 70 87 76
85 76 15 19
83 78 97 70
70 72 93 34
33 83 25 68
58 96 50 96
28 47 92 13
77 25 13 71
65 84 21 46
10 75 62 91
28 25 35 94
43 10 77 12
86 91 41 87
61 36 88 13
96 27 23 30
66 66 37 32
18 13 83 40
81 47 100 39
85 76 82 48
78 93 21 60
46 95 74 11
60 56 49 88
52 37 40 59
94 88 96 76
46 93 16 81
25 89 20 18
19 48 27 96
55 99 52 60
38 26 36 91
41 56 93 71
76 84 59 49
80 56 100 93
84 47 73 40
14 92 44 40
87 36 80 28
37 28 38 58
50 54 63 92
75 64 70 36
82 42 23 87
78 59 19 44
14 63 55 71
62 44 63 63
61 64 46 44
14 88 25 81
20 74 27 44
90 54 53 44
100 10 83 31
80 36 85 91
29 92 83 41
57 71 93 100
27 96 72 70
35 31 68 62
41 59 47 16
31 30 52 18
39 47 16 79
41 36 83 82
89 31 57 50
96 28 19 90
45 83 97 54
51 22 19 13
64 23 14 40
65 13 100 55
81 17 72 82
20 97 79 95
89 98 74 91
24 10 18 42
35 66 39 80
62 86 24 47
18 27 34 45
90 51 64 97
64 76 82 71
81 18 76 86
81 83 67 81
89 50 50 84
91 97 60 85
31 58 25 86
82 23 61 98
85 84 70 98
54 30 83 25
32 70 49 36
68 35 13 48
94 90 45 65
87 26 20 59
53 50 31 66
74 27 58 36
24 55 77 70
38 85 30 78
38 100 47 14
90 52 33 46
91 54 21 69
59 22 98 62
54 30 95 88
45 69 30 51
68 92 73 43
49 41 77 94
31 40 12 13
79 46 41 75
37 10 50 54
20 54 73 70
71 60 61 41
23 88 42 88
25 43 29 59
41 77 71 72
39 60 13 24
36 37 12 85
41 72 100 94
18 35 73 47
35 16 66 57
74 14 27 49
47 75 17 96
41 11 17 97
57 93 21 37
68 73 41 84
28 82 20 58
36 48 41 42
65 24 47 51
58 57 78 35
52 35 68 78
95 21 81 23
64 49 32 27
69 95 83 42
22 58 43 85
95 44 82 58
89 92 52 92
59 78 32 39
31 71 54 28
78 27 59 80
47 38 92 87
49 88 75 55
97 20 16 82
41 89 93 90
12 33 79 18
61 27 28 85
15 58 32 89
28 76 96 91
34 18 19 64
67 50 26 60
45 26 71 61
78 50 15 57
35 46 48 65
80 77 80 18
55 76 90 62
22 32 66 42
71 15 41 68
54 98 92 44
42 92 75 44
83 66 38 57
79 42 45 84
14 33 59 51
90 24 42 19
26 25 98 36
26 39 24 22
73 13 93 81
87 60 85 83
49 45 54 49
32 97 40 43
84 39 63 42
89 53 71 76
87 88 16 38
62 43 16 96
36 37 16 98
17 35 89 70
30 20 25 38
58 11 50 95
30 76 11 88
46 91 22 62
26 61 55 37
77 96 15 23
88 79 84 93
59 74 41 66
58 74 23 86
25882 20235 14293 9625
73 84 13 64
43 65 48 54
28 40 96 71
48 38 75 86
17 57 75 11
92 12 62 17
38 25 28 86
93 79 74 49
37 74 63 20
50 38 34 34
95 44 79 22
73 45 28 100
83 83 33 16
82 72 44 68
53 84 99 58
41 42 89 61
59 96 39 12
77 17 89 23
25 45 83 16
65 45 55 22
94 46 91 39
87 91 26 14
43 46 47 57
26 29 100 31
93 34 76 71
31 45 42 40
69 23 14 39
24 23 58 54
69 26 48 57
23 13 75 74
46 80 63 38
72 92 61 94
96 29 31 93
34 62 76 67
22 30 34 76
20 33 58 84
42 74 37 69
95 85 90 97
100 56 16 68
69 49 44 54
84 32 48 73
44 11 82 38
93 67 50 26
97 28 56 40
90 25 28 27
76 76 37 10
66 91 96 26
52 58 67 44
63 54 94 53
67 34 41 10
54 76 77 65
79 100 71 36
64 85 22 88
12 79 80 81
67 34 70 29
61 44 53 38
17 25 71 86
24 93 78 77
22 58 10 80
53 63 63 16
87 63 10 72
48 67 85 28
56 28 95 82
70 48 64 89
38 35 33 29
30 80 59 76
62 94 72 92
16 65 90 61
91 75 45 58
80 68 62 90
67 42 29 99
68 15 60 50
25 93 52 33
13 33 68 63
71 15 43 81
48 32 46 27
24 71 48 75
14 43 61 46
81 18 100 10
50 62 41 18
81 34 63 10
16 20 94 41
39 35 72 51
77 30 93 87
91 100 31 31
86 56 31 94
20 74 96 50
64 94 95 80
84 29 10 95
36 58 85 54
40 65 18 30
82 63 36 45
29 11 19 86
57 53 72 28
90 53 66 52
35 19 80 18
85 58 10 29
48 41 35 45
67 58 15 18
73 74 10 45
98 64 57 17
97 41 72 26
28 62 100 59
38 13 54 15
57 24 34 55
65 87 95 13
93 70 80 17
29 84 49 52
40 82 55 58
94 53 60 40
27 53 14 84
10 31 16 49
12 58 45 40
46 60 59 66
79 38 83 54
73 95 82 83
61 69 87 15
82 41 59 57
77 93 51 84
73 40 14 62
92 32 90 59
31 67 22 36
43 84 21 65
30 42 62 86
37 93 30 26
99 51 70 98
63 35 69 95
44 37 84 63
79 48 19 54
77 13 32 25
21 63 81 93
87 51 64 18
19 74 13 71
41 45 45 73
57 51 24 38
74 65 20 12
45 33 64 39
59 29 95 57
71 99 77 57
56 22 35 79
67 19 41 90
37 47 63 29
76 45 79 24
95 39 95 39
87 58 33 75
59 24 64 38
15 38 79 98
31 39 56 31
98 55 40 99
45 86 11 44
80 18 48 64
85 82 59 20
67 19 39 31
35 55 34 81
74 75 16 54
26 75 90 32
59 90 78 82
24 91 91 82
64 40 79 19
45 60 96 33
47 95 52 93
34 23 91 24
83 78 27 35
56 17 84 82
41 99 46 92
40 68 41 28
37 55 95 19
40 89 79 42
83 100 79 19
11 53 57 89
72 56 80 46
49 22 78 77
83 49 40 56
51 98 10 58
88 100 37 55
19 43 19 70
41 30 61 39
86 58 79 37
69 96 70 58
52 34 93 60
58 38 24 42
67 43 50 93
30 40 49 38
20 39 60 65
84 99 72 42
51 48 42 69
66 86 68 69
57 22 46 81
43 34 59 24
65 62 20 78
25 73 96 78
49 40 38 60
83 34 12 91
41 59 37 76
64 58 61 75
65 47 70 13
58 55 96 53
12 90 36 10
34 30 78 97
47 96 66 11
92 85 39 36
90 30 21 88
83 25 68 45
59 15 68 90
17 65 40 60
75 15 95 95
21 68 37 82
85 62 84 32
56 30 48 33
66 23 95 27
83 28 73 22
91 44 25 66
22 65 40 47
48 92 57 95
70 27 46 19
86 11 91 17
19 93 92 63
42 39 21 16
64 88 40 15
72 70 80 45
93 61 72 37
20 69 27 22
10 40 92 77
31 69 38 66
94 85 68 59
31 79 57 49
31 93 14 57
76 94 51 13
12 55 76 59
29 73 24 83
10 49 80 83
36 84 86 41
20 13 51 46
98 55 48 34
86 97 60 78
22 95 12 51
18 47 62 14
77 54 73 76
32 12 84 21
84 23 18 45
99 83 60 80
17 33 65 92
71 28 94 87
93 37 71 27
45 36 27 79
84 16 50 39
26 93 26 27
52 65 14 15
89 16 27 21
62 72 11 42
25936 20208 14361 9068
17 90 34 56
63 18 94 77
95 50 84 27
22 12 83 98
62 11 64 58
23 16 61 11
42 26 42 18
47 28 40 93
63 51 71 88
53 18 45 49
17 81 24 70
80 53 93 12
37 63 43 18
67 16 43 59
13 39 23 94
14 43 51 42
58 49 41 50
81 56 40 64
78 20 34 27
50 82 11 99
22 96 11 98
90 23 29 13
77 37 45 79
83 15 78 60
58 56 64 23
94 43 14 65
98 83 55 89
89 20 58 38
72 46 68 82
41 82 76 37
91 98 82 76
93 74 25 34
99 71 90 57
48 36 27 51
97 59 21 43
87 63 86 100
25 56 19 62
88 77 57 41
84 13 21 98
100 73 87 19
36 34 48 73
87 79 48 88
86 31 36 94
12 78 76 55
71 42 95 23
89 78 44 70
94 25 22 64
75 33 90 89
53 91 11 92
68 60 77 54
81 81 26 50
65 14 79 68
92 95 46 11
78 42 20 59
29 17 45 22
90 82 22 46
12 100 71 45
76 40 29 84
82 73 11 53
66 68 76 86
45 23 70 69
18 15 25 10
70 16 22 54
37 60 62 15
58 95 24 72
52 43 95 76
80 54 35 63
99 37 35 11
64 47 28 39
67 76 54 53
92 75 82 75
90 87 93 83
53 34 77 11
70 92 49 89
16 52 29 57
64 92 84 25
32 31 78 42
78 51 35 79
65 30 84 95
73 61 99 39
32 22 15 79
57 13 73 14
34 75 19 89
43 85 96 21
17 67 44 77
30 77 67 24
52 27 50 28
30 93 18 58
62 20 52 52
40 60 64 95
95 84 62 24
11 97 26 100
55 42 86 54
91 62 18 43
66 78 95 64
37 31 36 17
78 14 78 43
55 75 89 66
45 27 10 17
75 96 34 40
66 27 65 21
33 70 23 30
51 61 68 16
68 87 20 100
57 14 42 61
46 80 35 75
71 25 69 54
92 66 33 58
82 67 80 92
59 33 99 74
22 33 31 89
43 18 98 74
88 38 48 74
54 39 73 50
82 76 23 83
94 76 91 89
42 73 14 17
77 92 32 32
48 70 30 90
17 35 55 90
88 67 100 99
92 15 72 26
39 81 84 95
10 22 96 52
42 25 96 69
37 60 14 12
76 83 41 80
74 77 70 27
74 24 73 87
35 16 52 51
74 48 84 49
61 43 82 90
51 18 80 16
86 21 71 50
41 14 97 88
61 60 94 66
81 37 31 84
23 44 48 17
34 29 18 97
14 60 18 82
15 17 87 93
45 77 42 70
14 97 10 41
64 52 22 38
76 45 53 60
68 26 63 96
54 88 11 98
20 28 83 61
63 92 48 54
73 72 15 32
36 31 100 41
74 83 56 26
11 65 30 99
23 82 45 22
44 86 72 24
29 81 49 79
16 37 27 37
64 74 16 54
54 15 40 37
98 67 98 98
33 93 74 83
60 98 31 45
97 94 46 77
10 44 100 88
90 97 95 44
30 29 59 92
82 42 61 42
68 33 56 93
22 93 30 42
59 57 59 47
58 10 72 55
89 28 52 10
53 70 43 89
44 21 14 68
67 42 29 70
52 57 36 22
68 69 79 21
84 47 26 78
11 80 46 38
13 16 54 17
53 10 57 28
92 90 72 10
41 46 61 93
72 98 77 63
91 22 76 89
68 50 77 34
25 50 68 90
63 72 56 17
66 73 79 56
89 95 16 41
60 13 29 38
84 25 78 37
79 77 52 61
90 48 86 80
23 74 96 58
62 49 57 75
35 18 57 57
55 98 19 18
48 20 76 79
95 16 98 36
45 50 16 64
25 96 11 12
24 14 17 93
83 11 32 50
20 60 52 97
36 85 42 97
91 60 74 92
17 73 22 66
71 99 39 90
26 89 58 61
62 90 12 39
70 34 69 15
46 25 70 95
97 90 37 76
60 100 72 23
15 54 20 90
18 54 52 24
80 83 11 61
12 44 27 97
45 55 16 45
30 62 82 14
78 44 61 68
66 11 48 90
24 74 32 38
23 46 24 33
71 86 75 65
81 18 46 15
12 73 99 87
49 21 49 69
50 15 38 51
84 58 87 22
64 66 69 74
29 97 81 55
35 93 79 16
79 41 12 45
58 85 13 70
79 64 69 33
77 27 75 80
81 18 77 13
92 97 56 99
98 98 88 95
89 18 10 37
83 46 37 97
98 23 20 18
31 31 53 97
41 69 60 32
46 84 65 85
61 20 30 86
41 87 61 51
60 64 40 19
26057 21083 15659 10103
11 38 48 18
50 72 97 10
37 100 36 34
53 99 57 10
91 16 83 75
61 29 31 98
58 27 75 48
67 61 40 20
91 48 77 35
12 100 61 11
27 74 10 40
16 27 16 37
80 31 15 86
74 56 71 96
80 28 80 85
42 90 93 78
12 70 47 26
52 92 75 24
41 23 74 82
71 50 81 21
53 68 10 34
36 44 26 53
45 52 96 97
90 92 53 11
75 86 65 59
71 54 56 44
93 67 51 18
90 28 38 65
24 81 35 22
75 99 84 20
72 11 62 77
98 90 83 91
19 74 72 39
55 59 26 55
79 49 53 35
98 17 70 12
73 79 53 47
25 18 67 12
75 97 86 40
82 81 41 48
34 35 65 77
80 70 92 10
85 34 59 68
82 19 76 55
79 84 93 55
19 73 79 38
34 79 94 100
32 49 95 63
53 73 65 59
18 94 70 60
54 35 64 75
77 27 26 25
24 65 16 47
46 71 24 55
51 16 99 91
76 36 61 83
89 95 84 66
37 52 52 19
45 55 83 53
74 89 30 22
43 88 89 96
94 90 29 80
37 85 49 78
14 39 55 69
59 39 95 85
72 82 98 73
41 35 97 89
82 68 12 36
83 35 43 83
26 50 84 88
70 82 13 78
74 48 28 85
83 48 98 67
81 46 58 26
55 13 14 48
98 42 74 11
71 79 69 65
32 12 56 39
20 52 35 66
37 46 68 82
49 83 43 56
41 29 52 96
65 70 71 41
47 78 81 74
51 26 63 89
66 31 49 33
37 25 49 12
81 30 24 78
27 12 36 56
20 53 57 22
87 46 78 29
99 19 37 41
83 46 64 71
57 82 77 80
81 33 35 35
25 48 96 15
34 61 36 32
89 10 59 41
42 57 55 36
19 56 29 99
74 16 31 55
51 21 91 77
26 68 54 87
25 77 96 93
28 43 96 65
40 97 59 34
21 92 35 88
18 30 36 50
33 38 49 79
42 61 77 79
39 81 93 98
29 84 57 39
76 86 63 59
38 60 91 89
58 13 18 100
87 91 73 66
97 13 45 52
85 88 58 93
95 63 41 39
34 19 85 62
40 50 49 44
30 25 54 100
96 66 47 67
47 47 60 38
48 96 67 97
71 69 18 32
63 93 67 32
52 62 31 43
30 80 75 81
32 47 96 66
41 57 45 55
48 72 46 69
81 27 68 31
91 63 35 21
86 85 92 58
82 62 78 39
28 21 91 15
16 95 25 53
15 54 30 29
15 46 57 57
90 49 55 76
18 82 90 60
30 13 56 97
96 49 28 87
15 34 94 56
86 19 61 39
65 40 72 25
56 10 26 14
100 28 16 81
91 58 72 98
43 56 59 65
33 10 78 17
85 28 11 73
76 54 90 74
10 68 91 50
38 47 95 23
33 82 29 21
73 46 50 25
91 37 66 81
40 36 11 58
49 31 21 39
86 45 55 48
89 98 62 54
26 100 81 31
34 22 33 39
72 10 52 90
16 93 95 62
38 14 56 21
22 42 55 53
87 83 36 84
72 26 49 55
46 34 83 38
78 29 36 89
21 49 16 91
45 66 34 30
71 61 99 66
52 46 54 34
20 10 69 22
90 41 78 68
58 70 61 29
45 88 22 44
68 91 55 78
22 86 46 95
80 41 59 18
82 82 44 43
95 18 31 11
22 70 25 50
96 26 15 33
19 54 98 46
16 84 69 68
87 32 65 81
29 60 76 36
30 27 11 42
62 31 67 62
67 60 37 71
66 76 24 69
93 94 73 28
47 52 79 99
80 44 82 67
63 59 52 48
63 65 20 62
43 59 96 72
22 60 78 29
81 28 49 49
40 75 66 18
80 98 33 71
19 78 80 68
26 63 97 93
47 34 72 99
28 57 81 63
98 86 29 99
48 97 63 18
24 99 95 68
31 57 51 15
41 44 22 57
100 91 45 50
17 29 59 17
18 48 53 64
86 75 26 56
53 81 77 76
27 85 12 35
49 90 70 46
72 37 96 69
78 70 84 37
16 80 22 97
27 31 57 66
35 28 62 55
79 98 55 43
13 94 36 16
49 82 72 96
75 46 52 38
49 76 66 64
55 67 28 14
11 97 98 97
56 72 61 27
19 33 99 64
56 52 26 65
47 32 79 26
55 24 40 29
45 39 85 58
22 95 68 29
26 35 82 28
42 64 85 26
100 33 10 32
12 96 34 22
19 61 54 59
100 50 88 98
58 65 82 80
79 61 78 73
29 85 64 87
26257 19867 14696 9207
53 74 97 60
100 30 88 55
14 30 20 45
16 85 55 48
48 14 68 99
22 95 85 67
73 100 80 29
96 89 46 44
94 31 12 35
11 95 21 28
33 84 59 76
49 13 40 29
86 55 82 99
65 25 40 48
96 60 12 34
96 46 81 83
80 14 80 15
29 98 64 31
38 18 93 41
83 88 73 84
32 66 10 86
12 71 34 81
46 43 66 39
67 96 49 54
97 94 87 28
34 58 65 12
12 49 99 38
54 77 12 71
44 97 12 98
92 98 34 54
62 13 70 38
93 69 96 51
69 51 45 93
83 38 83 96
31 43 26 22
74 74 56 11
70 29 89 37
10 63 30 59
14 86 79 86
84 28 23 61
75 24 61 69
57 100 59 20
100 87 11 17
44 36 88 66
93 21 51 97
14 46 90 46
40 36 88 16
45 60 79 72
78 98 22 57
99 87 21 77
77 27 54 75
80 20 96 70
93 27 66 34
26 61 36 76
92 20 89 66
63 61 98 13
83 68 97 35
61 93 55 83
52 82 78 59
46 17 41 82
39 52 83 96
69 72 22 53
91 93 38 97
73 80 30 85
11 14 21 50
47 26 41 12
71 53 12 51
55 96 26 16
22 93 95 97
87 73 82 36
70 12 67 22
19 70 57 34
10 53 75 30
27 93 19 100
58 24 30 65
94 57 69 51
55 85 45 59
42 44 12 23
79 45 82 85
71 11 29 61
40 38 11 62
76 61 92 69
94 35 67 48
78 71 12 41
30 58 72 13
54 64 62 35
33 61 73 87
81 89 64 90
82 78 12 86
74 34 86 61
25 99 10 20
53 38 87 39
46 26 89 96
18 94 92 55
15 70 58 50
67 41 92 44
59 94 21 49
19 12 34 69
59 56 97 61
47 34 11 63
89 88 77 32
19 57 53 85
98 74 81 88
52 24 49 59
47 40 18 96
50 53 20 97
44 38 54 79
96 85 47 51
13 85 79 73
34 60 48 77
80 23 47 100
94 32 74 15
48 59 28 67
62 38 36 56
32 67 89 46
18 98 84 53
100 42 74 69
27 90 49 96
57 48 65 71
62 25 99 25
35 31 85 59
97 49 23 99
85 86 37 21
76 88 100 41
25 48 90 44
52 72 25 71
86 96 23 16
74 55 45 51
58 35 60 91
25 89 81 73
66 28 57 63
28 95 40 53
85 23 43 24
78 51 74 55
88 43 63 74
50 45 41 96
42 16 62 81
50 77 25 18
56 27 51 52
71 58 47 36
16 21 47 18
69 80 76 83
10 53 78 99
65 78 31 14
30 21 83 55
75 73 32 79
54 88 44 83
97 37 41 56
72 65 64 87
35 100 34 57
10 91 50 67
52 83 82 62
84 14 68 40
49 56 87 41
53 20 58 48
31 86 98 12
95 25 52 78
11 32 40 88
26 63 63 63
97 97 78 74
50 99 11 38
26 41 58 51
94 58 21 94
37 92 67 19
100 13 62 41
43 83 27 57
11 31 86 49
59 44 69 48
69 50 27 26
80 91 50 48
44 81 100 95
64 88 35 100
83 25 47 39
40 52 51 91
40 21 65 37
34 34 99 64
51 53 38 62
26 22 60 93
96 49 45 77
59 45 99 49
92 28 19 41
72 36 74 23
89 99 73 91
79 92 20 55
59 83 70 17
43 38 76 80
13 68 61 10
95 55 75 27
56 35 61 78
43 92 15 53
55 80 32 91
23 32 48 61
100 69 11 56
37 65 83 51
45 79 41 56
81 10 32 87
38 34 73 60
48 78 35 51
26 63 82 55
21 14 26 13
97 98 87 20
22 34 85 44
68 63 80 55
53 95 89 46
49 40 34 53
55 78 52 30
60 49 70 98
40 91 97 26
87 23 51 38
10 21 60 49
16 96 11 59
78 93 77 53
100 18 17 52
90 40 76 78
63 32 38 96
80 38 45 37
99 50 90 44
22 39 19 99
90 20 18 54
14 63 21 23
73 21 58 33
50 94 29 43
61 90 65 86
33 99 44 43
73 61 91 42
28 72 79 85
93 37 77 96
97 72 99 18
81 37 31 18
17 23 61 27
28 58 69 59
90 83 28 12
19 11 12 66
14 79 19 58
82 26 59 14
92 97 10 23
36 69 31 79
76 46 31 37
85 42 82 12
58 44 48 77
83 53 32 55
23 47 57 84
21 48 98 18
71 32 87 94
56 93 22 75
66 99 50 59
13 71 100 54
59 71 76 94
57 14 41 18
15 54 73 14
27219 21050 15723 9004
19 43 71 36
94 79 30 27
91 25 13 91
83 34 76 19
93 54 51 40
16 48 39 52
43 64 19 33
12 70 40 46
24 92 74 26
66 73 38 55
85 70 91 13
57 51 43 35
32 78 91 73
45 46 34 53
32 45 42 17
85 33 86 40
94 88 83 50
79 54 93 99
74 36 81 58
64 70 28 44
80 51 41 71
51 64 38 54
71 67 63 26
19 14 73 84
21 18 39 41
13 88 57 32
41 71 18 42
67 13 35 63
18 20 62 72
82 47 78 70
10 85 15 34
74 19 24 63
16 92 72 77
100 59 88 50
64 52 87 23
40 25 74 52
56 35 14 41
72 77 59 37
82 58 61 96
67 12 94 47
47 65 46 53
38 76 40 90
47 64 87 99
50 34 65 24
84 29 81 29
15 22 91 19
59 68 88 51
96 36 34 82
77 61 81 47
23 63 85 18
41 32 17 84
58 89 40 16
73 53 82 22
96 54 12 72
49 95 72 85
23 32 12 85
93 22 96 12
69 58 98 22
11 24 68 45
86 89 13 58
26 88 45 58
57 51 18 35
56 29 88 91
24 85 93 58
37 61 62 19
16 99 80 46
80 19 11 19
11 32 68 33
96 67 29 40
97 18 33 70
74 59 79 82
72 23 36 32
93 45 15 50
76 67 36 58
76 88 41 63
22 92 68 16
80 65 50 50
31 20 10 94
63 67 35 72
51 49 28 77
36 78 64 97
10 51 59 55
53 65 18 19
92 17 65 32
91 30 42 55
82 62 87 46
49 37 69 42
45 72 18 44
100 85 43 39
69 87 64 51
67 86 28 82
61 85 96 63
43 66 73 46
98 39 30 35
90 18 59 53
82 35 13 17
87 84 60 75
64 98 23 52
100 88 42 80
24 73 48 36
57 66 32 68
64 21 66 66
97 38 13 80
18 71 54 80
74 25 65 75
75 93 17 68
51 13 11 29
77 93 68 52
98 71 13 78
23 72 47 22
47 54 71 90
17 12 76 26
83 27 35 36
56 56 23 36
98 71 83 45
96 16 53 43
87 64 22 83
41 64 86 44
35 17 54 22
38 41 39 63
18 66 10 93
30 54 70 95
17 17 46 34
95 76 50 64
91 93 90 78
14 32 85 59
16 90 78 93
70 86 25 37
73 59 13 55
10 86 60 39
16 88 70 40
94 14 54 59
41 80 90 26
75 88 41 68
69 32 29 41
22 33 35 27
14 36 98 30
50 100 73 58
78 89 70 76
65 51 38 40
44 81 92 83
40 40 73 23
64 52 26 53
95 28 61 33
95 61 25 83
89 22 40 49
42 82 50 44
64 37 66 99
30 76 56 84
20 90 82 73
79 69 16 22
80 39 49 87
10 66 46 96
58 51 62 80
78 65 18 97
54 70 62 47
44 10 89 72
70 79 100 48
32 52 99 36
27 42 45 85
43 19 83 72
26 89 42 75
76 45 42 85
57 39 15 68
22 39 69 63
32 35 54 51
43 87 97 93
88 57 84 52
52 24 37 55
26 36 20 24
16 95 81 19
71 59 56 52
98 98 63 21
30 43 47 59
19 43 65 35
62 81 99 72
23 50 68 34
29 48 19 80
27 94 51 74
34 12 89 28
87 71 51 100
40 57 81 99
57 76 80 59
95 54 58 57
22 99 43 50
37 48 38 28
69 28 31 74
70 70 44 29
34 61 14 90
84 22 92 78
80 61 33 56
33 80 45 20
22 90 22 74
64 90 72 91
47 94 89 22
31 42 98 65
18 32 17 80
62 41 98 83
77 99 40 15
62 53 64 74
38 38 87 94
51 64 68 93
37 73 57 31
83 25 54 23
95 20 30 46
98 76 67 64
77 33 50 41
52 25 44 19
32 87 78 10
66 32 56 57
79 16 67 35
94 46 32 26
42 54 45 95
71 43 11 98
37 81 94 91
92 82 47 84
90 81 70 100
24 17 55 84
98 97 76 82
86 35 24 64
83 51 54 26
31 65 33 44
48 20 11 21
82 41 60 16
46 80 18 57
50 95 45 90
18 92 10 20
17 20 52 34
18 67 97 57
23 97 29 52
45 80 57 65
94 62 46 42
48 45 16 15
22 44 35 91
17 25 77 69
88 99 84 59
53 81 84 25
59 74 90 96
29 43 90 96
89 62 33 99
71 58 23 12
44 64 71 82
20 83 99 16
21 34 61 89
43 23 53 15
43 89 67 56
73 39 86 53
95 91 22 22
59 100 94 35
77 82 96 19
25712 20644 15918 9532
50 20 78 49
68 74 90 64
96 74 49 75
81 41 52 82
91 19 98 48
66 22 64 71
76 46 26 88
52 21 64 93
76 87 26 45
75 99 76 28
45 27 25 79
24 19 52 66
16 31 97 99
68 93 90 14
35 55 37 66
15 85 37 31
62 81 78 83
18 91 40 28
45 19 42 32
96 34 63 68
66 65 33 53
47 30 44 40
85 25 54 43
84 76 61 66
87 91 29 24
89 72 92 71
84 35 12 16
87 56 53 84
68 26 98 82
76 88 80 63
34 17 71 52
41 52 31 98
83 49 82 89
76 20 33 19
30 18 81 99
16 68 51 36
73 27 23 51
33 36 12 32
80 43 51 21
21 75 44 53
97 57 48 100
84 78 87 68
33 52 38 82
74 100 98 69
93 28 26 87
68 69 62 46
78 43 22 20
46 86 83 44
20 92 58 33
62 51 82 58
32 82 50 13
77 64 89 94
42 43 32 64
14 91 51 26
81 23 99 63
37 92 70 42
13 22 62 91
47 80 60 91
88 94 59 37
61 21 55 38
11 95 44 88
70 100 87 19
25 12 19 51
55 62 70 13
53 93 80 13
32 79 89 51
48 65 18 21
84 91 61 30
33 49 23 76
28 57 47 57
12 50 65 21
100 88 42 28
75 40 18 50
73 17 81 88
17 76 70 63
81 70 100 66
21 62 79 64
26 90 42 69
81 37 13 88
70 58 18 84
13 24 57 54
28 25 19 16
90 17 15 58
58 49 97 35
80 98 21 59
94 57 93 51
23 89 13 23
30 20 51 38
25 75 76 60
19 69 59 20
79 21 49 85
35 16 31 81
62 35 10 99
36 74 11 61
75 59 82 61
42 14 31 94
78 49 51 81
82 72 43 20
44 65 12 85
14 73 15 48
32 10 84 38
94 14 71 43
41 29 55 33
84 16 51 44
86 17 75 33
18 55 57 86
62 35 49 95
29 11 37 89
69 97 67 84
45 19 59 59
25 13 72 15
86 91 53 54
45 88 85 51
97 66 44 96
77 52 28 28
65 79 80 77
71 57 95 73
85 14 68 67
70 21 60 16
58 41 53 26
73 33 93 95
45 12 49 29
45 60 94 64
78 64 64 62
59 26 57 93
98 90 30 85
27 62 77 10
11 49 14 18
34 51 70 92
71 66 81 52
32 18 41 17
65 27 68 70
57 61 42 64
11 10 95 53
88 66 67 41
11 25 87 28
64 28 74 41
21 98 34 61
88 82 72 76
99 82 42 67
48 64 20 52
68 87 65 66
93 40 95 27
15 72 43 29
42 100 61 78
42 42 96 52
27 12 25 16
39 58 51 70
34 55 21 23
12 86 29 11
55 50 79 97
34 64 37 41
90 42 59 93
38 29 21 54
31 65 63 72
68 66 15 23
10 21 27 29
33 57 36 13
95 40 33 54
34 17 84 47
59 10 57 68
72 70 38 61
63 62 67 63
95 78 42 58
96 85 69 83
17 42 44 47
91 15 19 61
80 34 71 50
48 70 44 20
22 75 68 90
87 100 23 40
85 67 75 30
63 25 84 49
54 18 28 38
32 57 33 86
59 19 19 95
100 22 43 13
57 80 33 53
23 59 28 10
14 59 52 59
89 63 72 98
100 44 48 87
76 51 56 43
48 29 69 69
17 80 23 23
17 40 13 98
86 88 96 21
37 78 81 49
99 99 33 67
25 72 67 84
83 35 29 68
56 77 77 40
86 17 78 10
23 85 45 49
73 99 18 75
39 100 25 63
94 93 24 26
82 95 33 10
65 19 98 57
58 77 61 44
61 12 48 32
40 35 36 77
22 70 37 18
47 16 69 20
15 28 95 31
15 71 51 83
17 11 44 70
50 65 72 71
49 19 79 66
28 11 84 45
54 28 17 21
73 60 95 15
85 53 66 74
65 77 66 92
41 71 41 34
77 86 36 91
61 63 74 44
61 31 85 88
79 83 25 10
10 31 73 44
89 86 40 61
47 37 19 44
23 68 28 24
11 72 83 17
86 40 84 73
10 55 19 61
16 12 24 93
47 99 54 60
22 14 90 87
24 97 75 46
42 26 50 37
22 22 89 87
56 48 84 94
36 34 40 34
65 70 28 24
43 45 55 46
93 33 58 56
53 67 69 37
12 20 65 41
19 90 26 29
68 32 73 47
87 62 59 48
40 87 77 39
14 24 48 80
46 98 91 99
93 95 93 97
14 78 37 76
92 61 45 77
17 10 78 92
32 91 56 37
26173 21532 15953 10797
74 27 81 91
47 35 87 96
69 47 97 59
96 12 37 27
23 44 66 20
29 40 82 47
87 96 42 41
52 24 93 98
29 55 48 72
56 27 74 66
37 35 50 25
42 40 96 98
35 20 79 58
65 69 44 87
31 33 94 42
74 90 85 93
97 10 53 79
43 36 50 24
85 88 37 39
64 25 60 18
11 87 32 57
59 65 31 62
72 26 97 100
44 70 61 16
56 54 98 92
73 53 67 30
100 85 19 87
40 93 42 65
93 11 50 79
61 85 75 78
66 87 39 62
93 31 54 97
30 41 91 41
56 14 44 17
46 56 87 19
50 64 70 58
70 67 44 29
27 63 62 29
53 11 16 86
16 76 90 98
48 66 22 71
50 90 18 43
16 81 62 29
81 45 96 33
59 92 96 30
81 51 88 22
37 63 31 11
97 50 40 27
22 93 63 87
19 93 22 46
34 97 32 66
30 30 31 26
99 85 18 11
55 23 67 28
100 93 74 95
78 33 57 49
25 64 24 69
95 17 72 30
87 49 60 93
43 30 72 38
45 89 55 46
75 47 88 59
26 51 27 59
56 84 84 86
12 32 11 31
87 93 51 92
100 27 24 31
48 71 95 68
33 10 95 97
84 30 41 28
40 22 52 47
84 20 67 80
20 84 27 71
27 16 10 65
45 35 50 70
11 37 81 56
40 39 87 33
59 58 86 70
98 22 12 86
69 81 51 65
73 87 69 81
73 24 55 83
35 47 98 22
82 95 84 30
71 40 21 24
80 54 31 10
96 34 91 29
20 21 63 60
36 11 36 31
100 92 20 65
11 43 22 97
97 91 23 24
40 43 93 71
15 17 37 94
97 15 32 47
86 73 18 32
21 67 23 63
23 13 32 12
78 23 68 71
76 61 91 36
98 33 86 53
69 54 46 72
32 40 98 100
68 96 12 22
70 100 34 27
100 21 59 42
12 48 91 41
25 46 81 37
34 57 54 44
97 27 74 18
48 66 72 59
26 66 50 38
91 94 70 36
68 74 62 86
45 20 27 36
89 94 94 10
31 41 37 69
29 61 67 18
40 94 90 72
43 24 19 85
55 80 52 31
65 29 90 23
86 33 39 79
14 60 13 63
33 56 19 57
96 76 24 70
48 29 78 72
21 86 97 86
82 55 27 84
78 98 94 95
70 89 15 88
63 40 38 57
73 24 77 29
64 27 72 18
75 40 91 86
89 44 34 82
68 46 61 95
69 91 10 81
82 74 57 32
72 79 33 85
29 63 75 16
57 93 52 23
84 46 64 50
40 98 86 19
65 61 85 21
60 51 44 20
61 24 99 29
100 58 71 75
39 43 51 15
19 61 10 81
66 96 96 24
10 59 64 12
95 24 88 46
47 62 15 90
34 32 72 12
13 10 72 29
69 72 54 64
36 28 61 56
63 51 62 12
24 45 96 80
15 79 25 89
50 88 45 90
51 81 16 55
46 39 57 13
87 84 24 72
58 45 26 79
52 16 98 28
18 53 59 37
86 38 23 41
56 55 40 10
30 77 39 81
60 59 56 91
95 15 28 34
11 24 75 45
32 49 72 64
25 54 40 98
31 51 62 75
69 32 19 69
76 50 94 24
77 20 44 12
82 71 77 73
93 26 98 70
100 96 89 50
65 63 32 92
20 81 16 41
16 92 34 96
37 69 17 16
17 27 25 55
52 48 27 62
42 73 64 100
43 23 72 36
76 98 81 96
40 84 26 32
86 28 60 14
77 13 53 63
84 37 42 82
83 40 18 12
90 20 76 64
45 76 15 67
75 83 32 91
27 78 80 95
87 21 28 80
37 46 21 97
22 55 32 58
41 70 90 12
53 50 49 66
35 72 35 53
63 64 41 93
43 42 45 41
20 33 85 55
89 48 24 70
70 100 75 44
21 16 97 85
81 84 26 14
80 49 74 47
44 69 49 40
45 74 51 43
16 11 25 89
12 92 89 29
11 47 70 63
75 88 66 75
79 11 87 93
76 33 46 65
79 78 36 68
23 78 94 72
17 47 80 41
73 17 21 46
96 98 43 30
77 21 33 79
43 53 25 27
69 99 86 84
35 82 83 29
56 70 37 83
60 64 96 79
74 77 37 13
38 99 12 24
67 42 29 58
69 29 42 77
26 80 31 11
64 91 25 90
50 77 31 49
53 23 86 96
81 64 85 18
80 69 26 92
50 46 12 48
88 94 16 13
36 68 83 19
36 88 27 37
43 47 63 19
56 30 62 19
26479 21314 15353 9866
93 33 48 45
100 38 88 100
78 91 36 58
95 61 64 86
61 19 51 14
22 31 18 30
64 61 13 37
96 92 28 17
67 35 91 38
37 51 63 89
90 70 73 32
99 37 90 21
74 31 26 28
56 34 37 36
31 23 92 47
54 47 89 24
99 77 10 24
16 26 19 54
12 15 76 28
65 38 55 99
37 11 48 15
13 97 10 72
64 96 84 79
80 86 41 52
63 60 49 31
13 30 73 51
43 33 74 87
40 100 97 24
42 38 32 61
78 84 68 94
91 84 43 22
35 10 10 50
68 100 19 71
75 29 20 75
97 82 79 18
68 67 83 70
32 15 27 53
50 31 28 78
78 48 96 95
85 61 59 35
73 44 23 12
100 48 33 55
21 23 42 100
22 45 20 99
81 12 75 36
37 66 76 58
82 76 14 69
47 69 66 30
67 17 46 27
69 92 61 30
64 16 42 78
83 34 12 97
34 30 73 91
61 18 39 67
24 38 75 73
20 30 28 57
91 75 70 22
61 44 68 78
62 58 53 50
89 64 42 20
66 99 100 48
46 79 79 38
49 50 29 41
35 56 78 99
50 71 95 29
10 69 94 84
98 15 65 70
85 65 50 44
69 36 39 60
29 48 69 27
69 59 28 34
24 31 82 53
30 67 43 38
68 78 10 44
49 45 94 48
39 96 61 95
26 27 10 52
53 32 21 79
48 81 10 62
39 50 80 89
19 55 35 41
11 18 37 74
37 67 78 91
59 41 80 11
54 62 57 35
61 63 57 81
68 78 72 36
89 33 34 67
69 53 46 29
33 34 87 66
18 49 84 86
23 80 27 63
61 56 16 51
88 83 40 71
79 32 45 97
94 65 56 72
40 56 12 18
36 55 44 73
46 47 69 43
58 49 47 21
40 100 94 88
30 94 96 39
50 85 32 87
27 27 33 100
94 41 24 33
46 97 42 24
41 96 41 37
12 69 55 13
86 33 23 71
54 62 89 36
11 42 98 32
15 74 75 74
16 50 87 35
70 70 63 98
16 90 13 54
81 31 80 92
22 55 37 19
40 86 77 60
57 81 18 34
97 11 27 70
92 53 30 72
84 79 75 67
33 60 81 87
81 45 99 15
23 74 37 78
59 86 90 46
19 37 35 61
11 48 36 32
14 18 72 63
88 87 47 18
100 59 32 80
97 30 56 26
98 66 50 30
61 60 90 99
74 71 27 26
74 48 45 92
83 90 56 98
92 93 17 76
30 88 17 13
60 34 16 91
27 82 83 59
86 92 38 96
58 70 14 58
65 35 36 71
61 25 20 44
44 75 67 57
95 70 65 66
35 81 51 48
52 70 69 26
89 48 83 35
99 57 49 64
46 47 54 54
61 65 93 65
89 46 49 95
54 41 26 84
74 38 68 10
90 67 66 67
36 90 74 69
78 31 59 66
12 23 35 26
16 70 38 84
51 24 41 25
66 80 77 37
35 13 17 17
76 65 26 78
45 38 31 64
32 32 46 11
38 34 43 97
10 78 54 61
89 53 77 59
53 85 19 86
89 69 24 97
43 98 44 67
56 39 38 100
13 26 72 93
99 13 85 28
23 66 44 28
79 69 89 34
33 87 63 40
25 67 42 31
55 60 81 20
21 77 56 73
22 97 56 65
80 38 34 39
26 75 13 17
37 68 74 38
63 65 95 46
88 25 23 89
50 87 81 37
50 16 41 15
28 24 66 53
23 22 24 27
37 41 71 79
22 27 67 57
79 77 32 74
92 34 46 15
38 24 77 55
30 71 18 59
12 61 57 40
99 69 97 100
58 87 36 79
29 38 92 88
96 12 81 39
82 83 31 93
87 68 87 19
85 56 20 46
25 89 72 96
70 25 17 98
99 67 38 96
14 96 55 88
35 57 50 50
50 17 87 25
41 91 92 93
98 98 87 57
36 20 40 82
54 25 59 68
66 59 31 82
81 27 29 28
50 35 52 81
21 50 10 34
84 56 41 88
35 37 10 26
76 60 19 29
41 87 33 21
86 71 93 39
85 99 96 25
70 61 50 25
49 99 91 61
79 18 50 80
71 26 100 44
59 89 17 11
32 16 62 100
88 94 96 34
30 29 73 88
11 87 69 10
91 93 90 71
20 90 24 62
48 70 81 63
15 84 33 52
18 99 99 49
56 89 39 45
22 45 73 49
53 69 72 90
59 28 87 13
70 70 19 79
76 69 17 24
77 42 53 16
82 94 66 63
30 25 58 29
71 22 48 58
25796 21536 15229 9405
65 60 93 22
89 15 12 68
15 41 28 36
47 76 99 35
39 20 61 13
39 84 32 40
56 52 56 63
65 35 92 67
95 76 18 31
99 69 92 52
82 71 90 27
23 85 23 26
48 65 96 60
69 50 42 29
64 38 71 37
18 70 55 29
62 34 32 85
39 57 66 73
75 25 24 57
16 93 24 18
100 26 51 94
47 63 45 21
20 46 54 19
76 60 97 73
26 45 52 54
12 64 43 19
83 52 79 54
71 61 17 34
36 100 54 27
28 83 65 44
18 95 43 38
100 61 82 67
86 64 81 51
35 78 45 70
11 88 94 67
94 10 16 78
91 98 84 35
41 94 70 18
21 34 35 30
76 73 55 46
19 72 97 50
55 41 35 15
72 48 37 26
46 40 13 78
33 94 43 85
43 71 28 28
55 30 89 11
27 41 57 36
73 95 48 79
90 63 27 57
72 52 55 99
62 62 96 86
50 97 76 47
11 95 65 31
70 57 47 23
17 48 22 81
85 55 40 85
14 38 38 77
86 91 42 14
44 100 82 93
94 44 29 23
11 45 38 97
99 39 79 40
79 64 30 25
69 96 26 88
51 44 27 40
68 87 99 17
69 80 48 53
21 36 15 92
78 100 14 21
27 69 95 64
56 22 50 48
75 27 35 46
91 94 19 73
30 47 58 30
69 92 62 20
51 64 78 87
13 66 85 41
27 94 51 85
36 83 26 46
87 42 74 97
71 49 59 51
72 99 25 27
44 56 15 80
70 23 48 76
25 53 87 15
81 100 73 37
36 35 10 51
61 35 15 28
95 95 13 98
79 61 32 76
31 92 14 48
99 82 96 12
39 92 43 79
62 39 57 100
64 57 48 46
19 62 17 26
71 54 92 49
14 12 64 31
74 15 30 65
89 97 69 11
80 99 83 16
65 54 90 100
31 90 95 79
54 75 60 52
95 51 36 45
35 31 27 72
73 50 48 19
95 45 28 38
69 47 75 56
96 86 54 20
43 30 25 81
95 40 10 16
69 33 87 79
44 41 82 92
29 26 32 87
42 28 70 32
92 100 25 25
100 40 86 24
81 23 20 55
50 64 55 37
36 25 75 16
93 23 90 56
20 69 30 19
80 68 17 53
70 40 59 27
43 26 98 85
58 21 70 58
30 71 18 33
91 83 67 34
77 32 30 57
98 88 48 33
21 68 86 76
43 38 61 21
33 29 48 28
27 72 27 18
27 64 60 38
60 80 94 11
26 52 51 46
14 70 96 51
37 41 97 74
50 57 79 30
71 86 22 68
75 31 78 16
92 96 56 13
69 60 98 90
46 93 58 59
87 63 99 46
62 42 14 91
46 26 83 70
80 71 31 25
32 60 18 90
96 41 17 51
67 81 51 83
78 85 63 77
78 29 83 49
48 87 82 86
79 20 62 43
65 27 61 33
23 81 96 27
79 50 13 69
50 47 79 86
48 84 97 11
100 69 95 57
60 88 52 67
75 89 42 68
20 39 11 56
10 31 93 42
71 14 74 91
12 63 100 68
60 39 79 17
19 32 32 61
39 87 11 66
31 77 14 37
56 82 74 62
29 59 87 17
92 41 37 55
24 65 98 31
57 37 84 77
16 67 99 70
45 32 69 29
72 73 80 89
23 74 79 81
55 90 70 51
51 20 11 15
76 92 40 59
22 37 46 19
30 56 54 13
48 73 28 39
90 27 47 54
24 23 90 93
79 100 89 83
53 37 84 57
89 19 100 29
89 23 72 19
73 93 13 60
40 54 12 15
17 60 71 74
10 78 97 92
89 97 72 83
17 53 46 93
93 89 28 38
28 85 62 96
61 41 18 14
17 93 69 51
92 49 84 76
12 19 91 55
52 29 38 72
99 55 47 42
19 20 30 63
71 40 92 25
17 73 56 74
14 76 24 79
90 21 16 48
42 85 42 45
40 57 18 21
74 23 78 29
40 16 20 28
95 95 43 18
20 14 69 64
29 71 89 26
80 53 30 52
20 94 36 60
16 81 71 99
45 94 22 89
80 42 99 20
86 40 45 65
11 94 78 12
100 35 38 34
33 10 52 12
67 14 58 33
71 46 36 79
88 74 87 88
70 15 93 99
42 72 27 63
34 76 21 96
56 89 42 22
30 59 65 39
56 22 73 93
78 34 95 49
28 80 25 88
14 38 29 37
44 61 80 82
15 60 53 87
93 50 67 97
65 91 19 92
57 23 41 93
89 40 52 82
77 32 17 25
11 20 97 96
26349 21904 16066 9789
37 50 82 62
77 47 49 85
81 17 75 26
55 58 84 56
65 14 42 59
71 69 95 16
73 54 53 93
56 88 45 25
31 24 65 92
55 72 99 16
98 46 69 50
91 48 93 37
77 81 84 60
42 100 24 11
100 47 85 98
44 33 16 91
53 91 99 49
53 10 48 98
24 25 36 82
25 35 74 91
47 92 95 98
47 57 39 15
47 30 80 16
91 72 79 83
53 75 30 75
68 97 98 88
10 89 11 56
72 59 39 12
36 26 96 65
86 43 85 35
39 30 44 61
17 79 58 47
98 69 63 26
94 88 88 46
13 27 96 13
99 67 80 93
55 17 77 23
46 57 11 98
98 17 87 50
56 14 38 99
68 96 62 11
55 54 71 45
68 50 17 53
73 14 42 40
27 47 46 56
74 71 60 61
75 93 38 58
51 25 25 77
56 27 89 21
80 31 23 22
37 44 51 85
81 15 19 14
33 30 42 97
26 73 16 41
90 27 26 84
78 39 50 29
13 30 84 32
98 62 42 60
79 71 44 81
68 55 74 97
97 14 63 53
31 40 29 72
27 72 35 63
59 33 49 17
66 91 37 45
32 90 77 18
17 11 74 98
79 70 49 41
52 96 29 71
10 55 41 22
60 55 10 77
96 42 28 22
62 13 36 91
14 49 37 44
57 53 59 93
27 65 88 31
58 65 13 92
64 31 19 51
76 36 91 55
35 79 68 70
90 25 80 31
63 31 10 65
90 71 98 92
25 41 25 93
34 10 97 72
51 60 50 57
64 19 27 13
75 48 54 84
53 20 99 34
36 81 50 71
88 97 84 90
99 21 61 98
55 75 54 59
23 100 21 81
48 56 28 30
68 27 72 98
96 40 39 79
25 47 26 24
60 43 16 73
41 45 82 74
22 52 20 40
65 46 73 47
88 57 61 53
49 32 87 61
91 94 42 82
30 87 82 86
17 32 43 28
36 70 49 84
99 25 12 14
43 91 31 44
77 69 38 44
41 27 88 58
27 88 72 43
26 25 17 19
90 68 38 31
94 88 74 83
84 65 76 73
35 19 12 77
60 42 12 43
98 60 35 61
14 98 40 50
73 30 15 69
18 62 82 54
83 18 46 47
69 43 81 74
10 78 82 85
88 25 38 45
42 64 100 25
51 48 82 73
15 44 91 34
10 86 63 43
49 92 12 30
30 72 91 62
32 68 22 11
94 50 48 66
90 61 44 96
79 24 71 61
52 42 81 11
34 13 49 18
70 40 50 38
84 48 54 16
26 35 52 27
86 20 81 97
76 19 71 51
45 81 16 22
35 19 49 75
17 62 90 13
98 40 67 56
80 85 91 35
31 42 45 90
41 84 78 56
19 43 60 54
81 46 43 57
15 90 98 54
45 47 96 40
11 49 25 26
30 53 15 20
52 75 25 28
65 55 62 42
60 72 56 39
29 71 29 68
69 66 37 38
73 86 86 70
89 96 67 76
83 31 41 80
33 15 39 37
69 15 66 15
10 93 36 51
81 18 49 91
10 93 26 30
14 100 12 23
13 71 93 67
89 87 92 32
20 84 62 59
19 72 86 42
80 58 52 48
52 51 83 37
57 92 75 59
40 97 61 66
31 82 25 56
61 52 95 80
18 37 77 10
73 56 17 77
14 27 32 69
15 77 54 53
66 81 69 49
35 95 31 46
34 39 85 73
58 67 54 48
47 46 67 26
51 95 100 52
34 39 37 89
80 69 83 71
11 97 63 67
94 32 76 44
68 94 52 24
91 38 32 25
96 87 33 45
75 42 64 67
30 53 46 90
57 14 49 43
11 90 13 98
58 18 94 20
94 100 58 65
16 63 48 17
61 14 86 33
97 69 91 10
50 16 42 21
30 43 80 50
61 10 38 88
75 70 55 10
42 53 86 63
30 57 96 66
10 85 84 86
22 31 21 27
61 98 90 41
96 12 33 88
68 45 40 79
25 98 21 99
42 45 40 89
99 24 51 95
58 57 19 69
98 78 82 13
44 21 97 37
41 17 61 87
80 42 59 23
85 45 86 97
44 14 79 16
10 70 17 93
68 23 100 63
21 83 60 48
24 90 45 32
14 73 69 67
83 44 18 50
87 68 23 93
27 19 47 95
92 11 29 31
53 88 81 89
100 80 64 17
28 92 99 56
35 73 84 88
71 45 60 83
77 13 98 100
87 88 81 78
28 48 46 76
33 61 92 75
26 22 33 27
80 39 51 69
19 19 13 84
15 68 32 13
27657 21493 15653 9039
94 58 87 100
27 80 43 10
74 23 78 66
25 19 75 57
75 98 22 41
54 35 14 10
84 84 88 29
36 63 30 22
71 92 64 70
66 67 81 85
28 25 62 58
28 23 31 98
37 91 25 74
77 92 94 26
84 97 46 43
76 35 88 57
76 60 97 45
60 69 56 64
73 58 19 87
67 67 51 55
82 80 15 59
68 49 77 58
83 59 22 65
18 44 29 34
60 46 90 71
58 48 88 64
94 97 22 51
26 35 51 68
92 25 73 83
96 93 14 71
82 100 55 15
100 77 20 50
45 46 44 50
36 73 98 63
38 68 50 68
88 66 10 63
83 92 99 81
60 39 10 40
71 82 71 76
94 31 28 59
71 40 51 32
94 60 44 12
51 32 53 15
70 81 93 72
73 64 80 31
34 13 93 69
62 49 21 78
54 80 59 20
79 17 53 18
15 57 87 65
77 84 92 69
52 35 40 93
58 17 72 96
58 89 36 25
48 87 62 25
94 75 96 23
23 18 88 56
93 34 13 29
43 47 79 56
72 22 99 81
30 73 59 38
44 39 52 51
11 79 11 56
22 41 87 95
18 14 78 83
44 90 12 15
39 20 93 63
10 95 49 26
73 34 29 28
51 99 55 18
31 99 14 33
89 60 76 62
89 73 46 74
89 67 90 93
84 29 34 73
23 35 18 17
43 56 63 36
51 12 11 69
75 96 42 52
90 81 24 68
36 36 23 48
63 98 99 13
15 65 88 58
34 34 17 28
53 75 56 75
59 100 38 50
32 67 47 39
88 24 26 60
70 38 10 45
97 43 22 78
72 67 88 15
77 45 61 51
29 51 87 93
76 48 18 44
56 98 65 35
95 12 53 16
28 65 62 48
29 87 23 84
31 75 98 16
49 20 26 69
30 87 78 42
80 10 59 10
64 70 98 57
28 89 59 59
73 43 76 89
98 82 42 66
55 85 73 28
27 52 96 51
11 34 77 48
56 61 73 20
15 14 57 21
23 79 59 88
48 23 66 93
37 88 78 78
72 99 63 88
52 63 82 61
72 47 24 71
35 76 17 52
14 16 71 27
47 72 36 27
86 16 44 10
52 31 59 87
19 37 31 33
93 82 72 32
84 16 80 75
46 79 34 77
77 61 52 93
19 85 84 80
89 77 70 70
54 67 56 71
24 31 97 27
68 25 16 64
16 39 62 19
95 17 64 36
97 70 93 80
28 65 21 34
27 18 98 29
14 40 97 18
16 47 42 28
46 86 94 49
38 54 90 49
95 16 96 58
95 12 74 66
26 67 32 38
34 45 70 82
20 94 70 28
14 27 49 69
63 66 62 87
98 22 88 25
41 75 61 60
95 39 91 58
36 29 61 16
34 53 46 37
99 70 27 100
13 19 15 41
70 96 94 73
37 61 32 48
74 36 94 41
83 41 11 35
86 95 81 54
45 52 80 81
65 72 90 20
96 67 100 96
29 66 94 24
66 30 42 77
20 59 27 88
78 45 90 85
56 14 98 59
24 84 80 50
64 58 75 38
41 73 34 52
62 71 14 69
43 52 74 100
48 47 61 37
76 73 97 54
11 34 41 13
73 52 92 12
90 11 70 30
63 77 67 27
56 37 83 48
30 12 69 55
77 83 72 91
35 15 27 67
90 94 22 53
55 81 57 67
52 63 23 65
48 84 80 65
35 61 62 13
97 26 65 77
31 75 50 90
89 28 67 93
35 67 76 60
69 33 18 10
46 15 28 64
72 61 25 18
49 11 71 29
85 11 79 78
50 92 37 99
98 42 70 70
39 75 17 56
81 87 59 91
67 83 27 86
55 49 31 83
19 99 77 16
16 93 48 77
30 72 10 12
74 75 77 68
35 28 41 79
32 47 51 82
36 97 36 17
41 18 84 22
60 61 52 91
55 98 80 69
47 30 30 89
15 50 63 57
27 36 32 75
98 76 10 82
32 23 60 94
99 39 58 60
93 91 55 70
27 77 52 53
65 54 91 80
18 100 86 23
47 14 100 44
80 99 88 16
14 47 92 96
95 46 35 58
32 96 21 55
50 81 89 81
25 15 34 75
42 22 25 54
64 86 81 48
91 55 83 84
90 81 59 13
71 74 96 87
23 27 14 11
70 92 98 86
53 53 82 59
78 54 67 90
93 70 68 52
93 85 98 55
100 84 38 68
53 87 36 74
28 48 28 72
90 65 29 70
12 58 100 32
90 70 23 13
52 26 77 53
68 28 26 89
82 57 77 61
25645 21189 14842 10016
49 45 45 82
47 71 84 63
52 65 24 34
74 63 53 47
63 50 86 82
38 59 87 54
65 15 80 95
87 46 25 100
79 49 21 17
18 42 51 78
69 62 80 95
27 43 95 39
66 82 25 34
92 29 50 64
44 75 39 40
99 19 82 91
66 94 77 89
80 88 61 46
17 35 49 30
48 86 79 59
34 48 75 87
55 85 41 11
20 94 84 81
82 29 95 51
44 47 15 96
57 19 55 36
93 20 20 18
81 24 45 89
98 25 23 21
10 79 50 97
53 81 67 87
63 46 90 87
56 52 48 12
61 90 87 100
23 76 73 62
90 66 37 28
55 71 95 87
97 85 54 29
35 38 45 10
32 31 88 64
63 46 36 88
13 41 56 36
62 48 28 45
17 60 42 16
88 22 80 50
12 28 79 56
10 65 27 85
31 58 68 50
67 12 61 68
62 42 58 49
83 34 53 65
67 80 87 100
85 12 22 90
21 18 11 31
35 70 97 72
62 87 56 90
81 93 47 40
84 74 43 96
17 46 44 54
100 99 17 54
52 74 25 36
80 26 57 56
60 74 73 81
82 32 58 84
16 54 75 64
85 90 81 79
67 99 65 23
62 37 55 55
61 22 61 34
51 51 46 93
40 69 82 47
30 51 60 14
46 11 86 85
65 98 16 96
36 80 86 52
59 41 27 23
31 40 10 56
70 28 82 97
51 63 89 58
63 10 60 72
21 49 55 29
67 43 81 84
41 30 55 35
37 90 92 14
55 21 30 33
84 74 33 72
68 31 53 18
50 83 49 56
85 30 26 69
60 67 24 90
15 54 30 34
44 24 11 21
63 77 98 51
66 97 37 96
74 83 81 47
37 36 62 18
40 36 31 50
50 78 69 14
79 26 19 54
34 82 78 73
73 25 12 96
81 86 28 57
99 37 23 100
77 83 14 34
28 16 100 44
81 71 35 31
56 41 88 31
73 39 98 67
99 21 34 88
10 88 56 81
82 71 88 29
10 80 62 23
23 88 40 21
94 28 38 57
13 94 76 18
54 74 84 79
34 42 32 100
43 83 27 73
44 71 95 87
96 88 86 53
44 19 77 75
23 59 29 75
91 72 58 33
31 45 72 95
49 76 56 70
100 89 35 39
100 30 78 40
100 37 49 48
72 21 63 97
61 75 22 31
41 36 34 81
20 22 34 30
28 44 85 94
51 30 43 80
35 73 10 21
65 39 16 70
61 93 44 81
90 26 76 89
44 34 58 43
99 64 79 11
57 10 11 25
70 48 95 10
17 44 74 32
12 76 54 82
35 84 22 10
95 99 31 50
20 70 50 10
34 70 81 23
75 56 98 43
75 58 71 30
77 54 60 58
22 61 52 55
55 35 24 49
83 99 32 21
68 41 67 39
44 62 69 17
83 82 64 38
21 67 90 55
48 89 55 93
63 70 60 95
16 64 100 64
61 44 59 33
19 74 37 13
81 30 69 100
87 60 50 29
71 26 51 38
78 100 41 89
61 30 32 45
50 33 59 20
73 96 93 100
25 53 11 28
51 78 32 17
18 69 79 48
62 71 27 81
31 66 42 21
80 14 52 86
51 43 99 91
16 88 88 78
99 94 83 60
30 73 67 20
83 28 33 44
80 41 44 19
69 39 80 96
66 81 24 60
27 73 74 40
17 37 73 50
19 82 64 18
95 66 21 83
61 84 91 79
78 23 45 46
77 88 13 18
82 48 55 29
47 16 22 57
46 43 48 64
94 72 91 97
32 100 31 33
72 94 91 96
16 98 28 81
69 53 66 90
41 35 64 87
46 27 16 65
86 44 54 95
69 22 37 30
62 34 83 28
97 77 89 73
43 26 64 57
20 33 17 21
45 51 55 59
26 11 24 87
91 87 27 21
97 21 15 61
47 66 51 26
91 31 83 80
65 17 76 24
16 75 34 84
68 11 71 54
24 58 55 16
96 80 91 36
70 85 33 31
73 96 51 89
31 52 38 51
52 17 85 12
87 37 85 53
63 18 60 35
34 87 41 58
92 47 11 70
31 44 62 79
60 86 11 33
19 23 81 46
31 59 51 65
83 12 70 32
71 58 41 78
77 75 86 88
26 48 75 76
37 48 37 98
10 39 90 57
17 60 86 65
80 55 57 67
19 10 40 51
27 70 42 71
41 24 27 91
59 95 59 24
60 84 95 58
75 100 86 45
71 90 42 70
84 71 15 25
47 99 79 77
61 96 38 87
81 97 49 63
81 47 26 68
27126 21269 15869 9631
57 83 66 86
38 16 77 14
58 15 85 41
35 56 37 72
40 30 55 76
58 53 50 79
24 38 83 24
25 93 27 51
52 47 96 59
68 100 90 51
36 12 47 10
79 22 93 52
92 72 87 45
76 98 76 61
24 100 75 26
77 27 51 22
100 47 49 33
57 21 17 81
76 92 62 72
81 80 34 11
65 21 87 50
70 73 27 41
75 100 37 80
18 64 42 90
69 100 55 86
15 55 69 56
89 44 93 33
51 36 40 63
39 61 55 60
22 98 95 24
87 60 80 46
80 99 87 16
19 69 36 42
65 99 88 85
13 48 54 79
47 72 91 67
44 84 24 84
98 85 28 87
76 71 97 85
22 15 90 70
100 39 77 37
56 13 70 12
96 83 17 50
74 13 26 47
93 86 18 65
58 15 63 17
56 91 22 50
36 14 78 10
80 87 32 15
97 76 35 98
27 93 21 21
83 40 70 24
52 85 24 33
15 26 68 71
61 86 33 56
49 79 20 89
53 36 63 39
47 13 65 60
60 39 42 58
76 99 83 63
81 22 54 33
81 93 36 17
50 66 85 38
31 59 53 51
63 73 24 18
30 88 48 41
19 46 88 94
53 21 63 74
79 92 40 69
82 50 29 10
98 54 92 67
10 61 75 75
22 99 21 80
89 67 67 15
28 52 21 82
60 100 33 32
67 75 90 11
44 14 62 48
85 14 58 42
60 98 70 39
38 30 61 19
14 100 45 70
82 22 86 95
34 90 61 84
54 64 69 76
49 81 49 85
96 54 100 17
65 55 70 70
49 96 96 77
43 43 70 28
52 96 66 26
22 53 72 36
17 56 56 44
74 24 74 12
70 79 84 46
78 50 11 81
68 11 35 41
71 70 17 18
86 21 95 88
56 98 88 79
15 73 15 77
99 62 41 69
66 20 45 45
14 70 64 60
94 12 65 92
28 80 85 57
77 16 91 64
55 100 55 70
15 30 97 65
24 12 11 13
66 43 74 100
89 50 20 24
16 68 33 50
69 74 89 32
73 47 57 36
69 68 35 60
71 76 81 14
20 91 40 22
27 100 93 75
64 59 87 51
62 40 22 35
49 42 94 95
71 16 70 69
39 95 35 73
37 64 31 49
93 71 93 39
69 74 63 64
81 26 86 99
12 76 13 92
25 74 24 41
58 45 82 64
23 50 95 46
74 69 65 45
70 17 44 16
92 70 66 89
15 29 62 91
46 39 61 75
51 73 75 53
10 18 86 97
65 33 50 84
99 29 56 55
34 70 73 86
21 85 66 35
19 43 20 51
19 56 42 36
43 31 42 54
95 10 93 31
43 54 13 68
47 73 21 20
31 85 52 21
94 53 90 39
69 55 76 60
70 59 95 60
37 87 59 79
14 20 10 89
63 34 40 65
51 48 48 82
78 17 44 96
26 69 53 57
66 32 15 71
87 39 58 25
69 12 26 94
17 95 11 21
49 45 52 28
62 26 22 88
73 97 10 26
79 17 27 21
26 11 57 62
52 16 18 16
70 73 80 37
91 19 93 85
68 40 61 100
76 29 77 15
96 74 89 45
70 99 42 37
88 37 99 58
74 55 54 77
70 17 35 22
34 24 17 58
56 33 29 87
96 84 52 19
68 16 77 49
16 96 60 32
23 78 92 78
83 79 74 87
16 79 48 65
95 91 62 98
61 76 24 36
96 75 99 20
81 53 50 11
73 75 56 88
91 47 57 27
19 98 48 63
75 58 56 57
92 66 98 11
16 55 98 61
82 16 78 37
67 73 25 58
42 98 47 82
60 99 38 84
68 93 98 17
54 51 32 85
54 71 52 32
78 48 76 72
11 86 22 90
60 79 84 97
27 55 73 53
44 66 83 26
54 66 33 21
51 38 18 28
87 83 59 69
60 77 48 21
61 90 22 55
93 91 96 29
64 87 52 11
95 89 73 21
84 23 51 29
88 96 75 35
33 50 15 96
51 74 73 81
71 64 17 17
77 46 23 48
91 22 100 89
52 11 73 98
75 58 70 68
33 43 40 100
76 49 88 22
59 58 81 78
72 42 93 93
74 86 100 15
32 10 94 52
88 81 25 18
32 99 17 94
42 42 32 77
31 56 21 81
26 27 10 20
76 28 96 79
30 83 29 93
36 47 67 13
40 92 22 84
82 82 47 21
23 69 51 31
63 63 11 82
21 72 94 47
71 58 92 12
35 78 68 91
38 98 77 28
41 83 15 58
93 95 97 49
32 67 99 91
24724 20735 14734 9080
37 60 44 25
99 35 64 13
79 77 57 49
26 59 15 30
58 100 89 74
31 61 97 76
73 44 36 18
14 49 82 87
76 57 39 43
58 86 43 68
78 62 30 81
84 95 42 61
25 83 48 55
62 81 13 17
35 68 18 61
18 56 25 24
57 36 39 85
95 25 82 60
55 84 43 93
91 46 83 11
75 47 40 58
73 87 52 87
64 49 27 100
39 51 79 98
85 83 86 21
28 57 35 42
41 77 82 93
61 27 31 47
86 79 74 15
41 65 47 39
12 86 55 32
13 19 67 72
19 93 64 60
99 57 92 27
65 62 17 17
66 22 58 21
71 94 65 84
74 34 70 29
57 22 20 61
63 79 51 32
81 32 94 84
22 22 14 94
24 75 86 51
94 69 27 71
50 68 10 69
46 88 93 24
55 84 18 80
49 32 77 27
33 19 57 69
53 83 21 72
44 85 16 31
37 49 89 14
46 31 94 36
91 61 70 66
60 94 29 20
56 65 63 54
58 11 11 76
32 73 61 23
15 31 31 25
51 66 51 48
41 92 12 19
77 19 28 62
97 10 22 22
36 91 15 52
82 100 45 18
74 15 80 84
75 81 27 57
81 69 89 54
69 63 60 53
11 88 29 70
68 65 10 45
11 59 11 49
21 93 40 47
48 58 13 91
43 57 10 27
94 54 35 85
47 55 89 10
45 92 53 68
14 67 18 95
29 13 10 31
44 69 64 93
95 64 18 40
41 89 36 30
16 15 35 54
53 10 54 21
51 39 25 44
89 12 74 61
50 56 37 58
51 97 29 15
20 56 20 29
46 43 64 40
16 16 28 96
50 30 30 82
64 99 38 72
89 66 42 57
77 47 80 29
91 49 43 54
88 27 88 39
21 62 11 87
72 69 56 69
35 34 52 48
72 19 62 60
83 42 52 67
54 99 42 40
44 14 82 53
88 93 59 54
43 63 88 38
70 41 92 50
24 53 47 52
91 90 75 34
74 39 54 60
80 13 89 44
100 63 86 45
88 91 62 57
13 18 57 97
51 32 15 96
83 86 45 17
60 46 62 44
84 71 47 79
80 66 32 61
34 18 43 49
69 24 89 43
91 13 88 28
73 67 56 25
84 22 67 19
64 12 75 37
94 77 87 97
57 75 54 80
67 69 22 88
31 61 43 62
44 74 41 100
17 31 74 88
81 86 99 93
17 28 16 67
11 12 64 82
33 75 47 20
46 95 26 18
23 43 94 47
57 98 94 79
67 96 81 96
82 82 73 97
51 74 60 19
25 53 36 43
68 79 66 69
12 63 14 82
15 76 63 79
28 84 66 30
76 55 41 49
32 18 55 83
18 37 10 17
97 80 19 93
53 82 94 37
45 32 73 51
44 31 85 25
47 93 79 89
76 98 39 70
79 57 86 12
57 70 16 75
11 49 78 49
22 93 100 74
37 32 36 24
87 99 54 33
14 45 85 51
52 78 91 67
58 60 82 93
84 93 74 15
64 30 84 93
37 25 99 88
74 20 87 58
92 44 65 54
50 60 72 50
48 31 71 75
85 91 23 39
87 48 77 76
19 34 22 24
34 79 30 35
57 27 23 56
71 83 12 54
99 99 77 44
37 48 70 27
15 15 52 35
55 42 52 10
20 69 51 49
26 74 19 19
32 49 26 45
75 21 79 82
54 95 34 25
91 30 58 72
97 19 69 23
13 90 72 40
96 75 45 85
24 92 46 80
14 15 59 25
28 61 12 34
60 18 89 33
92 90 27 17
13 31 84 93
75 95 39 99
52 72 66 47
17 92 80 43
87 41 35 39
67 27 26 72
94 61 83 92
19 38 30 47
66 32 95 78
61 35 56 28
84 74 51 18
19 24 85 85
96 40 11 40
55 76 94 91
48 73 73 52
36 58 62 20
18 83 56 73
96 22 13 64
59 39 39 47
19 75 73 17
71 48 72 50
22 99 14 62
45 74 86 34
96 14 62 56
94 56 98 49
72 13 49 100
45 55 64 72
40 17 10 62
81 69 63 26
95 61 12 26
47 66 80 75
39 87 11 88
58 100 58 93
98 90 34 58
67 64 88 53
78 53 89 87
55 52 19 62
27 72 70 26
67 23 99 36
96 58 51 76
66 18 25 26
86 90 73 32
89 97 64 92
20 12 34 29
57 10 47 71
97 93 61 20
69 76 18 79
90 45 34 90
29 43 25 45
80 77 52 30
76 35 96 48
93 82 42 72
31 36 73 71
96 50 40 92
26225 21429 14573 9333
100 81 35 15
69 61 51 94
74 20 80 46
78 76 52 83
98 80 100 12
89 43 32 91
11 44 40 18
36 24 82 89
72 63 97 52
94 80 37 59
64 28 73 75
99 89 19 81
87 12 89 13
53 85 72 94
66 15 70 41
20 34 88 59
91 99 19 88
86 32 60 62
85 52 37 84
42 33 87 40
29 74 12 99
21 29 48 68
74 57 100 48
63 21 53 95
45 71 48 32
100 80 34 37
98 46 33 73
27 92 89 82
76 31 25 32
91 80 95 29
42 83 62 16
18 75 20 90
71 54 60 44
95 41 38 61
67 30 23 52
10 30 37 89
62 26 61 76
58 74 43 21
63 88 55 98
60 81 98 28
85 35 75 40
35 12 18 69
67 17 78 26
13 88 44 78
13 75 26 77
46 22 61 54
74 13 89 10
84 50 92 92
69 63 33 13
16 80 96 22
25 23 71 56
68 45 98 33
79 41 10 15
28 44 40 58
50 28 15 45
24 78 36 37
49 10 90 68
19 82 22 21
35 52 44 61
51 51 17 17
91 93 91 23
70 40 21 16
35 85 93 98
26 86 93 83
27 46 44 91
90 68 54 49
49 60 19 90
20 37 40 60
10 84 15 53
45 20 70 80
79 58 26 75
38 81 64 88
97 20 37 78
18 90 71 29
69 75 45 95
44 87 62 52
87 24 24 27
63 93 38 14
95 18 65 91
56 74 49 28
81 71 56 58
24 20 62 29
88 18 26 90
26 28 28 62
30 37 15 32
92 57 19 100
93 60 59 51
32 84 49 33
71 47 34 86
58 93 12 28
27 11 26 71
24 51 96 40
58 70 75 46
94 42 60 71
19 69 76 63
26 71 56 52
23 50 44 38
33 89 85 53
54 17 79 48
32 49 21 94
45 87 11 64
63 99 76 16
21 91 81 97
84 92 97 62
88 67 86 44
88 66 43 74
32 49 50 29
94 31 78 20
48 48 18 53
81 75 39 73
92 47 52 11
18 97 91 12
18 65 89 34
61 81 55 63
40 11 92 13
37 81 13 50
55 14 25 59
12 30 99 52
97 43 38 79
71 88 73 45
69 25 88 51
30 100 66 44
49 65 68 91
94 39 14 89
29 87 31 68
64 81 10 36
62 44 95 44
19 33 96 29
78 64 83 84
68 77 31 48
57 50 99 60
17 16 60 85
88 49 14 95
69 71 99 54
34 60 12 54
11 80 55 38
50 49 96 14
79 10 35 49
46 16 65 94
64 47 95 30
48 27 69 28
31 54 88 94
60 70 70 30
47 43 61 51
83 65 20 41
67 42 11 14
38 83 94 37
64 98 89 87
20 37 64 23
50 64 46 55
84 69 55 64
64 65 16 38
81 23 66 78
76 14 39 47
92 21 12 79
67 26 36 45
60 69 77 82
23 16 95 72
44 27 13 15
42 90 90 63
90 36 16 18
100 19 60 93
44 79 56 30
94 28 35 18
78 20 85 49
69 80 81 48
66 44 85 33
13 30 94 84
40 22 19 93
57 82 35 84
64 42 13 36
99 72 67 81
67 21 28 22
38 71 75 23
85 31 73 40
16 28 13 27
60 33 71 71
42 34 60 93
25 70 13 62
67 97 72 47
81 70 38 28
78 26 17 49
67 96 82 30
69 52 46 96
42 56 56 87
88 98 91 97
50 68 88 90
33 56 88 26
18 35 80 97
59 41 75 76
76 85 42 17
29 22 74 44
33 26 69 68
22 31 54 33
11 25 84 18
37 85 53 39
38 15 67 49
51 17 46 20
49 86 79 14
38 96 15 28
74 64 61 60
57 57 13 29
51 42 50 47
19 32 39 33
21 13 29 29
31 51 53 50
92 84 70 94
81 19 26 87
46 22 61 100
46 82 17 82
43 56 29 66
85 95 92 100
85 85 34 23
57 45 45 62
79 100 29 74
18 29 37 28
80 47 48 69
96 52 13 37
36 89 46 13
68 17 62 11
63 98 24 27
16 49 73 71
42 71 73 56
92 13 44 11
34 32 81 52
65 95 64 77
53 10 11 66
66 76 56 63
91 64 32 49
70 84 30 75
88 84 56 92
34 56 21 27
25 13 97 32
27 79 24 15
91 82 32 12
61 14 66 85
76 12 57 64
93 31 20 73
83 99 45 94
20 81 50 21
56 43 56 16
93 83 69 53
74 94 45 72
98 13 15 78
91 78 16 18
32 53 53 74
25 80 30 60
87 41 69 46
16 64 56 42
89 36 73 51
24348 19760 13863 8977
84 13 91 74
40 98 19 45
15 41 99 37
32 91 83 51
77 83 97 12
77 41 16 61
87 66 70 42
98 86 28 64
61 81 96 54
66 85 32 19
83 41 37 17
17 33 57 92
93 13 25 24
56 37 58 20
85 11 34 18
76 93 78 49
41 74 13 66
36 34 20 47
56 15 16 51
30 88 91 63
38 37 63 23
89 81 41 58
48 43 100 95
45 48 14 22
72 97 93 83
67 29 98 92
20 36 58 91
49 78 60 74
88 51 28 67
64 26 48 86
84 56 39 95
17 14 99 54
85 72 48 40
96 96 20 24
44 89 31 19
90 27 62 32
26 49 83 92
65 55 61 39
64 72 55 21
30 18 95 53
83 16 91 66
47 47 23 31
76 62 10 40
77 80 56 75
47 97 35 55
82 12 80 55
12 12 38 58
40 83 60 90
60 19 80 53
25 92 63 94
40 53 62 34
13 45 67 19
45 47 14 47
87 25 23 17
97 82 20 62
59 84 96 17
83 44 28 79
70 99 26 69
72 80 87 10
13 12 38 81
94 42 48 32
20 18 74 48
55 94 31 52
37 48 69 60
55 18 55 50
35 63 83 68
89 97 41 33
47 51 22 67
80 72 91 58
31 76 91 87
72 52 22 88
60 65 19 45
36 26 21 28
62 62 83 51
69 84 59 54
64 74 23 43
67 92 48 31
92 24 93 88
46 94 57 58
24 53 14 75
53 70 81 71
31 72 25 18
11 52 43 83
26 67 48 12
32 46 10 30
17 40 39 17
56 80 66 16
84 30 38 16
59 46 97 50
19 55 98 83
73 28 76 36
73 24 21 35
79 75 90 68
99 98 62 17
86 20 63 51
71 52 40 78
86 15 92 82
82 68 85 23
82 97 24 66
86 54 89 53
50 50 55 89
49 71 60 73
40 100 44 33
92 43 14 32
95 81 78 33
61 72 89 35
19 23 74 78
89 55 27 89
13 12 93 88
28 44 89 81
49 77 52 51
55 48 80 41
60 91 88 10
98 87 25 60
62 51 91 87
46 36 81 98
90 47 50 96
27 89 72 95
79 84 41 62
37 85 99 83
15 63 100 56
11 20 34 61
20 83 99 91
30 11 88 89
58 86 61 42
41 47 34 64
100 38 81 75
50 22 27 11
65 71 77 27
65 24 17 76
23 27 30 73
95 44 45 18
35 16 55 96
77 30 13 30
100 95 49 59
35 58 65 75
99 31 46 71
42 100 76 89
97 45 67 43
21 18 77 80
89 97 69 26
79 45 53 53
52 93 52 58
21 20 92 46
32 70 83 61
27 100 64 63
32 55 93 83
20 84 36 52
74 50 89 59
38 62 65 22
35 63 33 79
27 34 41 31
17 27 90 88
28 100 100 14
52 70 55 65
80 57 72 83
62 70 11 60
60 18 59 21
73 29 84 32
55 83 17 44
99 14 92 28
79 96 76 23
90 68 55 53
25 88 59 74
99 94 32 60
55 64 25 94
10 62 45 83
59 13 91 38
77 20 21 98
55 68 78 44
87 11 24 98
19 57 67 44
85 27 33 47
78 32 55 38
18 45 43 11
76 49 41 44
87 42 15 11
62 68 44 85
100 61 14 69
22 38 49 10
58 32 20 38
23 71 92 50
83 63 83 63
61 60 100 76
33 36 40 79
23 48 53 77
11 34 81 33
100 38 35 99
95 21 49 80
28 38 67 63
10 20 76 84
94 44 20 66
76 15 56 69
25 39 60 68
97 19 64 92
46 12 97 61
84 60 56 92
71 78 15 58
64 28 24 73
76 37 45 87
85 97 17 27
41 88 95 38
80 83 57 10
67 20 24 75
39 21 19 99
68 94 17 43
60 61 55 71
44 44 64 53
74 82 56 81
78 80 19 48
48 78 99 84
14 15 41 34
60 70 32 16
94 42 49 65
63 60 98 51
23 33 17 62
72 94 85 81
34 93 39 26
28 70 58 30
62 67 34 75
81 27 40 46
95 19 21 32
27 65 67 88
90 59 69 26
86 46 72 19
87 82 86 89
94 45 25 82
83 82 44 85
42 70 85 73
29 21 43 33
64 44 13 43
15 52 50 31
88 44 40 81
100 13 15 93
79 22 40 76
70 59 50 80
21 93 61 37
73 27 70 84
58 63 51 16
35 94 69 89
93 68 98 26
72 65 35 51
99 94 23 38
29 56 43 57
24 30 69 51
53 79 99 43
15 62 81 59
33 40 79 22
24 62 10 34
16 66 79 52
26557 22188 16182 9993
60 58 46 22
91 40 80 66
10 58 82 71
21 64 23 34
32 34 100 29
88 60 43 47
27 42 30 73
59 32 24 38
91 13 77 84
94 91 53 89
90 13 26 51
44 18 53 22
38 13 17 10
67 65 64 56
25 33 27 10
30 48 27 85
44 38 57 55
88 28 56 79
95 43 89 42
59 94 36 73
55 96 58 62
28 43 84 70
86 21 80 63
51 62 13 17
85 40 73 72
67 60 97 86
16 33 12 22
85 57 57 35
35 73 93 42
93 18 39 19
68 46 66 73
22 63 70 81
73 29 61 17
84 61 50 37
93 13 15 31
44 68 16 97
95 76 73 47
82 83 37 11
90 64 43 84
45 93 17 60
13 69 94 32
96 97 22 80
52 49 50 43
33 39 34 32
56 25 89 32
87 98 99 73
13 16 99 69
10 67 53 82
24 45 54 39
66 53 19 72
25 83 24 52
69 86 97 72
86 34 95 12
75 88 84 61
17 15 60 95
55 82 76 99
93 49 37 66
75 35 29 30
99 25 99 24
40 50 99 91
87 33 91 69
13 86 36 18
35 10 58 73
31 100 82 26
50 18 27 66
14 95 20 36
12 46 21 13
87 51 53 27
17 21 17 90
68 94 49 78
88 22 22 99
82 70 47 33
31 57 59 18
64 84 53 53
30 65 11 98
47 65 27 66
96 60 58 53
85 30 77 83
68 39 10 48
27 88 20 63
78 54 98 56
51 37 64 41
76 37 78 43
23 90 43 43
43 90 50 26
56 54 66 74
29 72 11 19
69 90 14 73
95 49 99 24
53 95 43 42
57 92 52 32
11 60 29 76
16 80 78 65
90 15 68 20
49 19 84 47
53 84 49 79
49 62 61 29
52 17 92 46
95 54 10 97
30 37 15 99
62 70 30 100
22 72 71 87
39 20 43 78
59 20 93 18
44 76 93 75
66 76 80 63
33 34 10 40
47 70 81 73
64 16 44 68
34 73 66 29
49 44 88 56
78 98 31 75
76 17 63 14
59 34 62 76
88 56 45 39
66 31 17 66
41 82 76 95
66 26 59 10
28 38 98 68
33 66 13 52
77 37 75 21
20 11 52 84
23 69 13 62
21 18 34 92
73 58 77 99
68 32 79 30
68 13 78 14
10 18 72 16
41 39 35 25
22 92 37 13
33 26 42 89
100 68 39 34
27 77 59 99
70 35 24 84
64 83 23 51
60 54 58 79
48 94 58 14
94 23 61 98
77 32 33 37
47 46 56 28
97 45 34 26
13 73 19 15
26 47 40 21
51 60 19 48
33 97 91 16
55 92 37 21
80 90 90 52
84 38 24 88
59 21 83 23
56 54 65 20
68 50 16 59
95 13 44 68
65 40 87 58
49 19 65 83
69 60 17 52
52 45 39 41
17 64 22 54
62 16 60 46
65 13 63 84
34 76 28 19
68 14 37 11
26 21 77 74
43 100 38 30
71 57 21 44
94 72 45 86
78 83 83 94
93 95 55 70
12 29 45 30
73 10 35 72
73 11 65 57
50 45 72 95
16 92 49 61
97 48 81 67
58 77 14 65
68 53 78 13
89 92 18 69
28 91 23 58
67 70 49 37
70 34 27 56
51 82 40 59
55 23 92 51
74 58 31 98
67 92 34 40
88 27 40 60
60 18 77 60
37 48 95 17
10 32 26 51
73 14 77 77
65 32 33 74
57 79 96 76
82 48 65 30
64 22 33 89
77 34 68 64
68 38 65 26
71 52 100 43
10 49 30 74
65 78 22 44
98 79 57 63
84 57 87 20
68 78 70 25
27 55 62 55
43 51 60 91
61 10 25 87
20 72 53 41
35 99 14 100
45 33 88 68
18 40 34 81
95 29 85 25
68 72 78 92
78 83 32 84
34 14 86 34
20 85 72 78
18 13 100 65
34 22 11 73
66 61 83 85
63 24 33 42
42 70 63 58
48 41 47 62
84 10 59 71
78 56 100 12
76 65 100 63
68 41 45 89
76 39 86 58
24 25 12 14
60 92 21 67
31 28 78 86
39 62 31 36
96 63 92 10
80 80 60 59
29 61 80 82
71 21 59 65
13 93 90 35
31 78 58 39
64 16 65 41
33 68 65 12
40 39 99 54
10 55 59 32
70 53 62 92
76 10 49 39
30 77 40 56
74 55 79 69
67 99 79 80
83 35 68 25
43 75 64 84
44 18 20 94
60 42 64 96
81 70 13 49
24 49 52 90
76 17 86 50
78 92 35 31
25758 21296 15384 9372
17 79 37 19
28 76 58 84
60 27 36 49
45 85 98 67
32 79 33 36
12 65 95 86
37 70 38 38
87 84 76 25
81 27 71 11
43 64 43 65
85 61 35 71
84 81 29 58
63 16 98 83
67 78 51 15
44 47 60 34
54 21 87 25
34 96 50 13
12 46 95 50
85 64 30 33
53 69 19 18
45 81 53 37
95 27 71 79
95 98 20 50
42 10 35 67
31 24 51 96
61 65 81 58
71 44 34 59
30 96 44 24
88 72 40 30
30 19 60 48
86 45 42 35
40 70 66 87
49 72 59 24
61 78 83 91
38 76 68 64
23 50 52 55
76 43 86 96
33 74 16 67
20 82 27 42
71 35 41 94
31 45 46 37
37 22 44 15
76 40 95 90
72 42 99 44
83 75 55 72
22 34 26 67
91 59 47 12
83 74 81 23
55 51 79 17
90 69 22 88
36 19 48 65
74 85 92 64
64 86 37 24
49 89 29 84
68 71 66 24
89 96 91 72
14 88 90 32
90 87 64 18
35 84 12 26
60 22 17 85
69 34 49 18
55 72 39 22
85 37 14 96
59 22 41 33
96 73 15 59
77 37 17 74
96 35 68 74
92 78 91 46
29 78 57 58
68 76 25 60
55 96 57 17
66 70 40 69
86 11 53 20
38 32 47 48
24 43 54 55
77 17 64 22
71 50 64 13
37 29 24 82
15 67 97 100
34 69 19 90
30 91 81 54
60 24 73 95
11 89 46 71
23 73 51 65
69 25 24 50
32 56 96 39
72 57 14 92
11 44 20 46
35 51 46 13
93 64 97 46
29 25 55 48
41 21 27 17
27 21 32 88
61 31 52 93
45 87 36 55
19 96 19 47
17 76 96 26
12 86 76 12
63 96 39 56
82 77 15 20
87 24 38 51
42 66 51 87
31 83 90 30
64 38 78 60
59 56 63 21
80 66 83 12
94 99 22 74
27 23 32 32
18 87 94 54
21 57 80 88
46 67 59 30
29 79 20 67
52 20 47 96
88 89 59 51
22 83 51 55
17 39 90 92
13 26 73 55
31 78 56 46
64 34 62 59
29 70 32 11
83 28 27 53
26 13 68 60
28 60 81 14
11 31 50 10
14 64 30 36
75 60 12 98
96 34 53 63
71 57 84 52
70 30 39 31
18 95 82 35
15 86 64 46
24 18 93 41
35 96 70 11
79 81 98 49
82 54 71 59
40 29 35 11
21 65 87 26
16 36 84 16
38 99 32 11
49 84 79 75
72 70 89 100
87 61 75 85
26 48 86 37
98 79 43 84
90 38 26 87
75 64 41 93
71 71 70 46
49 88 96 33
99 70 22 13
80 74 96 84
21 62 69 15
64 19 72 43
48 25 62 21
41 24 64 76
36 45 63 91
12 23 42 51
73 97 93 16
34 98 27 76
18 33 38 64
53 35 46 45
43 73 76 64
65 32 56 84
82 44 30 65
18 16 92 65
93 47 83 31
85 73 31 53
38 59 97 76
81 92 64 89
33 16 39 99
20 66 80 46
55 26 65 28
44 67 78 77
24 25 33 51
10 81 28 68
93 17 64 45
78 40 84 19
58 95 48 65
83 80 86 32
71 84 28 69
46 86 65 79
82 63 42 26
68 98 53 29
17 49 99 35
51 95 77 99
69 61 97 39
29 80 88 33
30 61 16 89
28 26 45 13
84 73 47 96
98 73 41 60
59 12 44 12
16 80 16 99
96 82 18 66
19 13 24 97
74 23 22 43
83 97 65 61
30 13 14 57
70 58 35 40
89 31 87 74
65 28 33 86
24 75 34 26
62 15 27 53
87 71 87 99
20 11 98 48
85 75 85 60
34 91 50 88
58 46 54 82
64 33 12 76
46 82 40 45
80 43 63 50
29 38 82 41
81 96 46 50
74 54 82 43
95 86 51 59
54 94 73 14
39 62 12 28
73 83 48 62
59 53 54 26
31 55 53 34
14 96 91 23
11 80 12 27
82 87 75 56
48 14 77 41
65 32 46 72
40 11 82 82
95 28 37 50
95 86 87 85
74 85 59 20
97 47 37 99
87 26 38 84
37 30 99 49
55 57 93 14
11 95 63 57
47 43 46 80
25 37 13 74
51 32 92 27
63 88 10 97
67 38 65 78
64 99 25 98
52 37 96 80
69 95 28 12
41 91 75 11
100 99 63 74
36 15 30 66
10 86 49 97
70 19 67 82
58 61 35 33
41 74 30 76
50 72 97 58
21 97 21 72
