10 50 3
1 1 1
19 35 50
8233 7694 5670
12 74 43
14 14 43
17 16 35
91 90 44
37 21 66
41 63 81
64 60 48
36 45 33
46 32 45
46 44 67
15 65 100
60 90 64
14 27 27
53 67 30
61 62 55
50 59 18
44 88 88
91 97 68
60 72 64
51 94 90
64 37 49
81 79 95
16 17 74
56 71 25
28 99 37
20 37 11
38 41 28
17 68 14
17 82 31
24 43 49
95 47 87
96 87 47
45 86 15
10 50 37
44 58 88
53 92 22
20 49 55
64 77 73
80 66 90
73 82 39
29 79 34
67 31 53
71 67 74
20 17 20
17 92 47
38 93 36
15 64 97
38 68 70
28 43 56
61 76 49
9392 7475 5254
47 38 34
95 18 71
24 38 25
98 49 49
99 67 76
48 24 96
60 62 51
59 50 15
65 16 100
32 80 94
84 42 63
12 17 55
63 100 76
36 41 37
48 15 48
82 12 33
61 40 98
37 64 14
72 29 91
95 27 58
17 77 34
58 86 82
11 30 26
81 41 62
56 44 27
28 21 79
99 67 77
70 83 13
85 26 55
80 31 56
96 52 77
96 16 53
84 37 64
31 79 93
71 52 67
38 19 76
86 14 80
91 92 92
43 98 27
99 97 74
15 88 85
89 40 67
61 99 98
20 34 95
80 93 15
29 31 40
87 84 73
76 74 39
99 67 54
70 17 32
8838 7286 6092
43 29 85
37 48 73
85 87 19
88 38 93
18 51 83
52 51 78
44 100 81
30 51 55
71 49 34
77 18 46
40 75 29
45 28 97
91 80 59
30 91 98
99 56 23
11 47 51
33 67 29
17 24 20
73 55 75
32 48 88
91 57 25
93 66 99
95 45 13
39 12 99
18 98 92
26 64 76
50 70 42
16 16 87
11 51 95
100 14 35
86 63 31
73 67 29
52 78 23
72 88 39
52 74 59
25 58 72
16 28 79
26 46 44
12 53 86
71 62 64
69 56 73
26 92 89
25 84 50
63 17 94
87 58 87
34 35 50
84 86 42
36 85 90
24 39 44
53 52 73
9328 8240 6426
50 60 73
76 99 35
67 16 69
86 42 38
60 98 67
74 15 27
32 73 91
97 24 40
94 34 76
54 76 70
44 59 50
93 16 84
47 65 25
83 99 76
18 80 72
27 57 88
41 38 59
32 16 11
96 62 38
64 63 100
39 74 98
47 74 79
72 39 67
26 78 20
37 68 28
45 59 63
32 48 26
18 81 95
44 53 100
51 26 57
61 54 94
65 32 39
74 52 79
90 19 21
74 91 35
15 90 86
26 100 87
84 13 16
81 86 67
11 93 29
26 53 87
72 56 12
81 90 62
51 33 74
24 33 50
97 75 60
65 68 99
99 13 95
85 12 98
95 13 84
8626 7726 5509
85 90 85
45 61 19
56 71 76
75 55 73
56 41 23
13 42 25
16 33 81
76 56 24
35 83 23
76 77 10
80 36 83
84 65 53
58 57 15
83 29 17
15 48 48
90 13 24
79 51 36
100 23 93
69 16 75
50 49 75
37 97 93
52 20 47
61 45 65
36 79 15
16 79 93
19 95 69
25 82 77
25 94 45
87 38 29
19 99 33
91 89 81
59 62 31
44 57 37
42 19 73
39 62 70
58 18 22
31 74 49
47 53 23
37 76 75
42 53 72
19 46 57
53 57 82
47 24 63
26 19 73
56 96 10
12 81 80
49 100 17
84 78 52
64 72 78
81 71 61
9265 8197 5801
25 74 60
56 59 89
83 69 54
86 81 77
95 22 89
65 92 43
35 51 75
57 30 46
85 77 15
97 68 92
78 87 98
81 21 97
28 79 56
79 59 99
16 79 28
58 25 48
68 43 71
26 95 60
55 73 13
41 68 72
86 15 73
26 68 88
82 91 86
21 67 57
14 27 69
94 72 61
57 70 34
56 85 55
73 88 91
30 30 71
56 16 33
25 34 22
72 16 63
61 33 55
15 39 25
46 29 20
96 81 66
15 66 27
91 90 13
28 27 39
75 67 73
77 38 81
47 24 56
84 85 27
12 50 35
57 48 89
45 34 14
19 74 68
27 67 33
80 53 75
8479 7650 5578
29 19 45
84 89 85
54 61 69
21 82 25
75 23 59
27 74 88
62 98 43
38 73 87
93 91 89
14 58 16
26 61 95
27 26 64
74 18 54
76 96 87
11 65 34
35 12 48
69 42 97
66 98 78
50 36 44
42 73 99
71 89 41
27 14 55
100 48 33
21 93 76
64 19 23
63 55 83
53 66 83
59 39 44
83 25 77
31 44 96
24 24 55
95 63 90
43 94 62
56 27 72
91 34 10
65 72 19
32 28 30
87 33 56
13 90 26
15 65 87
53 93 32
89 54 70
94 62 83
95 20 49
99 37 18
80 22 57
52 73 66
14 20 78
66 21 47
46 86 55
8547 7137 5678
83 58 77
95 47 29
71 29 90
48 68 43
29 84 21
50 74 66
13 43 53
43 98 70
22 65 50
86 27 83
97 70 71
31 55 100
88 25 65
56 95 31
69 84 69
36 29 60
85 17 44
67 58 29
43 86 42
87 80 52
60 26 85
71 36 64
35 41 89
23 50 70
86 97 57
60 65 29
51 20 50
90 49 67
56 68 63
42 45 79
93 65 74
29 57 65
32 41 44
16 48 40
62 40 91
12 51 77
86 64 85
82 71 67
90 29 90
82 18 30
70 71 13
87 40 48
12 82 15
17 18 57
76 51 78
51 55 31
28 96 76
84 13 54
53 71 21
29 91 42
8591 7517 5937
89 54 29
20 24 87
84 30 99
67 56 28
93 85 40
62 92 94
20 50 66
29 35 54
52 100 89
33 37 32
79 80 42
22 59 40
79 86 44
100 63 24
39 95 77
19 71 22
34 92 60
16 26 50
65 60 60
94 37 59
85 25 54
19 37 36
45 65 85
46 25 70
65 99 59
79 26 43
41 71 61
63 36 26
73 27 37
79 26 42
37 76 56
23 66 37
20 39 68
48 47 92
42 90 47
66 27 52
89 95 35
99 72 93
71 14 32
55 44 90
40 96 41
50 36 86
26 81 40
80 61 41
65 61 89
50 46 55
72 26 45
75 24 14
43 68 40
72 75 24
9447 7656 5971
30 12 83
17 64 12
82 95 62
20 95 13
27 73 92
29 91 77
23 85 53
34 71 38
79 91 72
27 23 80
63 13 12
93 85 93
44 74 81
84 85 55
37 91 35
93 93 55
81 41 57
26 41 73
82 54 82
59 80 24
89 69 29
57 95 59
74 23 15
53 70 26
62 80 83
54 65 65
55 21 72
80 86 55
41 42 96
54 39 70
80 32 80
55 44 58
83 30 86
30 85 95
36 57 95
46 13 65
68 79 11
68 18 13
100 43 58
19 42 50
51 34 13
77 59 72
67 50 97
45 87 60
32 14 61
26 32 90
47 12 67
67 33 42
81 96 30
86 87 14
