20 100 4
1 1 1 1
39 66 82 100
12977 10881 8812 7010
46 60 37 69
46 75 87 51
31 15 23 49
70 48 69 56
24 20 41 95
60 95 85 46
45 90 17 99
92 99 45 22
45 46 46 14
83 47 43 55
45 24 94 10
92 91 81 11
88 49 42 42
44 88 58 27
94 40 85 51
35 63 44 10
86 64 55 52
77 94 80 52
58 28 99 79
16 13 98 35
49 94 83 97
90 73 97 30
58 83 72 16
58 68 69 86
72 22 23 68
26 54 86 53
47 59 28 69
66 31 65 34
43 58 17 29
45 72 42 32
64 75 86 97
95 75 26 73
54 64 45 30
29 55 85 51
38 91 56 96
34 39 45 31
57 47 54 59
99 28 10 20
90 48 93 92
79 53 74 89
82 48 73 70
13 28 33 25
26 38 22 87
90 75 47 32
11 22 86 100
84 99 45 64
64 96 65 90
73 83 32 88
99 11 58 11
45 24 64 32
49 28 32 27
97 23 91 63
13 92 53 92
36 37 37 76
90 42 81 46
99 92 73 65
60 44 32 90
58 13 90 59
12 49 66 40
13 29 50 56
30 40 81 46
17 76 17 42
89 50 63 41
78 12 82 20
84 37 56 79
69 93 10 46
100 47 73 16
45 21 36 90
40 49 74 31
37 51 19 91
63 46 41 11
82 91 56 80
26 14 45 52
69 19 35 18
20 36 51 70
85 63 94 96
37 70 96 14
19 82 38 99
17 59 14 46
26 35 97 10
96 74 92 73
24 57 28 95
13 30 27 55
94 20 63 10
12 28 21 18
60 62 81 54
69 54 15 34
87 36 34 26
60 94 26 21
64 12 37 73
64 100 46 12
99 97 40 78
11 63 68 56
96 81 49 98
82 66 29 30
88 55 99 67
43 59 35 63
35 14 36 37
22 64 73 18
83 83 62 10
14013 11043 9033 6384
54 19 51 70
20 13 31 100
55 63 20 98
94 50 25 42
93 66 61 40
72 92 59 92
92 10 99 99
48 24 82 60
47 45 84 47
42 21 38 72
93 57 34 62
25 63 48 26
21 23 21 85
59 84 16 42
84 90 19 67
94 56 84 34
57 50 75 49
53 97 99 96
80 67 17 13
68 95 20 92
10 32 42 46
63 56 53 19
10 58 86 10
34 100 80 74
45 64 37 16
58 38 79 30
51 44 68 10
78 19 15 92
68 62 62 25
53 64 70 82
91 87 13 84
23 66 10 92
40 28 28 37
64 62 40 48
25 34 39 34
82 19 13 99
24 64 68 50
93 25 49 77
80 95 17 11
98 45 20 93
67 33 71 64
89 97 73 46
95 79 60 37
55 76 22 23
88 85 41 52
69 14 82 66
39 63 72 22
46 78 56 99
71 29 20 47
61 31 23 21
83 62 91 72
68 14 96 20
70 99 46 51
41 28 13 74
12 62 46 95
17 32 18 49
51 47 52 28
13 92 95 58
74 41 47 57
43 63 92 17
19 31 31 33
27 37 27 36
80 43 82 18
99 14 50 16
91 78 56 46
90 71 27 74
83 27 71 67
30 71 35 96
82 96 35 22
80 92 44 26
97 75 60 66
60 72 38 90
39 48 39 23
80 12 50 87
43 25 63 48
21 65 71 62
78 46 30 10
10 13 21 76
85 65 52 74
55 22 41 94
47 38 18 39
46 90 100 45
52 96 41 74
20 63 87 51
61 27 34 17
34 92 29 32
59 100 12 55
64 83 85 16
38 57 92 94
91 27 54 32
20 48 98 63
32 37 13 66
84 72 67 70
25 61 72 22
91 90 10 32
89 85 95 20
33 70 53 29
24 20 80 81
33 42 31 83
72 51 24 32
14001 11266 8814 6147
90 66 43 93
68 76 50 46
22 26 67 57
68 75 86 99
32 68 22 70
18 43 57 96
27 98 90 58
72 80 91 45
98 56 94 18
96 86 21 16
14 17 35 44
93 20 45 47
65 94 51 62
13 76 17 60
75 34 14 29
67 60 46 81
23 34 59 71
84 77 75 83
88 81 76 32
78 64 62 63
20 67 17 87
55 37 13 98
17 55 76 58
11 64 72 33
90 97 95 54
44 90 59 48
37 51 14 61
98 29 34 18
73 27 93 11
57 75 73 75
25 14 10 68
61 18 19 36
60 89 10 23
92 78 96 99
55 91 88 74
76 77 94 77
74 77 40 56
71 24 84 46
79 38 47 96
80 13 17 100
68 52 75 85
66 69 82 34
91 77 28 28
56 88 25 35
90 22 23 31
43 46 55 75
88 45 45 81
17 58 15 99
23 74 63 15
72 71 38 22
53 63 68 88
21 40 60 24
39 59 60 19
58 12 64 53
38 61 92 33
43 17 75 27
86 91 48 48
92 89 52 36
17 86 43 77
70 14 57 45
35 29 29 11
64 73 97 64
15 98 52 64
68 82 53 53
56 26 22 50
52 16 72 62
30 65 98 33
75 52 27 27
24 30 36 44
10 84 12 79
50 10 100 48
39 73 97 58
31 12 96 61
67 70 83 70
87 55 56 74
45 66 57 51
59 41 48 77
49 83 79 69
68 20 46 59
13 66 90 48
98 88 81 75
77 59 78 43
25 64 25 98
27 79 14 17
88 32 82 60
41 84 27 97
10 19 95 19
14 32 79 26
51 59 50 71
46 56 78 73
58 50 25 72
67 56 29 98
36 61 37 25
37 29 13 84
71 51 24 96
74 91 92 49
96 87 36 100
89 44 62 60
47 56 20 75
84 51 21 92
13392 11185 8708 7196
29 96 74 82
59 15 40 32
53 83 59 49
45 44 87 35
44 26 58 83
78 93 46 49
39 36 25 69
91 98 57 20
66 70 90 42
60 52 44 55
87 96 22 92
85 49 99 45
41 72 23 98
62 70 44 95
100 12 86 83
53 94 23 53
59 57 79 68
28 72 55 41
93 19 20 47
92 52 32 99
78 55 24 76
38 60 47 96
71 74 48 29
100 63 34 13
74 25 51 78
71 93 33 82
48 63 68 44
15 79 79 27
75 29 47 12
28 14 85 40
10 80 99 49
51 66 55 14
69 23 78 21
26 85 86 57
83 43 17 59
33 40 65 95
13 58 71 89
97 85 51 92
98 29 61 52
99 38 98 41
90 94 64 43
81 70 61 16
61 100 84 43
21 82 16 19
52 87 92 90
70 47 89 67
27 56 21 61
43 51 29 45
66 72 85 33
50 54 61 86
84 95 12 62
85 94 42 58
30 51 13 85
46 77 84 59
77 10 61 83
17 94 30 100
61 14 84 72
14 31 55 84
35 96 67 15
84 35 22 94
38 11 84 26
67 24 92 57
71 21 68 29
35 36 75 44
47 12 100 91
88 45 12 10
87 77 86 54
29 94 34 22
100 53 72 56
52 87 74 81
52 83 41 36
95 68 69 76
64 90 37 61
35 62 89 19
94 45 24 18
36 33 49 25
10 63 48 11
99 53 37 99
83 80 76 46
30 32 77 13
84 83 43 27
11 24 60 88
35 66 67 30
20 44 53 89
20 91 28 95
22 98 76 53
48 67 89 67
27 76 75 52
11 83 27 75
27 44 43 94
63 64 77 57
31 62 37 84
99 87 25 29
40 16 12 96
63 80 34 33
56 84 32 29
27 24 32 41
95 14 48 86
52 42 32 18
98 21 52 43
13577 10722 9368 6563
65 28 37 89
64 95 84 25
64 52 76 82
75 64 91 55
91 12 98 35
26 37 43 66
67 46 63 26
21 44 41 95
76 79 50 27
43 98 96 51
76 99 40 59
93 83 11 24
29 37 90 39
45 84 28 41
73 49 79 72
80 59 49 60
72 47 36 35
41 92 61 42
54 85 26 48
40 75 31 42
27 46 46 83
82 48 88 58
52 29 77 14
40 79 59 97
12 63 77 57
32 16 84 30
48 58 82 81
38 86 18 33
12 76 95 75
59 79 30 37
69 59 100 25
23 54 22 57
13 66 95 58
67 26 95 25
97 58 64 80
91 69 73 73
43 38 87 34
63 26 32 35
71 29 81 17
63 33 35 16
40 98 20 80
77 41 35 15
63 60 63 45
73 32 38 24
71 18 61 72
98 84 65 22
29 60 72 38
48 70 78 60
66 65 43 14
26 42 22 68
30 59 62 98
25 33 11 72
20 13 25 60
11 98 64 54
20 100 47 100
48 90 95 28
18 90 44 31
70 91 46 27
34 44 72 56
61 67 76 23
100 15 79 85
83 94 73 71
52 39 63 38
16 79 14 40
62 26 93 76
24 74 49 97
21 93 32 42
28 15 65 42
47 97 46 94
20 66 48 51
11 13 72 46
92 50 89 33
66 74 87 98
66 58 11 56
43 13 75 48
79 81 68 36
52 53 16 13
58 63 38 86
34 61 11 41
28 28 75 50
99 23 31 33
26 83 26 77
100 53 93 79
59 20 46 90
80 73 55 100
62 74 18 12
71 67 17 13
47 62 39 78
54 18 28 85
59 38 90 29
81 40 39 64
83 18 40 11
68 69 71 28
90 55 32 88
75 58 84 58
82 31 47 13
15 52 75 14
99 43 87 45
28 35 17 77
77 62 56 64
12997 9796 7871 6569
35 79 86 42
68 86 94 91
67 83 79 42
97 78 94 48
62 51 91 47
33 85 26 82
23 42 83 93
36 95 72 53
76 96 99 63
65 51 62 84
68 36 21 75
43 14 92 88
98 37 59 81
32 68 100 87
17 55 20 28
54 26 67 76
20 62 40 88
81 15 55 84
98 76 71 13
43 67 19 51
50 72 85 57
98 12 42 11
92 97 70 72
28 70 52 66
34 61 68 12
40 61 59 94
88 45 50 35
56 71 47 98
15 17 22 56
48 82 42 51
96 69 41 17
21 36 58 91
13 68 66 97
26 63 39 74
42 60 84 33
66 37 44 67
50 12 18 98
59 45 54 66
29 99 32 78
59 34 74 92
73 31 56 24
92 16 65 67
97 28 15 16
72 19 97 64
55 17 34 25
18 19 71 46
37 36 24 48
55 64 74 40
93 47 62 50
73 48 71 93
22 52 23 72
29 42 26 33
86 44 12 45
91 34 65 79
50 63 58 10
89 91 100 42
82 76 57 66
11 89 70 54
18 59 67 79
92 79 39 61
28 36 68 61
65 52 44 48
49 68 83 49
36 32 34 96
28 54 66 27
10 47 55 45
70 88 28 44
46 14 17 67
17 60 59 21
36 77 59 28
28 70 64 87
72 27 86 82
36 33 35 10
38 75 90 21
14 44 67 50
80 93 50 49
39 30 47 27
43 95 11 53
76 81 56 81
80 76 40 56
27 42 17 54
32 32 56 17
96 27 30 63
95 39 30 56
93 95 50 24
81 57 18 90
26 94 69 98
81 55 73 37
89 63 82 30
74 54 62 22
18 21 38 81
65 91 78 30
39 39 42 64
96 57 66 61
31 41 60 90
48 52 47 42
36 42 65 11
89 74 64 23
32 78 30 90
54 96 56 79
13258 10554 9089 6327
43 80 35 66
19 90 50 67
25 31 40 18
54 58 85 32
24 95 78 89
78 27 99 62
90 22 17 85
81 48 72 41
88 27 17 40
85 88 81 54
56 71 90 71
40 95 64 99
72 59 57 74
80 74 91 60
50 23 39 81
98 14 57 20
13 33 94 98
78 28 61 11
58 91 53 24
98 48 87 75
73 18 77 83
24 75 60 30
89 31 90 27
94 58 72 70
73 53 99 97
82 47 69 14
55 76 53 76
77 67 86 89
50 42 75 98
49 18 98 28
60 56 24 52
13 27 80 62
59 10 61 81
37 50 58 99
13 89 87 92
72 63 93 61
36 21 81 63
49 47 18 100
93 15 71 94
41 64 21 67
46 75 66 35
50 75 56 15
92 65 83 24
48 100 45 13
20 27 99 16
67 72 49 83
75 19 32 93
95 18 63 65
23 97 22 36
86 81 75 90
62 21 43 48
58 26 52 86
74 29 38 22
36 79 77 89
44 66 93 73
97 66 82 73
36 56 74 96
85 64 15 29
49 23 25 21
44 81 79 40
51 47 37 47
11 40 92 30
90 39 64 57
68 95 15 78
72 32 91 95
85 100 79 30
85 91 21 63
30 40 21 71
33 57 88 39
39 39 47 56
28 73 75 91
49 96 87 21
51 91 82 74
29 100 55 96
15 92 78 22
89 100 89 20
13 36 26 53
49 99 75 26
89 73 17 71
28 47 33 22
51 37 11 29
64 96 84 23
83 19 94 83
94 59 64 86
76 70 69 52
54 83 88 87
44 93 80 46
50 66 29 92
43 26 78 22
40 96 51 97
56 25 49 45
72 20 74 66
26 89 94 53
83 93 75 44
51 83 79 20
47 27 90 68
18 80 12 24
39 29 80 74
10 94 66 14
58 15 12 70
13462 11685 9406 6212
34 70 63 19
15 51 92 89
49 87 20 50
33 83 64 67
92 21 68 18
29 33 87 32
91 64 89 99
73 26 60 88
94 26 41 95
67 14 77 10
30 76 86 28
33 70 55 94
41 89 32 91
61 16 69 65
26 11 80 54
56 47 11 25
91 15 69 85
85 47 90 11
59 49 76 23
55 90 80 71
80 50 33 25
73 59 77 30
95 65 21 13
40 96 44 81
39 64 47 30
31 57 99 77
60 29 29 40
38 35 19 39
87 45 82 25
23 31 25 23
62 57 96 38
69 78 58 95
48 19 20 65
21 62 73 61
51 15 51 97
23 69 84 27
99 80 91 58
69 36 22 68
34 91 51 36
34 54 57 55
92 59 90 70
84 71 53 70
49 70 39 52
63 52 96 32
54 53 55 92
38 94 50 18
33 31 24 75
92 23 98 39
61 31 17 97
92 77 81 49
60 34 90 39
90 95 96 40
50 12 35 32
23 66 96 62
84 17 18 76
86 76 26 36
32 77 29 55
56 55 75 59
39 82 77 87
38 14 40 56
84 47 59 38
96 93 15 59
19 62 20 82
35 65 38 43
85 55 73 38
49 10 61 73
56 43 58 25
25 92 57 65
80 51 46 76
34 59 35 35
40 85 29 54
83 94 20 28
35 20 71 74
48 23 82 75
53 91 92 51
73 65 59 29
26 95 47 14
22 88 39 42
27 37 76 40
72 10 33 66
21 64 45 38
16 32 74 23
13 33 63 13
100 40 12 87
51 33 93 92
61 73 84 94
38 24 65 52
34 69 12 21
30 39 87 78
99 52 82 87
70 58 99 29
74 37 63 36
59 38 63 64
65 67 63 14
100 47 42 63
81 28 17 37
87 89 69 44
19 90 63 59
17 15 53 23
30 78 77 34
12902 10676 9152 7103
93 17 79 16
29 36 74 31
26 96 14 24
65 16 86 54
88 67 16 57
31 21 100 78
15 72 93 26
90 64 100 67
19 43 14 80
25 10 99 41
68 14 15 75
93 64 90 64
52 28 96 73
58 49 24 29
57 32 84 71
56 20 70 25
86 100 68 89
59 61 56 34
54 12 80 63
38 54 58 100
33 26 91 24
29 83 98 57
14 74 34 64
38 20 59 99
84 37 81 28
22 95 65 15
66 77 72 35
12 15 76 29
78 52 50 60
65 72 42 94
66 77 93 10
36 54 27 62
49 62 22 53
17 52 32 30
49 89 48 45
64 50 55 71
12 98 61 69
86 67 86 94
48 64 81 15
31 22 43 81
72 64 49 91
64 36 75 59
31 52 49 58
17 30 34 18
38 26 43 86
27 67 61 55
75 12 90 83
83 14 84 75
94 67 22 88
52 62 24 45
48 52 19 39
47 43 76 27
89 47 75 51
20 55 42 66
22 84 42 94
36 10 24 13
58 86 80 89
27 20 66 75
56 87 53 49
12 49 55 18
12 98 80 28
47 24 44 33
19 11 55 58
50 96 86 48
37 27 46 76
78 16 35 13
73 89 48 34
61 27 34 82
98 90 91 29
72 79 18 36
51 35 12 65
48 17 50 85
22 77 32 33
26 19 35 54
99 40 70 78
40 83 83 52
99 94 91 12
25 57 17 18
53 49 33 30
65 99 22 88
23 43 56 89
88 69 13 11
93 48 52 60
27 73 75 21
34 26 87 17
10 91 86 65
32 64 91 14
78 14 42 54
25 48 48 83
55 66 83 28
56 63 83 95
17 73 11 77
57 13 61 19
89 52 62 93
14 87 79 70
16 38 62 19
28 64 87 47
10 22 11 64
51 94 72 56
92 33 13 18
13286 11461 9198 7165
51 23 81 60
95 52 64 35
70 37 94 47
86 63 30 31
42 30 23 95
82 99 98 79
16 95 56 29
13 34 23 39
98 84 61 79
71 33 35 32
67 46 66 89
24 61 96 51
79 74 53 84
97 61 57 75
90 50 79 30
75 78 91 12
76 88 25 90
27 85 32 93
94 39 45 15
97 52 46 68
74 77 57 81
90 87 71 34
85 54 15 56
21 10 45 74
61 69 35 33
86 42 69 14
80 94 91 62
48 50 19 12
61 37 75 28
20 19 30 80
40 60 46 62
37 34 67 59
12 79 60 10
38 12 51 89
42 85 31 30
34 75 71 76
48 70 98 45
35 32 43 60
92 45 27 25
97 47 44 25
94 96 90 27
29 31 40 93
93 29 77 69
71 48 72 36
71 51 88 26
63 28 80 65
26 90 41 90
52 12 77 80
82 21 66 58
75 27 29 16
59 15 34 65
67 93 30 24
14 21 81 73
39 14 24 49
28 75 12 64
82 92 27 98
88 84 75 99
58 32 15 49
26 20 82 86
52 97 86 42
26 61 53 12
29 64 34 70
63 74 32 18
69 87 57 52
88 57 78 72
77 82 77 32
74 28 18 14
33 70 76 35
39 89 22 74
88 67 27 57
31 15 59 34
90 12 14 64
68 84 96 58
37 17 48 43
84 21 89 43
21 82 80 92
68 29 24 28
51 25 16 80
65 55 97 50
80 58 100 86
55 60 83 58
86 51 81 90
78 20 32 43
23 41 81 42
82 41 33 46
59 20 23 57
14 34 49 31
75 92 89 29
28 63 73 12
86 35 17 99
91 43 73 24
39 75 82 28
37 29 39 15
86 68 55 84
97 76 27 37
17 32 52 28
82 15 60 90
27 63 89 26
20 64 39 81
90 21 11 46
13682 11003 9258 6784
64 22 81 37
11 73 17 73
11 54 43 23
83 39 79 11
87 82 47 32
79 30 35 99
66 32 57 100
92 73 72 63
71 20 47 33
99 75 68 100
92 69 47 73
83 96 55 99
73 29 80 62
88 37 65 23
91 47 64 89
86 45 20 32
67 50 15 18
99 84 64 47
11 40 41 79
64 14 67 19
66 40 27 29
73 92 49 30
87 88 23 21
36 88 66 25
51 58 63 37
15 90 48 57
39 23 86 78
77 10 43 75
61 93 79 93
23 59 96 33
57 72 20 21
76 12 15 71
51 25 33 99
68 63 25 33
100 40 32 14
19 62 14 17
69 62 78 91
94 66 39 83
34 65 11 35
54 80 86 68
23 41 35 19
10 65 94 53
82 42 87 32
18 69 19 31
18 71 36 18
72 73 35 62
91 59 90 31
45 56 97 88
10 93 90 10
42 21 24 99
94 15 91 49
79 63 99 99
57 98 32 63
33 65 37 13
52 43 66 89
72 49 94 99
73 13 44 77
98 28 65 56
27 60 36 85
71 21 25 50
23 10 47 42
39 11 96 26
91 70 97 59
79 28 80 51
19 39 66 87
49 40 96 64
62 13 89 98
100 71 56 34
75 47 71 38
37 44 32 88
82 70 25 73
39 17 58 11
51 44 63 78
35 57 47 61
71 99 76 78
75 18 64 98
68 97 73 28
61 18 38 53
99 54 78 45
96 76 13 58
75 17 24 100
48 27 54 70
53 47 40 35
38 57 97 95
62 45 69 92
92 92 61 69
36 15 83 98
26 83 80 38
80 65 11 47
60 40 77 35
22 97 52 95
16 97 86 23
38 57 46 13
75 33 64 40
31 17 15 78
32 100 57 82
87 17 79 45
51 80 57 26
60 18 49 52
40 82 90 51
13288 10375 8839 6766
69 29 72 68
69 60 34 90
32 88 63 65
39 58 55 42
17 51 53 27
51 64 66 54
36 74 38 80
50 29 82 82
19 35 45 24
75 69 85 78
46 10 100 19
97 28 90 68
47 73 95 31
12 81 85 41
20 46 43 82
71 14 45 23
52 94 91 14
36 74 92 42
61 49 90 17
27 50 40 59
60 86 30 32
91 15 25 99
41 30 90 25
41 45 60 82
36 31 40 67
68 43 31 35
76 88 71 32
15 30 84 27
59 46 91 49
46 15 92 79
45 59 50 55
96 70 19 67
79 51 66 88
88 84 82 55
17 85 65 55
83 61 67 63
29 56 86 50
83 59 48 66
95 20 87 47
70 80 24 48
42 57 83 63
33 50 72 88
41 90 58 29
87 30 90 21
17 90 49 62
69 57 52 63
63 100 12 78
22 30 88 46
39 60 63 42
44 32 18 38
22 71 72 62
46 54 11 45
49 70 11 99
72 72 72 40
51 90 99 38
79 36 35 33
90 10 61 33
45 31 63 40
82 67 68 93
27 60 64 57
60 78 74 21
10 72 60 45
30 42 60 77
56 56 68 14
11 67 44 10
79 55 54 39
67 41 71 10
59 27 33 66
70 46 38 19
31 48 95 43
76 92 43 90
32 65 92 58
56 16 26 87
60 97 34 73
15 68 75 81
65 93 68 46
91 100 69 68
97 13 11 66
72 96 13 43
27 28 19 38
79 15 82 46
76 10 45 24
40 27 51 74
78 93 86 91
60 55 73 22
56 63 83 24
48 83 68 74
86 20 89 14
90 85 82 51
53 18 57 37
22 78 32 96
82 66 97 85
53 45 58 47
90 33 76 54
36 93 82 46
32 93 26 33
51 79 43 82
30 53 81 40
71 71 94 20
69 36 89 96
13267 11308 8343 6409
32 89 67 93
90 32 50 60
65 77 94 31
36 43 36 56
17 40 10 73
45 32 67 76
62 82 83 25
68 19 49 87
16 89 87 32
50 22 39 68
89 73 37 79
88 13 35 10
14 98 15 83
96 10 81 43
58 57 78 76
95 30 69 41
63 18 96 20
67 61 98 52
93 56 59 77
21 36 87 89
92 70 45 62
37 41 91 23
60 86 12 58
22 22 43 70
45 40 81 99
53 14 29 54
66 65 19 45
15 72 27 10
21 73 44 73
75 27 73 34
75 78 81 44
77 61 93 95
13 66 67 96
15 39 33 74
44 91 78 86
72 15 35 26
37 64 69 65
51 97 16 36
25 91 34 40
51 57 72 49
53 81 62 46
33 13 57 20
15 75 63 32
100 91 28 53
45 30 39 28
28 15 57 40
40 42 71 24
76 44 47 23
42 48 56 63
86 28 88 22
46 88 36 51
63 42 72 89
91 88 47 99
81 50 39 25
92 18 79 75
24 31 41 93
90 66 57 52
79 48 19 27
96 62 99 69
35 11 36 45
88 65 90 15
77 39 39 38
99 63 10 43
27 25 82 52
10 99 98 63
39 51 81 60
74 68 97 19
65 52 48 40
31 16 17 71
91 94 57 49
73 50 71 78
83 80 94 51
37 20 20 98
61 62 59 47
48 58 49 80
82 78 60 77
55 89 10 44
69 91 57 89
53 63 100 52
60 59 72 51
87 10 22 21
46 15 41 28
79 45 61 74
88 21 91 41
18 66 87 35
15 64 49 14
62 71 53 93
18 58 19 79
62 22 34 46
53 93 48 36
76 25 49 15
61 62 44 42
16 16 96 11
69 36 60 95
46 20 45 63
52 16 13 88
38 15 40 19
36 11 12 28
30 19 92 88
65 82 71 66
12093 10056 8145 7201
37 89 42 97
38 24 82 61
11 16 52 46
83 96 57 43
97 24 96 23
88 100 10 74
51 99 33 54
73 94 60 33
25 72 80 25
15 49 97 24
10 94 100 37
94 85 85 52
93 59 56 40
10 81 58 71
62 96 69 72
99 81 62 47
55 98 63 74
52 23 80 95
30 14 73 18
48 20 60 38
10 51 42 86
40 47 65 17
62 97 84 55
13 99 75 23
64 15 88 52
35 57 69 24
68 55 68 22
55 90 73 34
77 91 100 99
45 82 29 38
49 68 90 73
42 28 37 44
52 93 94 18
62 32 10 87
34 28 84 96
77 16 76 20
36 42 12 40
31 60 74 68
12 53 95 77
50 57 62 84
43 59 81 68
65 27 61 57
43 26 20 20
89 45 23 78
37 51 42 54
96 100 78 66
15 32 54 79
98 49 31 93
34 11 30 84
36 12 38 10
32 53 77 98
51 86 19 69
77 30 99 15
62 15 52 47
77 15 12 29
40 100 72 72
22 38 39 45
37 51 99 90
27 78 67 64
40 94 38 56
96 12 53 47
32 31 54 37
68 33 59 41
17 21 75 40
48 47 75 98
36 40 97 13
99 37 99 81
46 43 87 50
51 78 86 54
98 73 37 27
60 98 34 85
46 93 40 38
98 41 95 76
19 49 22 36
35 52 79 52
85 80 38 85
50 91 57 98
44 20 91 71
33 62 66 60
13 34 83 65
26 47 72 55
87 93 15 24
38 61 68 82
44 22 99 98
63 72 56 18
26 11 31 56
75 79 11 30
42 73 76 42
23 67 49 16
65 70 94 36
32 47 13 44
86 97 20 25
55 13 44 10
72 91 50 51
66 23 29 50
48 66 35 48
79 62 11 78
27 81 11 28
13 51 15 56
27 19 19 40
12474 10715 8750 6104
43 75 52 51
28 29 26 54
39 82 35 90
96 74 51 49
22 68 34 33
91 53 65 98
69 36 97 79
36 78 47 64
79 55 66 55
59 84 92 72
73 96 60 20
76 31 75 28
23 27 28 61
47 17 51 20
11 11 53 79
75 92 67 46
29 92 37 58
42 32 85 61
100 48 64 27
15 13 42 83
29 60 98 61
67 70 83 14
41 96 50 49
33 31 40 51
18 11 62 78
12 33 64 75
93 51 45 88
98 22 45 54
60 74 12 70
54 98 83 30
42 60 65 93
43 53 38 10
80 41 52 29
53 19 90 48
52 93 66 51
66 50 54 41
73 99 77 18
99 95 79 10
99 22 37 79
32 47 32 56
100 26 57 16
28 61 85 63
68 26 53 91
44 56 36 65
42 20 100 41
45 18 76 45
59 90 19 32
25 44 68 12
32 96 89 50
23 70 57 92
86 60 85 78
46 87 84 78
10 16 51 59
88 56 97 90
38 73 98 33
38 37 58 33
65 41 62 73
11 85 52 75
15 50 41 100
79 45 25 67
25 99 50 35
79 31 10 49
73 37 43 71
70 11 51 26
58 87 92 70
99 49 53 21
29 69 11 70
96 52 100 48
39 83 69 76
86 94 31 19
78 17 56 33
42 30 22 94
46 96 74 72
62 41 85 87
96 63 36 90
100 44 49 74
14 19 11 24
55 45 86 27
68 97 11 55
80 36 15 57
29 15 20 63
10 24 35 85
67 78 18 54
69 21 32 58
54 47 87 54
32 50 43 34
39 15 58 95
69 33 29 37
22 62 42 25
63 63 17 32
14 63 95 73
23 68 63 87
29 52 75 80
22 44 58 20
61 37 68 49
46 55 88 75
77 26 84 48
53 99 81 53
37 27 84 83
52 38 29 37
13023 11271 8312 6384
99 37 63 25
81 63 20 51
40 45 26 84
23 48 63 56
15 37 12 62
67 76 58 65
27 59 95 62
32 22 35 95
93 30 27 20
45 39 62 46
79 15 80 84
47 94 13 61
72 10 35 84
85 44 97 54
99 49 99 43
89 98 27 73
24 25 93 10
96 82 37 79
94 92 30 39
91 84 73 73
17 80 67 69
91 79 98 19
62 45 48 73
64 79 79 84
30 100 40 74
20 100 98 54
55 67 36 58
34 85 32 55
17 64 21 62
15 70 72 13
32 19 86 90
26 21 24 73
49 79 98 58
94 82 27 13
68 31 39 23
40 18 36 26
10 10 10 24
37 44 19 20
79 93 15 88
16 68 10 54
15 24 30 87
66 94 82 31
17 19 61 94
58 55 35 46
64 84 99 80
49 26 49 40
51 35 24 39
24 76 89 66
86 90 70 76
53 94 16 74
72 28 35 81
33 38 41 14
80 97 70 78
52 38 55 10
97 59 48 91
39 49 78 46
48 22 27 16
21 82 74 40
57 45 46 99
61 78 51 12
23 11 93 33
69 45 84 67
40 14 76 51
14 76 63 52
77 40 55 38
49 74 87 90
58 32 59 46
64 31 72 20
28 31 60 17
68 52 46 67
50 82 91 53
69 98 48 78
96 54 83 67
65 38 93 42
94 85 49 90
63 19 61 43
19 78 58 50
35 78 74 41
11 25 50 76
18 44 79 57
79 14 41 89
62 55 30 40
31 40 68 79
69 71 94 42
77 31 56 91
41 36 18 11
99 14 100 25
83 89 86 53
48 28 76 38
23 75 88 25
55 91 38 65
91 75 82 77
58 42 36 19
26 50 42 19
79 28 25 60
73 99 61 53
13 42 79 53
53 40 95 52
13 13 79 74
92 21 57 20
12847 10903 9217 6379
54 90 72 78
24 14 93 36
55 67 79 33
70 98 83 92
71 31 23 71
77 86 59 63
87 54 99 59
90 74 43 63
32 67 10 41
75 52 61 24
95 22 74 42
61 37 42 77
34 27 24 70
78 12 38 37
13 72 46 93
39 65 86 67
41 17 72 67
10 29 76 68
12 77 24 70
59 94 40 37
91 55 90 75
88 18 94 53
27 55 86 10
37 90 23 58
27 93 56 48
26 69 95 69
72 12 92 50
37 30 94 43
31 49 90 64
52 10 44 60
66 47 49 99
65 85 17 58
41 47 32 34
93 41 56 73
40 88 92 62
26 65 36 89
94 88 10 47
72 29 94 65
75 81 100 54
19 98 82 89
11 90 39 92
72 74 78 93
76 26 27 31
28 73 98 98
47 25 75 93
46 47 65 86
10 67 95 35
22 69 37 26
100 75 94 94
74 22 60 55
85 69 94 23
95 39 12 100
64 55 16 44
65 33 41 76
55 96 30 64
75 22 98 85
66 57 25 93
60 56 73 12
16 39 12 69
83 55 60 91
58 33 89 50
36 97 31 95
67 97 92 97
25 59 60 27
67 68 76 44
75 43 37 13
88 22 83 75
77 66 27 28
62 36 71 71
82 11 99 48
82 67 31 100
17 67 10 89
95 99 50 15
19 69 12 83
88 54 70 62
89 53 88 98
21 78 92 100
90 47 74 17
37 69 68 72
36 99 81 44
69 62 36 50
99 86 51 13
24 42 64 37
43 30 69 74
64 13 59 97
13 45 30 14
72 30 69 64
40 99 89 51
20 10 43 76
39 76 15 63
28 62 58 48
43 98 61 82
87 22 78 100
65 63 59 10
75 97 67 10
33 42 38 32
57 19 86 29
39 68 92 54
83 55 60 40
82 22 57 78
13283 11099 8103 6818
55 95 22 72
66 100 80 50
28 50 81 10
49 57 82 57
33 43 10 53
57 89 37 33
93 94 99 60
33 33 76 87
87 86 79 97
12 64 54 85
37 35 93 93
87 67 13 35
55 71 23 47
40 54 37 66
94 15 66 50
16 10 13 27
30 71 58 60
63 73 81 92
53 11 74 51
50 22 32 62
26 83 35 29
32 97 25 81
57 95 56 32
39 28 69 97
82 65 57 74
70 79 22 13
12 81 45 51
13 58 93 83
34 13 63 60
86 38 84 39
74 37 49 87
85 78 52 21
59 58 74 65
35 55 93 91
96 18 96 20
42 55 20 51
50 92 12 11
24 78 54 53
33 49 88 38
48 13 52 95
31 44 14 58
86 100 64 33
98 41 39 47
82 57 97 80
13 65 20 51
88 64 99 30
76 81 39 25
50 21 72 69
13 60 11 47
61 11 94 30
43 52 64 28
77 56 75 31
70 63 70 93
88 33 65 22
91 74 35 25
55 79 40 92
72 58 96 60
61 11 69 18
89 22 17 98
85 30 42 35
38 65 38 70
44 82 36 20
31 38 52 74
27 100 27 75
21 36 66 70
51 97 91 21
57 60 98 69
21 32 23 89
45 11 58 20
19 77 22 21
89 98 69 75
91 26 41 16
30 16 56 10
88 43 63 84
23 19 58 97
37 51 53 29
52 59 10 40
30 49 23 64
88 85 24 97
96 69 43 39
100 23 84 65
80 67 10 86
21 63 30 49
77 15 36 28
93 33 91 66
66 63 48 28
30 57 22 46
24 43 19 57
24 34 70 13
39 40 61 21
39 60 76 43
59 29 31 31
80 58 60 77
88 66 63 44
30 97 46 65
94 73 53 57
38 54 24 69
90 97 22 18
11 99 94 10
83 91 61 73
13082 11185 8751 7458
11 69 73 91
49 69 92 16
28 33 47 45
90 21 78 57
75 58 78 99
84 97 71 79
63 80 92 52
49 27 31 79
47 58 75 88
62 34 66 54
86 84 35 40
90 98 17 66
46 72 39 35
26 98 42 62
60 17 56 49
96 54 93 26
80 59 53 91
66 100 94 18
91 99 34 100
78 73 55 53
48 63 75 61
42 49 80 98
71 39 96 41
75 21 82 43
68 14 25 27
65 20 55 88
35 81 87 49
77 79 89 79
35 80 52 32
12 53 90 56
21 79 21 39
71 93 75 80
37 31 13 66
76 43 80 86
87 89 72 87
55 51 41 34
71 22 100 25
76 35 50 26
65 37 47 51
80 50 58 44
91 30 55 82
96 17 100 100
60 90 37 36
84 45 27 47
44 12 29 16
68 69 24 51
89 98 44 71
79 39 89 66
31 96 91 11
89 41 62 46
69 63 57 79
12 53 64 82
72 20 31 17
83 35 83 64
68 37 97 100
61 71 59 66
44 57 100 58
94 18 75 34
62 21 25 75
62 53 86 47
86 16 59 85
36 97 16 52
56 29 60 67
43 67 42 20
51 14 56 45
21 71 10 53
51 87 82 53
72 74 24 11
43 96 78 46
23 46 40 66
30 14 40 62
25 40 43 60
73 62 12 58
12 18 14 27
82 83 46 86
74 100 64 52
95 72 51 12
44 92 24 82
94 26 57 71
88 43 55 68
60 86 60 20
54 33 42 49
55 23 19 31
20 29 92 83
75 34 90 34
43 33 66 58
75 46 51 75
76 92 58 94
48 38 31 18
21 85 50 88
36 59 61 65
94 40 10 68
79 63 91 64
81 18 66 85
67 56 93 67
40 37 74 37
34 19 60 89
21 25 45 14
59 25 64 73
26 43 94 17
13242 11053 9216 6626
100 16 21 93
81 19 50 87
58 11 69 89
34 56 30 51
59 69 40 40
79 64 61 49
76 89 18 25
36 39 96 95
33 81 73 30
56 19 19 95
77 78 78 89
69 22 99 45
84 77 88 41
78 93 36 94
69 76 17 90
76 68 33 42
36 100 19 12
100 77 10 96
54 14 80 55
71 69 50 29
30 22 83 86
27 27 16 19
45 13 88 53
37 22 43 34
45 39 29 66
48 92 75 14
92 47 82 100
26 14 75 88
43 42 62 44
36 33 71 38
65 60 66 67
59 88 15 84
51 52 36 71
61 51 21 85
60 21 83 58
75 48 68 30
41 50 55 18
98 85 80 69
79 31 42 15
19 83 39 95
24 17 41 59
66 90 56 17
30 100 86 60
80 18 22 44
54 21 34 12
87 97 23 60
72 20 54 13
26 53 40 99
96 75 77 76
11 95 14 12
20 95 10 72
15 74 96 42
76 79 99 50
89 96 69 13
38 83 28 58
25 100 96 100
69 95 74 61
14 20 71 54
69 96 86 76
92 22 40 63
13 27 40 87
16 17 51 57
77 31 57 69
78 98 34 52
93 75 97 99
53 58 86 78
74 82 34 48
18 72 30 85
88 70 55 28
53 95 51 50
66 48 10 45
15 47 63 16
78 91 55 94
41 39 69 52
82 25 45 19
43 21 23 10
99 68 40 55
75 87 17 75
68 78 98 73
72 36 18 96
51 94 59 80
55 47 44 21
29 60 45 96
18 99 69 99
62 61 17 57
11 67 11 32
66 73 98 84
85 30 16 65
13 39 75 87
68 31 87 31
12 32 96 63
42 25 75 24
36 82 23 70
42 31 17 23
29 63 88 95
73 44 84 88
15 32 77 17
73 38 19 26
60 65 61 53
53 72 43 40
