20 250 4
1 1 1 1
102 149 208 250
27691 20960 14980 9707
23 20 54 32
47 44 21 27
33 76 57 82
59 61 35 81
27 17 28 80
81 45 58 13
36 74 32 94
40 64 87 73
72 54 21 27
83 57 53 80
69 87 31 58
57 22 22 66
96 24 62 93
70 26 95 64
39 82 95 92
19 67 45 27
26 28 51 78
53 43 36 55
90 88 59 78
80 74 32 32
37 21 17 14
94 23 63 48
23 36 87 25
69 83 30 39
68 62 50 41
77 55 92 86
37 36 17 56
32 12 76 87
68 90 77 55
95 86 91 80
14 85 10 97
49 47 98 55
61 73 15 22
16 29 61 85
33 66 53 66
38 47 63 55
77 90 31 64
36 12 22 44
52 41 15 14
14 85 51 89
98 99 82 63
82 17 24 59
78 47 16 10
69 46 83 35
87 44 27 16
61 83 65 68
32 95 86 62
65 66 24 72
34 95 92 88
64 43 47 74
98 84 46 22
72 16 47 14
97 80 22 92
68 89 79 51
39 50 95 35
23 70 30 64
80 98 14 54
30 93 17 76
80 83 76 69
59 53 19 74
25 38 41 27
24 16 73 27
90 33 56 47
17 80 89 11
51 85 65 26
24 58 40 31
86 31 90 88
54 37 28 83
16 89 80 76
85 65 62 32
62 65 13 65
24 13 28 56
29 61 30 73
59 10 56 40
94 96 67 51
10 24 44 27
26 47 97 31
69 44 23 88
65 31 89 43
90 92 74 96
67 29 71 72
48 73 79 98
66 43 24 71
75 74 63 92
51 57 88 87
64 63 41 49
55 89 82 79
13 12 51 35
82 28 76 43
30 31 10 14
63 38 31 83
75 15 25 37
51 31 80 75
45 84 61 43
94 22 86 85
65 39 23 76
27 27 75 80
67 71 77 38
59 58 67 15
51 32 79 75
92 77 26 60
60 55 98 31
70 40 57 90
98 95 69 95
42 92 85 86
83 56 49 37
16 23 46 25
35 81 87 12
76 28 83 87
10 15 57 71
83 20 91 10
35 97 79 52
25 97 54 25
27 73 99 41
43 45 33 72
80 63 73 73
50 72 32 88
96 27 45 81
85 63 64 64
44 75 53 78
60 35 47 67
99 60 61 46
81 68 37 97
57 44 98 27
66 18 66 60
44 47 53 99
80 90 14 24
68 83 87 38
64 56 39 98
98 58 81 50
21 32 96 76
20 80 13 60
41 24 33 44
49 29 20 68
28 19 100 71
23 95 55 11
94 16 13 86
63 30 98 26
81 83 13 23
42 73 43 86
37 32 32 96
41 11 55 45
71 50 51 97
100 14 13 90
73 27 41 23
90 44 75 23
97 23 75 56
42 97 10 30
83 42 34 67
49 87 69 31
40 71 10 12
89 59 12 71
39 30 89 95
24 14 80 39
47 68 79 18
63 88 37 48
20 100 13 85
83 82 28 54
87 48 26 80
88 87 31 89
14 89 100 55
65 67 62 66
71 99 40 20
87 37 22 24
60 27 65 28
91 72 10 70
100 11 25 90
63 56 31 41
80 33 32 24
59 33 33 45
54 90 54 49
29 29 30 37
100 29 93 50
74 16 22 67
94 95 54 16
48 78 79 80
40 50 98 48
86 59 43 97
51 59 59 91
33 61 66 27
66 69 35 62
58 25 83 27
76 18 88 70
11 77 67 90
37 39 53 35
96 67 95 93
70 28 30 75
63 99 28 94
26 11 34 46
11 19 30 51
85 27 61 25
35 12 20 21
25 20 34 55
26 88 98 87
26 100 77 61
95 78 94 27
27 29 97 18
58 95 98 14
73 47 41 34
99 16 94 100
19 37 47 40
92 18 84 61
17 74 92 16
64 99 75 18
37 16 19 92
17 20 68 14
57 80 71 100
18 88 16 66
93 97 84 77
37 82 46 60
88 21 70 35
68 48 41 66
72 44 25 57
16 71 37 43
72 74 30 66
46 82 75 35
42 23 23 87
41 18 97 62
38 34 68 96
23 75 38 39
24 27 89 24
21 14 27 52
21 65 20 80
30 38 24 73
59 82 67 17
32 69 46 64
73 45 38 17
20 67 28 23
68 64 40 24
53 77 63 86
90 96 78 25
35 14 87 49
53 24 76 53
82 12 73 34
49 83 20 23
50 19 91 88
28 35 79 15
57 62 98 44
97 53 26 58
28 35 34 28
31 82 73 22
94 90 81 24
47 44 52 46
18 28 62 97
23 29 76 64
30 82 12 23
64 22 64 36
37 73 80 28
71 85 68 51
76 18 22 60
26588 20398 14670 9424
72 47 17 83
41 63 14 19
34 98 55 32
27 82 98 12
56 92 47 56
15 30 41 38
85 20 46 83
85 47 40 37
60 10 45 96
55 11 91 37
97 86 94 49
23 53 62 38
69 78 12 87
55 77 53 18
26 89 37 10
69 49 98 81
87 64 32 98
37 78 54 47
36 24 20 28
22 64 58 20
95 62 11 69
66 50 84 80
57 54 36 80
11 10 18 79
50 45 12 24
62 92 60 33
86 84 92 36
44 17 20 19
94 34 14 66
41 88 18 37
78 32 14 19
43 97 15 57
25 14 87 90
74 77 43 56
50 23 21 91
89 90 75 70
40 70 40 35
36 70 49 12
63 13 80 63
27 92 100 94
11 34 12 56
14 85 15 21
65 17 62 57
42 90 72 66
11 81 81 46
45 67 93 82
29 93 30 100
37 45 89 74
12 94 63 60
94 86 42 79
52 15 24 43
41 29 94 38
97 12 73 37
14 46 61 42
66 28 65 57
52 42 60 18
57 89 56 87
76 92 23 67
19 55 76 34
84 51 98 31
29 72 77 78
52 17 60 10
61 79 16 71
29 71 15 92
75 87 55 25
22 81 54 49
23 89 69 47
92 91 17 36
60 61 33 77
63 83 11 70
58 76 82 42
56 25 62 12
97 15 72 61
49 43 20 69
10 28 39 84
95 43 59 59
57 67 57 54
40 29 87 50
71 16 77 20
32 38 30 56
43 75 56 24
99 21 95 99
37 32 91 56
77 71 34 49
56 90 24 100
54 21 48 91
52 66 73 29
22 15 64 83
35 97 49 43
81 64 74 44
51 63 25 63
15 14 91 67
34 29 78 100
77 16 49 97
82 43 86 76
25 57 45 69
35 70 53 75
20 50 27 84
11 49 49 93
23 61 52 73
22 56 77 91
66 33 11 55
25 98 30 55
46 77 74 27
67 77 63 69
35 41 69 23
95 91 61 20
66 72 27 27
22 20 71 10
81 47 86 66
43 100 21 53
17 95 69 11
37 95 49 91
39 12 86 18
57 24 71 17
14 95 35 95
13 88 42 12
45 48 22 31
24 92 71 56
81 52 81 34
24 71 42 21
62 88 98 16
49 80 47 67
59 83 79 44
61 19 66 79
57 43 31 29
57 63 76 74
70 80 78 58
90 86 23 20
30 56 25 94
14 92 45 13
13 39 52 74
84 39 18 48
89 57 91 27
22 75 93 21
37 11 95 26
95 11 29 53
28 34 81 91
31 80 49 89
22 50 40 48
41 90 100 64
82 94 10 94
28 66 22 63
34 11 36 41
68 26 14 20
20 39 15 81
97 96 94 35
41 55 44 68
24 61 51 88
73 77 91 36
44 23 68 19
43 90 83 13
96 54 55 89
52 71 86 80
39 88 21 73
99 77 15 22
67 62 39 16
79 57 60 34
40 64 92 61
12 94 65 29
98 64 16 53
84 20 78 73
85 19 10 51
40 52 71 81
41 86 99 100
79 10 42 92
65 50 17 10
12 95 99 88
23 85 78 99
68 17 20 59
72 65 47 100
41 75 100 28
43 55 51 47
32 21 68 15
68 17 16 53
62 87 21 48
20 12 90 19
89 54 83 13
81 42 29 32
51 63 60 56
14 69 57 26
42 51 70 34
28 95 82 95
37 44 64 37
44 98 77 18
65 65 60 56
45 36 59 49
34 63 66 75
87 73 45 58
36 94 88 51
94 76 97 48
11 64 85 77
11 33 99 89
77 20 92 74
76 61 96 89
80 65 51 24
70 99 38 43
96 45 16 12
71 31 24 92
61 55 73 52
80 82 41 78
32 24 97 60
39 91 13 49
86 60 41 97
42 65 100 31
67 16 70 72
91 31 96 78
91 28 97 48
68 76 79 67
75 91 98 76
61 97 10 42
40 54 35 87
37 23 49 88
13 94 25 31
20 34 99 83
50 10 39 37
34 75 66 62
90 52 96 39
84 52 35 66
49 49 27 69
56 16 85 18
96 88 74 50
98 36 97 92
56 87 83 97
37 26 75 30
78 30 92 93
83 79 48 32
85 43 46 99
83 97 59 53
61 85 88 37
90 17 27 58
21 17 77 73
58 85 30 74
12 89 80 97
35 86 41 44
49 39 34 96
91 96 80 52
71 11 26 100
88 66 100 32
37 75 45 96
59 96 53 100
15 26 51 25
20 20 89 81
34 10 95 56
90 59 94 55
91 65 51 95
77 19 45 43
12 38 21 14
22 80 77 91
50 81 49 65
26727 20843 16076 9579
25 58 19 76
76 47 18 47
44 23 49 72
27 68 62 87
66 88 46 15
31 15 93 64
45 27 94 40
24 61 19 94
40 10 54 52
55 84 23 62
73 78 15 39
68 73 70 53
39 23 38 62
65 32 40 80
36 60 95 47
54 53 42 13
94 14 25 55
96 93 54 20
26 73 32 53
46 18 61 90
88 63 23 69
50 71 95 63
93 68 79 81
72 86 54 50
26 47 28 84
98 64 47 92
38 78 45 87
10 25 42 42
12 69 57 96
69 33 18 25
83 99 78 24
23 23 24 69
20 14 96 62
56 33 27 94
10 24 45 59
72 34 63 13
93 89 89 57
100 88 31 56
100 70 23 30
41 59 89 15
83 82 88 58
78 41 18 12
57 39 25 18
98 48 75 74
15 23 96 27
97 81 90 95
50 84 48 36
13 69 86 90
20 66 84 42
20 53 16 47
29 16 92 99
31 59 88 49
83 20 77 16
46 24 51 57
29 89 80 38
71 57 55 40
69 11 32 64
40 53 100 94
11 55 100 11
18 88 27 56
17 56 11 63
17 80 44 16
98 92 28 64
43 84 46 18
91 12 85 74
69 96 61 89
68 21 37 31
93 99 60 63
20 33 48 59
84 51 13 23
35 55 29 57
26 77 83 83
61 58 48 90
80 34 60 21
98 31 88 88
24 10 12 40
38 61 100 12
10 51 90 17
69 20 60 67
53 92 34 28
95 56 64 57
36 56 100 97
88 98 11 25
10 75 79 13
96 69 22 74
79 19 36 25
27 73 15 49
26 16 76 54
78 47 86 29
84 45 91 26
26 95 54 35
51 84 93 73
42 81 16 97
72 61 35 72
17 67 76 99
37 24 22 64
99 100 75 78
76 28 43 69
36 29 39 27
12 52 53 51
64 55 66 68
35 62 10 48
36 76 53 68
35 66 37 63
34 43 42 44
17 12 84 100
99 72 81 90
58 77 44 92
75 84 91 27
82 12 17 44
97 24 41 100
36 30 42 99
78 35 44 84
88 25 83 44
16 14 37 33
43 22 42 17
11 60 75 36
76 11 50 48
81 24 29 15
60 39 46 55
95 34 15 57
96 35 82 89
50 75 86 73
72 71 73 21
51 82 30 41
71 54 63 53
94 63 94 77
40 13 43 96
80 14 71 59
37 72 96 40
33 91 43 87
74 17 38 31
77 38 78 88
35 14 75 45
24 99 12 25
46 95 18 69
77 39 77 44
63 12 52 37
68 39 55 65
98 37 62 13
76 22 26 62
30 43 18 41
32 89 29 14
93 28 11 39
58 61 57 35
55 90 60 92
94 16 12 66
45 50 82 95
21 74 28 98
99 86 90 66
14 67 21 66
48 44 40 55
92 46 57 69
34 12 16 74
47 40 99 82
73 85 46 79
44 24 11 29
46 72 96 65
17 72 82 90
59 78 76 54
25 63 94 64
37 49 35 43
45 10 34 90
15 15 33 73
82 15 56 89
97 86 35 28
96 76 86 86
17 54 73 86
27 22 15 27
85 22 40 11
12 19 48 52
57 55 37 56
51 64 87 60
26 90 39 79
79 17 62 46
99 19 74 69
100 49 31 25
72 96 96 94
63 74 26 44
80 40 98 23
94 23 97 52
72 43 94 21
13 46 48 89
68 66 91 73
41 45 69 29
39 79 15 45
48 59 85 34
79 20 99 40
36 97 14 28
56 72 98 12
71 85 19 61
99 65 78 91
88 96 89 90
91 54 32 100
25 22 82 22
63 59 22 10
22 43 94 28
41 55 42 34
93 90 55 69
42 72 14 65
94 58 100 86
86 77 17 37
84 10 26 66
43 96 93 91
66 40 10 44
55 42 25 47
56 44 97 97
30 86 18 73
18 88 36 52
38 34 54 98
68 45 92 30
70 70 57 32
82 50 100 76
85 35 47 78
55 15 59 51
27 20 54 61
92 56 10 70
71 51 43 66
54 39 79 39
56 42 79 49
99 26 42 22
49 11 36 23
84 62 48 24
11 91 85 63
94 18 88 13
44 41 72 88
48 32 18 46
21 44 59 21
70 77 28 20
16 53 71 25
90 31 94 64
44 12 53 56
60 29 34 37
71 12 64 32
26 82 71 58
76 30 91 67
99 34 55 57
51 12 79 77
54 72 78 86
86 14 99 81
27 85 16 75
64 36 25 32
47 65 75 20
98 78 36 36
43 81 72 29
64 75 41 81
63 91 91 78
49 29 62 62
32 93 51 92
90 36 18 65
26534 20989 15139 10510
23 38 27 45
30 21 10 50
42 21 52 22
79 31 89 40
63 25 94 98
13 72 23 37
31 69 72 20
27 60 99 13
72 96 87 97
49 56 17 68
25 33 74 62
32 89 64 77
67 100 99 75
69 79 29 58
71 84 26 81
61 26 72 52
71 58 43 80
49 28 75 59
76 21 54 96
21 16 87 28
71 59 96 23
89 100 70 30
39 98 88 80
87 33 70 96
50 69 39 52
27 79 69 71
71 59 25 22
89 28 26 54
91 37 96 45
33 88 14 56
45 97 27 93
100 41 16 14
30 96 91 39
52 48 74 56
63 27 56 33
41 98 29 15
85 38 81 40
31 20 37 26
78 40 33 41
57 94 79 52
28 87 65 16
56 33 34 54
87 78 77 62
10 34 48 96
86 37 80 80
10 43 13 54
18 81 40 10
43 33 12 34
72 82 78 31
50 58 90 91
86 13 79 93
53 77 33 56
55 88 41 83
97 30 29 95
37 60 36 26
98 59 48 70
45 63 99 21
86 25 48 83
52 94 21 13
47 37 89 21
59 58 44 12
22 39 54 51
75 32 89 18
63 65 65 84
93 15 61 41
33 48 64 11
76 16 22 59
74 68 87 68
94 25 44 36
27 16 38 79
48 65 12 53
83 91 52 88
29 18 42 50
94 55 27 28
81 68 12 65
47 61 36 57
20 71 30 43
11 53 21 32
86 100 83 23
34 48 40 34
44 67 87 82
80 41 74 91
87 87 55 19
55 74 91 68
15 46 77 26
30 13 63 28
81 35 35 22
82 71 11 89
50 90 49 36
97 23 82 62
63 90 28 21
49 94 70 40
36 67 16 91
62 25 37 88
14 12 57 24
97 41 25 10
55 78 96 92
56 78 32 93
79 29 56 15
23 21 48 84
81 46 74 32
11 94 38 59
56 57 23 21
34 45 79 10
100 69 28 44
16 26 48 53
96 14 34 71
38 40 30 28
34 28 70 60
78 48 14 64
29 81 95 53
27 88 51 56
19 51 41 69
96 17 69 94
41 60 92 18
96 96 22 77
41 56 94 82
96 86 89 26
60 33 34 62
29 87 44 74
98 86 35 30
49 88 65 54
29 40 90 85
84 95 12 60
89 52 98 55
35 88 92 100
28 37 27 33
15 45 56 92
53 56 87 76
67 91 39 67
91 96 23 94
71 57 46 70
100 98 98 31
64 60 95 18
23 22 44 35
37 53 52 15
74 31 91 81
75 39 100 98
29 42 94 100
14 25 67 85
66 45 10 56
40 59 74 76
13 58 85 34
74 97 52 86
45 43 23 85
40 67 92 89
93 26 13 91
89 76 35 86
34 29 15 59
96 68 73 73
98 92 74 43
21 33 67 46
97 41 37 87
82 20 51 89
20 43 35 92
33 50 91 62
15 80 63 34
11 81 22 76
100 41 16 61
33 91 33 95
48 47 25 49
51 10 83 10
54 38 44 53
36 35 65 46
79 54 43 18
15 24 35 67
27 32 85 82
79 84 11 71
36 60 50 15
50 63 11 49
77 27 36 24
90 74 12 58
21 84 55 77
57 75 57 56
92 76 100 16
14 22 73 58
17 21 21 60
66 44 96 39
27 28 41 52
15 17 40 90
83 96 47 43
11 94 23 77
17 72 24 90
84 51 75 13
60 52 48 71
44 61 33 53
39 16 54 53
35 13 11 78
78 53 53 95
38 33 48 57
27 69 11 57
13 82 76 88
11 78 63 77
84 86 14 84
12 43 14 31
65 74 78 35
62 66 13 50
99 23 34 68
25 70 68 53
97 81 57 40
12 16 25 18
45 66 88 58
66 33 36 34
46 23 87 38
11 73 18 50
31 92 17 67
54 83 85 34
57 43 98 97
77 16 23 65
54 75 35 51
58 43 59 22
41 88 49 53
70 70 47 78
62 22 97 89
76 93 35 14
28 93 51 93
56 10 69 12
80 15 30 88
34 39 78 73
98 78 38 91
47 43 54 55
78 31 19 97
16 15 63 25
66 33 54 61
93 85 63 15
56 73 76 52
93 91 43 88
99 70 72 14
81 29 67 90
44 11 28 91
21 59 93 38
24 43 23 39
86 27 91 29
24 62 71 53
93 66 26 37
70 70 39 94
26 36 17 97
86 60 88 76
11 61 11 84
26 23 58 71
86 30 29 88
65 96 16 21
16 93 23 41
84 79 12 88
80 34 58 75
22 79 68 58
28 23 75 55
65 32 69 97
37 51 77 34
82 72 85 91
26032 20014 15232 9862
76 42 47 16
73 59 87 81
66 72 18 29
17 82 54 88
26 82 59 61
18 97 10 80
98 23 77 26
69 91 39 90
23 63 45 26
92 87 25 44
45 28 21 34
34 88 25 45
66 34 24 60
76 73 35 33
32 50 32 34
78 34 81 87
55 30 37 60
58 84 50 64
93 10 39 12
47 83 100 98
87 64 82 28
78 38 77 20
94 91 21 58
90 84 31 12
63 37 96 74
73 12 72 30
14 33 55 62
85 21 88 37
54 47 50 54
62 80 90 26
45 68 42 45
95 42 65 41
41 31 55 77
94 67 23 71
99 89 35 21
19 96 84 39
54 98 48 21
65 68 20 60
37 13 91 46
40 11 58 93
42 31 41 42
43 24 54 99
49 97 47 43
11 63 56 97
82 77 88 71
18 51 50 14
66 43 30 18
25 21 72 78
26 82 23 38
99 58 98 45
86 13 100 49
41 57 34 59
95 76 15 14
26 89 68 69
81 44 78 53
99 47 68 59
69 62 33 16
88 45 53 31
27 83 86 45
82 15 62 49
87 65 63 76
46 79 73 26
62 18 43 36
18 80 81 80
32 33 59 35
84 28 93 88
31 66 78 97
96 21 26 29
69 93 37 38
65 35 88 24
50 83 11 32
21 14 70 25
100 96 81 55
63 74 65 86
62 27 32 27
17 20 43 85
57 69 53 60
32 70 83 12
95 39 60 43
77 13 60 26
63 87 12 47
96 13 61 95
39 84 67 31
65 20 42 73
33 12 67 79
74 96 65 96
70 28 81 18
51 26 30 95
90 14 33 73
12 35 96 14
77 39 83 22
85 86 70 27
97 10 15 61
14 83 82 97
66 46 31 95
94 83 56 39
82 45 81 51
85 89 21 60
57 54 45 80
49 60 41 48
69 59 24 83
52 74 66 26
67 35 56 93
37 91 93 30
77 42 94 70
56 92 30 55
63 85 16 77
31 20 53 92
76 95 54 96
56 45 37 54
56 30 76 37
65 51 96 25
42 53 86 73
23 69 28 70
61 89 23 97
11 41 67 82
47 89 19 100
86 44 28 34
59 13 73 47
14 88 20 39
36 90 55 26
50 19 47 69
35 51 51 53
82 90 86 86
47 55 47 61
71 68 29 99
31 93 43 73
22 86 26 44
100 75 71 37
72 95 70 55
20 88 24 55
81 74 52 10
18 99 62 67
42 78 20 20
54 20 19 91
84 86 53 34
62 94 60 51
49 50 87 55
50 24 90 89
96 82 58 85
19 88 35 26
69 47 62 64
80 61 74 85
94 64 47 55
74 90 57 41
45 84 100 55
13 43 54 14
16 28 62 90
56 43 14 89
10 51 19 43
61 57 81 63
25 15 32 97
38 75 96 85
89 51 99 71
97 58 75 100
99 64 10 65
87 22 30 16
83 69 13 73
72 34 62 39
90 59 56 78
35 25 24 56
24 41 57 15
80 75 67 43
54 18 19 92
56 92 91 80
83 23 88 87
84 33 32 56
85 47 82 25
84 76 57 67
62 51 91 97
46 39 23 77
58 88 50 32
75 95 35 44
40 44 65 53
75 32 43 21
81 60 69 17
12 99 84 100
46 35 40 65
79 16 52 99
81 58 61 56
98 96 13 49
38 81 94 69
33 92 32 85
36 12 18 88
36 93 31 72
55 74 44 37
95 38 65 100
86 91 22 33
29 72 68 95
41 76 40 77
89 16 47 11
16 85 42 99
13 45 63 79
86 63 28 65
47 47 89 30
87 59 69 46
82 30 21 99
71 92 81 79
57 78 89 38
89 64 27 43
68 95 57 89
74 72 47 57
68 25 91 65
86 19 92 20
11 31 45 73
33 83 99 29
41 28 15 96
12 11 41 47
86 75 99 55
65 35 83 27
80 15 76 97
29 90 10 36
28 100 46 13
73 71 43 28
53 54 73 45
31 95 20 26
89 81 64 56
66 19 62 11
97 54 45 97
39 31 77 74
10 67 44 45
46 43 61 48
61 13 10 94
70 23 67 37
25 73 70 51
48 54 42 57
87 49 100 68
23 72 82 14
96 76 63 28
10 88 85 13
28 64 98 98
84 29 55 92
66 69 58 96
26 59 41 78
82 62 14 72
83 25 98 76
30 57 78 41
51 49 36 30
48 68 39 72
49 52 50 31
66 76 32 50
36 66 52 80
88 81 87 13
12 62 54 89
14 60 36 10
31 51 33 58
60 17 67 42
34 95 92 70
25 48 49 29
17 24 92 44
26054 19624 15396 9489
93 27 20 21
48 88 43 60
98 65 28 15
40 48 79 13
63 72 99 27
23 41 95 24
63 81 95 42
82 56 88 27
77 31 17 10
26 98 25 67
59 73 61 18
92 34 66 28
54 60 92 80
12 22 92 87
81 66 68 17
28 21 23 54
35 56 61 26
39 18 89 14
82 32 62 71
85 31 97 80
49 68 38 65
92 17 91 67
96 82 73 79
72 96 23 38
50 93 27 51
25 65 93 89
12 16 98 21
63 67 67 92
33 86 78 49
66 11 97 46
76 60 33 28
59 66 24 50
37 94 30 15
61 46 42 83
22 59 98 34
54 32 79 36
45 100 71 45
19 63 95 20
42 84 31 35
19 87 28 61
64 57 52 41
72 30 48 86
54 30 13 100
93 99 63 73
40 68 56 16
64 88 61 65
90 57 20 23
91 81 68 41
59 60 18 64
97 75 62 26
71 92 84 38
62 10 90 81
13 45 26 20
62 40 68 76
66 26 77 83
47 76 81 83
26 66 93 82
51 100 13 37
50 12 70 100
63 83 56 70
33 13 30 59
67 97 94 98
74 54 54 78
54 50 94 27
82 36 96 35
39 58 80 12
89 27 87 34
45 28 11 97
74 62 31 81
87 77 78 18
78 16 87 78
85 89 82 92
49 76 31 24
95 95 63 71
22 95 99 81
24 20 57 96
23 44 23 40
22 46 67 39
52 84 38 24
24 58 94 78
62 31 84 32
22 13 16 37
21 56 80 79
58 84 49 78
65 78 43 61
35 91 56 10
32 97 20 71
77 33 75 55
96 96 28 56
91 51 39 52
78 100 48 27
30 50 53 70
58 45 77 41
16 34 34 89
46 57 44 52
54 92 37 14
43 99 19 41
39 21 45 11
69 32 41 34
49 67 79 73
86 73 38 75
74 66 77 47
49 18 94 62
50 77 78 51
85 68 33 10
73 61 36 93
71 20 38 75
68 24 62 55
17 39 85 23
65 39 47 19
37 38 89 16
97 16 41 79
55 44 61 50
54 37 79 19
35 97 54 38
68 85 46 98
83 54 24 22
60 19 31 97
74 45 53 35
28 43 40 16
96 90 71 31
25 33 15 28
65 57 14 95
44 63 10 91
41 15 73 55
86 83 32 49
74 55 100 59
56 78 39 63
51 70 89 50
36 52 15 11
52 24 35 89
26 39 60 27
32 50 36 98
48 67 100 30
74 46 21 75
58 33 55 80
62 50 90 87
32 77 52 57
37 82 71 58
42 63 78 27
24 85 81 15
82 78 53 35
20 60 96 13
14 87 73 47
95 18 80 16
58 47 19 52
51 20 62 48
96 91 94 100
62 28 22 60
90 18 15 87
96 38 92 58
43 41 12 54
66 100 12 27
27 71 90 95
41 57 61 84
83 44 43 88
99 57 20 78
17 11 65 75
95 54 82 48
37 100 76 21
79 36 18 50
61 70 62 19
31 68 78 74
16 84 17 18
36 53 24 50
69 47 78 68
72 71 14 54
10 49 93 88
76 91 11 84
76 42 19 43
67 14 50 39
89 55 55 47
66 91 93 85
59 92 30 99
93 70 65 50
79 34 90 19
50 21 28 83
62 40 56 77
47 68 56 24
13 96 29 43
84 68 19 82
36 87 25 14
22 55 74 61
65 82 12 51
30 51 86 16
38 60 78 100
20 72 70 79
23 62 65 88
73 42 69 54
22 22 57 47
74 35 97 12
22 82 59 41
73 40 25 59
80 93 19 36
45 58 93 43
90 49 61 71
50 41 82 31
53 50 72 99
81 39 22 70
77 32 69 89
33 83 37 96
75 98 19 25
98 44 57 84
39 39 73 48
21 14 98 98
81 17 87 37
15 13 95 25
35 81 36 30
25 45 99 25
73 95 19 61
11 40 96 36
40 21 61 82
21 11 15 51
36 44 59 21
35 28 68 44
45 29 35 87
76 75 56 94
16 85 62 20
13 52 83 72
25 46 38 56
77 58 35 41
83 86 91 30
16 41 40 82
51 81 87 34
68 62 47 11
90 16 47 80
100 67 47 94
95 16 68 52
36 11 79 20
66 65 46 64
89 52 23 22
18 76 35 53
35 98 45 44
24 78 67 75
83 55 65 79
64 11 17 47
43 27 68 14
24 44 14 54
26 13 59 18
29 45 94 90
88 55 72 23
71 39 79 32
12 70 83 11
75 88 13 64
22 97 40 72
33 29 78 11
74 51 11 37
48 33 59 77
80 10 59 23
48 10 76 75
25765 21412 16025 10080
61 95 34 26
75 95 84 82
99 32 48 72
17 17 42 70
59 75 76 50
16 46 27 15
90 14 47 13
61 36 31 87
10 60 30 30
60 16 76 77
42 30 89 76
53 88 92 21
26 86 11 78
18 20 52 13
95 50 20 83
14 96 66 79
10 43 87 81
10 13 54 74
78 10 82 75
29 83 98 11
16 70 33 60
77 49 26 98
42 99 38 68
39 69 83 58
59 42 20 78
67 67 43 86
12 72 87 26
81 33 100 78
32 72 92 14
59 27 83 27
41 16 75 29
73 24 82 96
94 69 54 61
68 72 12 40
54 74 14 14
28 31 41 75
98 73 78 46
20 53 48 41
98 49 18 28
69 99 50 64
10 80 69 100
85 62 76 12
86 58 21 73
38 30 16 18
55 64 89 27
28 59 87 17
21 61 46 97
59 33 49 22
84 89 24 75
44 10 69 10
32 63 100 100
17 27 10 87
42 75 88 19
96 97 34 70
70 72 43 74
17 27 53 72
91 79 32 48
90 38 75 66
28 54 37 90
97 11 24 56
62 20 78 58
24 93 51 99
44 63 53 78
19 47 88 25
90 86 98 12
72 87 59 59
96 18 60 92
19 54 79 24
15 18 13 49
69 42 72 45
57 83 24 77
80 49 50 36
35 11 84 67
72 21 82 16
79 34 99 96
15 70 55 72
18 73 24 57
17 49 13 91
10 57 98 61
62 94 69 46
52 14 45 39
75 26 51 93
61 26 62 39
43 10 18 84
61 79 80 80
51 19 92 12
48 66 90 56
12 15 60 20
53 49 86 46
86 55 83 88
34 62 24 26
45 97 76 93
24 27 13 35
60 64 21 19
93 62 93 85
45 94 70 22
69 35 63 86
34 45 99 13
35 44 47 99
35 54 19 35
87 43 80 73
18 66 90 29
10 30 99 20
77 38 78 23
35 63 38 75
81 58 45 60
32 81 26 93
99 65 91 80
51 50 20 87
55 63 31 13
30 50 16 44
29 37 94 70
43 66 69 36
75 70 47 69
58 58 55 49
51 43 76 80
88 78 31 42
93 16 82 32
18 13 47 82
72 22 49 63
81 72 15 97
59 94 71 41
85 10 86 61
19 17 34 42
77 94 18 83
99 95 79 86
72 67 31 37
41 15 25 76
97 88 80 53
55 77 73 15
33 82 18 68
45 11 17 28
65 82 51 84
30 96 73 47
53 49 71 30
85 85 33 40
74 33 55 100
44 20 63 69
31 53 24 95
99 95 93 82
99 36 100 96
84 60 52 65
48 72 49 63
24 56 39 33
47 34 30 83
54 24 62 96
92 46 71 41
51 92 71 95
35 76 35 94
43 85 77 49
50 80 26 50
78 13 32 39
98 17 90 84
17 47 98 84
22 90 34 14
70 91 87 47
16 93 68 71
20 50 37 91
62 91 100 44
84 68 15 100
45 35 55 25
47 59 78 15
11 67 100 84
83 71 76 74
26 99 47 23
82 80 22 65
85 64 29 62
73 19 29 68
36 98 67 15
43 39 21 43
62 32 33 87
51 79 37 26
92 85 36 89
47 27 83 66
64 97 16 56
16 51 79 73
40 95 15 28
63 70 33 62
63 36 42 61
28 82 23 92
43 59 39 41
43 48 81 10
72 97 96 48
56 53 92 73
14 16 22 62
83 25 100 64
76 30 74 31
92 55 56 47
95 22 10 95
41 18 50 50
82 99 29 91
55 56 37 60
30 100 37 76
24 35 65 93
50 43 40 30
18 57 34 21
64 77 14 28
72 59 34 54
15 38 56 63
56 95 33 59
54 91 65 16
92 97 65 87
51 17 59 76
99 37 25 46
16 95 45 63
93 18 68 34
39 91 76 77
46 51 88 43
45 82 20 71
80 91 55 23
26 88 89 87
69 43 74 74
24 44 61 51
62 71 48 32
13 48 18 78
54 56 76 37
64 77 14 32
98 65 40 65
85 56 87 32
12 35 67 38
71 81 17 70
24 86 96 88
94 74 12 66
98 33 28 93
38 58 68 33
22 96 46 27
21 27 19 28
63 57 24 50
28 43 51 26
44 23 96 85
75 22 79 99
50 95 46 48
37 61 16 12
10 92 37 16
18 32 20 51
86 23 54 41
88 15 76 88
90 17 20 57
44 62 57 41
39 79 97 63
92 94 17 40
48 31 54 64
91 85 61 19
25 62 68 85
28 81 15 58
65 77 23 19
28 60 86 47
22 74 34 92
84 86 76 14
71 27 55 33
26364 20495 15406 9225
76 67 19 30
81 75 45 18
24 81 30 82
56 36 35 50
63 85 48 80
48 44 37 25
50 61 81 65
79 83 91 70
78 33 78 51
57 88 34 47
62 66 41 37
22 34 70 18
97 10 39 51
78 93 16 50
14 91 70 74
98 41 64 13
23 40 72 71
40 64 26 62
17 71 30 26
30 71 63 43
43 61 82 31
58 41 84 40
22 22 75 98
62 32 80 97
89 20 86 75
86 19 66 26
68 84 14 46
23 80 15 29
94 97 77 29
82 31 78 23
78 39 78 60
63 57 47 29
46 92 47 45
67 28 82 73
42 43 62 81
77 47 13 35
69 42 55 36
88 57 79 36
19 38 14 85
53 45 66 69
27 65 80 70
41 42 14 68
85 26 43 80
33 68 40 12
19 72 97 61
80 66 16 22
46 28 48 61
89 12 88 21
52 32 97 30
74 93 97 58
37 46 18 10
98 81 39 62
96 86 87 32
71 63 17 47
20 98 27 40
85 51 48 61
75 71 88 39
82 82 25 88
64 76 16 56
43 21 12 17
74 75 21 81
42 49 28 40
50 71 77 64
69 71 52 12
17 46 72 10
45 69 73 34
30 48 93 41
65 15 13 51
50 23 42 38
73 69 72 26
46 79 79 41
53 63 16 40
38 50 74 45
52 97 100 44
100 37 29 81
24 80 78 57
56 27 17 36
89 24 69 28
41 44 83 35
59 45 95 93
72 89 71 30
52 47 81 84
35 10 73 20
58 27 66 27
55 29 18 27
34 52 84 67
81 28 73 55
95 13 14 40
40 27 28 28
56 28 74 37
31 17 11 35
55 14 16 70
30 44 66 25
42 61 100 18
22 72 15 52
20 41 90 23
78 92 18 49
39 43 43 94
91 53 36 16
15 43 19 70
44 12 83 67
65 75 80 61
49 61 75 65
71 57 35 18
34 82 43 27
32 77 100 21
49 44 90 84
44 24 40 18
36 91 57 43
89 63 70 26
70 76 50 44
55 80 89 64
62 76 42 66
97 74 12 55
74 40 29 100
73 82 37 42
30 93 65 49
11 56 63 76
56 93 46 85
35 59 56 16
39 13 97 48
44 44 35 22
62 98 75 90
25 82 81 75
17 48 36 28
33 32 56 10
50 16 80 86
33 54 89 68
69 20 77 64
73 90 45 78
43 94 90 24
49 27 49 67
57 51 51 35
31 94 48 45
39 65 35 77
98 44 73 73
84 97 14 96
40 73 33 33
90 92 42 57
33 46 40 80
14 85 91 75
14 27 16 78
17 17 48 85
40 30 78 67
37 56 83 78
33 97 53 65
65 55 17 63
56 13 40 68
44 26 29 38
94 54 14 27
25 11 54 85
35 100 68 87
78 21 71 50
20 68 82 33
67 55 77 19
52 19 13 57
87 89 78 25
69 78 26 72
38 72 30 74
28 63 20 51
65 12 86 77
84 76 76 91
43 29 73 60
15 41 94 81
18 48 66 62
90 50 61 11
48 23 19 54
61 90 88 82
37 51 92 15
95 18 20 78
77 88 52 96
95 94 77 41
23 75 23 82
22 83 48 52
63 21 36 94
31 96 49 30
66 29 44 53
59 12 94 26
97 84 96 26
37 82 70 88
82 80 53 32
79 24 42 24
20 54 73 36
80 95 97 36
76 83 13 52
99 43 16 98
43 49 40 22
58 72 79 73
51 32 53 11
70 92 88 50
83 48 55 86
22 99 32 22
44 62 45 69
57 91 55 79
73 55 39 81
10 88 12 10
42 84 71 95
29 72 90 76
73 53 70 66
58 63 52 35
100 76 13 56
58 89 16 31
80 46 55 47
100 42 68 33
89 62 65 41
45 58 87 94
83 22 75 67
62 78 50 69
20 40 20 59
73 50 36 98
60 95 51 99
33 96 14 18
72 50 95 37
18 77 77 59
23 13 69 100
91 67 96 30
36 27 99 46
16 48 68 62
92 94 89 55
100 20 98 74
94 100 16 23
100 100 78 75
15 31 22 36
55 33 24 91
45 45 37 58
44 55 98 34
88 95 24 60
57 21 18 13
69 61 39 65
31 29 43 96
27 25 35 86
17 22 79 58
28 83 56 53
92 63 29 47
19 12 66 97
86 40 36 36
66 17 70 78
11 29 51 43
13 56 32 94
44 75 50 54
36 13 12 56
73 37 49 93
35 75 58 100
47 79 61 100
26 26 43 67
45 87 18 45
46 47 26 86
60 80 55 32
23 22 57 29
39 71 78 14
24926 19701 14783 9081
55 92 40 56
40 86 10 19
75 95 91 34
26 65 34 29
19 64 92 65
27 13 69 48
16 37 68 56
12 58 75 51
29 69 78 31
60 65 34 65
75 98 66 21
32 55 95 89
49 21 91 34
66 70 56 66
49 42 99 22
79 36 70 95
80 68 11 37
11 32 38 84
56 82 39 97
66 11 65 35
73 45 35 46
10 24 45 74
48 84 71 43
94 70 54 85
60 60 53 54
13 100 89 49
59 79 45 17
71 46 49 36
65 71 36 49
39 45 15 72
36 32 97 84
77 15 13 88
44 64 98 55
53 97 91 100
81 47 22 96
64 75 63 81
96 73 52 100
73 86 94 12
42 58 54 61
100 13 19 17
55 55 74 33
62 35 33 61
32 28 61 99
17 28 70 20
98 39 74 77
12 14 76 95
73 21 57 42
67 45 76 92
67 91 17 76
97 89 90 94
21 82 85 57
70 77 96 30
68 61 100 86
19 14 75 100
84 51 92 82
15 50 88 43
40 14 100 21
76 61 84 45
100 30 46 35
100 47 39 10
68 68 19 80
40 10 87 55
86 55 58 32
69 96 75 17
94 80 53 32
30 61 87 32
82 91 40 87
58 38 54 60
90 72 50 17
25 46 38 92
18 94 34 41
69 41 77 14
11 51 90 100
80 34 42 83
96 41 35 60
23 84 92 75
74 17 84 67
22 47 80 23
64 10 100 45
12 67 52 68
99 40 16 56
16 61 38 44
81 44 56 61
59 18 60 15
99 40 22 20
92 68 82 48
49 75 11 31
90 83 90 57
11 18 23 67
45 59 60 40
90 88 68 47
87 77 25 99
73 20 67 22
84 94 37 17
39 95 93 26
31 30 52 96
29 27 22 80
97 71 53 30
27 84 24 57
55 92 83 30
30 18 15 49
62 48 99 68
72 44 11 70
33 40 83 14
51 95 71 69
64 91 61 36
52 25 68 45
52 21 47 65
71 82 74 65
83 92 20 53
61 82 72 31
82 35 38 24
64 27 54 78
31 52 89 58
84 91 97 46
36 51 42 92
71 90 43 78
66 14 74 62
64 30 50 40
91 65 90 73
74 30 32 66
67 19 47 34
75 19 84 52
88 63 14 99
54 49 55 59
79 86 99 16
70 41 70 57
85 75 82 67
36 67 82 26
68 55 85 73
40 76 58 34
68 43 97 83
53 12 50 31
18 97 35 51
84 72 90 23
89 14 94 35
25 11 59 39
91 93 13 30
27 74 47 27
53 55 49 56
74 96 82 41
36 38 39 21
84 68 54 26
89 92 85 95
52 76 66 14
82 14 10 83
100 31 94 98
91 87 83 60
47 26 78 84
64 95 73 33
46 100 87 65
77 67 72 66
57 64 33 74
90 55 23 44
15 26 61 31
89 93 61 16
90 17 19 11
63 59 65 62
60 13 16 91
41 19 54 60
93 92 52 35
41 74 19 89
65 38 13 63
61 59 67 58
47 24 19 55
59 57 73 77
30 25 29 99
39 95 25 65
63 44 81 77
95 22 50 19
57 86 86 22
100 70 92 59
59 52 94 41
67 83 77 41
22 97 56 53
94 52 25 100
86 34 31 23
55 84 15 55
62 52 83 20
84 40 72 25
89 50 89 11
68 100 82 16
57 48 94 86
84 41 34 19
70 73 73 12
37 93 37 96
31 98 13 18
96 43 73 35
43 86 93 68
17 45 52 15
62 63 66 24
46 65 36 85
69 99 31 80
90 51 68 44
80 94 12 21
41 75 37 63
38 27 81 65
36 38 66 95
10 31 16 79
54 51 33 37
47 15 85 49
25 58 72 18
39 10 44 86
66 49 48 13
86 47 51 55
36 93 21 29
35 66 45 86
85 61 89 95
28 25 24 28
62 67 98 68
100 48 45 98
48 71 29 71
33 96 17 92
93 34 51 72
96 83 58 14
25 41 45 39
82 71 67 75
17 21 81 17
82 70 35 29
19 39 44 35
44 79 65 84
90 98 78 56
10 76 85 42
17 20 72 54
23 68 89 72
26 19 35 72
80 51 86 30
18 20 23 68
86 39 54 56
20 85 71 41
51 63 33 76
80 55 74 33
15 55 59 15
72 96 25 95
85 31 57 19
70 87 87 45
73 70 70 82
28 78 84 100
22 75 29 30
71 59 23 29
19 49 53 71
17 90 42 74
29 42 28 39
58 98 59 34
83 69 45 12
47 79 61 64
48 53 60 100
26 43 83 83
54 85 19 42
80 70 99 88
27481 21707 16148 10207
58 54 94 78
44 87 40 44
77 89 30 17
16 46 31 49
49 61 90 42
53 89 68 37
20 93 46 23
58 30 98 18
15 83 66 62
67 56 46 18
81 83 17 36
67 99 49 75
48 21 78 81
36 20 73 94
34 95 31 34
25 49 26 99
67 18 84 67
98 94 36 28
79 23 54 97
96 33 16 49
96 10 31 93
16 85 95 25
81 71 83 44
41 45 99 10
68 63 67 33
80 72 23 70
40 31 80 61
63 10 37 23
38 66 73 86
12 12 23 49
32 25 76 91
42 72 94 18
81 11 25 28
41 78 40 70
61 26 89 31
85 93 74 71
82 26 91 32
55 94 25 48
93 65 95 31
33 66 73 44
28 38 13 21
14 93 20 43
62 39 38 70
50 45 25 83
97 14 93 32
44 45 31 32
82 58 87 38
71 76 10 70
46 79 57 86
54 34 90 70
26 29 68 37
42 49 82 30
75 33 29 15
73 14 23 16
69 23 39 32
40 95 18 70
81 42 40 87
41 34 49 70
38 81 91 48
64 46 34 93
48 50 69 58
57 13 95 57
82 51 87 24
26 42 24 63
91 11 47 98
66 30 71 50
47 25 40 92
17 90 95 47
21 79 24 95
53 63 11 13
43 57 66 91
55 93 84 89
60 80 45 72
80 77 100 81
70 92 40 63
92 60 30 51
53 59 38 64
14 87 11 88
29 97 69 87
97 90 11 83
91 100 38 29
51 21 24 44
32 28 90 51
59 77 37 92
44 76 91 38
32 86 62 54
43 31 87 81
95 28 43 95
36 24 41 13
40 37 44 77
85 84 66 75
58 45 16 43
38 31 11 34
66 41 71 52
94 88 94 60
16 18 67 19
80 17 37 50
24 20 51 60
89 60 46 14
46 60 64 94
34 72 60 24
94 47 56 69
53 28 68 88
18 30 84 48
71 31 50 75
33 96 56 82
48 97 47 37
30 22 11 81
81 51 90 22
19 59 58 97
68 98 90 43
88 70 62 33
20 84 20 80
96 78 78 30
11 31 22 59
32 18 61 51
13 36 43 39
55 57 13 83
17 66 99 72
21 32 11 39
33 48 85 14
67 71 42 64
20 25 96 100
90 57 81 63
29 10 24 75
27 79 50 78
53 95 13 89
46 48 91 21
70 70 19 100
36 38 53 44
75 37 80 33
85 45 51 92
80 53 91 21
28 100 82 31
57 93 13 92
10 47 17 80
89 86 55 27
55 82 85 55
93 76 62 14
31 57 72 72
45 30 63 18
68 99 85 66
35 84 41 92
40 45 11 12
98 95 19 68
47 89 56 97
22 91 88 77
80 28 15 30
30 15 80 70
35 79 81 35
44 46 86 82
15 38 37 15
33 67 88 79
59 40 28 92
92 62 67 25
72 60 98 74
98 77 64 97
56 60 13 34
25 57 20 23
32 100 19 36
66 63 47 85
66 15 29 94
64 78 72 36
87 27 35 56
20 68 61 46
84 82 40 89
39 24 66 69
17 88 43 32
59 38 21 20
100 12 26 67
92 34 11 74
39 45 48 19
62 71 72 81
20 80 69 11
99 40 33 86
98 77 83 41
28 73 29 83
92 17 42 83
19 48 61 65
24 25 82 96
50 15 43 43
15 49 13 64
43 87 43 25
59 40 46 80
95 60 100 89
77 16 19 61
13 22 28 70
44 22 83 100
16 10 20 28
96 10 59 16
20 68 63 77
11 41 70 30
47 58 99 77
67 59 20 15
37 68 29 10
81 96 74 49
55 69 78 78
99 51 50 39
20 70 43 41
99 25 99 52
55 37 38 69
49 35 88 44
61 79 10 35
82 11 88 39
98 29 53 69
69 56 29 96
91 81 38 63
100 45 94 11
49 25 90 87
10 10 71 79
51 93 94 97
13 68 38 30
30 41 30 87
52 67 70 61
75 89 79 31
63 37 73 14
90 26 34 38
44 26 71 89
51 88 64 49
33 59 35 97
30 79 65 95
58 55 17 42
42 43 52 99
89 26 81 94
57 53 78 23
83 74 67 85
39 25 85 28
48 21 61 47
75 15 58 27
36 76 80 62
55 57 38 55
93 26 42 56
79 92 37 55
41 85 65 98
61 13 97 18
21 32 45 83
15 84 62 74
76 84 44 49
92 95 34 38
46 97 35 11
89 18 18 98
44 58 66 74
40 98 90 52
90 85 61 10
72 28 42 78
30 40 46 26
23 51 77 90
56 13 81 17
39 97 79 78
56 90 69 88
25017 20196 15085 9449
68 19 100 69
61 12 87 19
97 36 32 37
10 74 19 66
86 28 65 47
27 41 51 24
53 85 88 86
57 25 24 96
16 74 40 76
43 64 96 35
53 90 37 31
20 14 91 65
76 17 29 46
65 56 87 25
71 89 16 69
31 55 18 79
25 88 90 88
54 22 56 92
59 98 40 98
46 59 68 12
67 14 72 35
30 87 54 50
33 43 83 53
68 86 63 34
87 22 25 61
29 99 71 21
25 31 89 45
45 14 22 40
35 97 54 70
98 29 38 68
76 54 59 68
43 30 13 62
96 42 26 100
68 46 22 98
77 42 42 30
49 71 46 63
65 81 65 25
77 58 44 25
32 79 95 10
35 60 91 48
84 60 96 15
97 26 59 66
75 63 45 37
40 40 82 36
35 91 49 99
81 52 30 63
39 92 59 74
77 38 97 100
28 51 43 86
68 89 36 99
41 54 66 82
95 49 30 76
37 76 23 73
52 77 98 82
22 17 17 27
16 11 55 47
78 87 68 59
32 21 74 88
77 46 45 87
61 74 57 73
60 76 53 29
67 38 78 84
85 59 98 67
46 41 55 50
52 18 87 49
47 23 66 56
31 18 67 50
75 21 29 27
75 10 69 15
21 68 89 75
42 26 73 98
25 28 67 62
40 27 53 25
41 91 100 45
21 58 68 22
44 95 17 99
76 84 56 13
12 59 96 61
87 87 21 60
91 61 75 47
16 81 36 93
79 88 100 48
15 91 26 83
48 95 70 49
53 92 13 13
13 10 45 23
99 68 75 41
69 14 94 24
16 43 82 33
91 52 87 84
100 30 25 12
27 70 74 44
74 92 75 55
42 16 64 76
100 48 99 95
90 91 71 85
59 25 32 54
61 34 40 88
96 43 93 69
12 88 41 70
52 28 28 64
95 85 35 19
29 31 91 100
87 12 30 53
16 100 11 58
63 88 24 29
20 59 26 27
84 14 46 33
94 59 97 33
83 39 33 96
59 96 79 74
26 56 63 52
77 86 18 95
24 21 56 33
40 25 75 87
62 80 17 69
57 55 95 52
38 55 63 12
22 64 56 44
13 16 72 97
78 66 49 11
78 69 50 59
56 89 67 64
34 15 13 29
10 26 57 39
55 64 14 99
68 97 34 60
95 12 41 50
47 35 73 89
86 21 60 87
98 65 46 22
88 59 69 50
95 82 87 57
82 56 16 11
59 60 15 33
55 25 98 57
19 74 57 39
100 41 73 73
24 19 74 30
97 79 68 94
62 53 65 97
85 100 72 23
47 74 61 50
82 56 100 67
77 64 65 58
49 96 77 15
88 21 31 35
28 47 31 12
38 66 36 79
11 12 78 44
84 65 54 26
64 58 67 92
85 11 37 25
12 75 11 17
57 82 16 10
80 22 48 76
11 29 43 60
63 85 31 100
53 48 17 70
99 45 37 18
23 39 34 99
64 31 93 44
38 34 75 86
12 10 45 64
98 24 52 64
22 13 68 89
15 11 57 88
73 53 66 12
16 70 78 25
69 91 52 81
65 80 85 21
57 97 36 74
48 13 15 85
91 64 81 27
33 85 29 98
70 46 55 36
43 16 88 41
44 81 44 32
51 52 68 57
83 70 53 62
46 69 91 69
89 100 97 91
69 48 55 72
21 59 29 16
27 82 76 20
32 71 58 100
51 24 96 49
52 11 26 19
86 22 73 72
31 48 97 25
61 93 39 42
27 21 41 10
99 85 20 64
19 39 86 53
37 87 34 30
29 93 91 57
63 26 99 55
87 88 21 56
72 25 72 18
24 86 96 29
42 22 95 19
31 29 98 43
91 68 72 67
25 60 54 100
26 13 20 11
66 19 19 26
11 48 32 20
50 70 72 41
96 73 27 15
92 76 56 62
64 77 55 67
93 63 59 66
99 33 86 98
95 10 55 81
19 31 97 39
15 55 67 30
60 66 14 67
70 84 68 91
44 31 100 89
44 91 50 61
31 41 26 40
72 71 16 56
96 20 98 48
79 49 44 38
92 56 16 62
42 16 47 68
17 64 26 91
90 90 56 48
34 99 20 58
19 42 26 37
25 21 29 47
92 59 25 42
70 72 100 96
20 67 20 25
70 78 81 21
75 64 93 95
35 46 54 53
73 36 21 88
88 94 92 33
23 20 44 35
93 65 84 18
69 77 83 88
46 83 19 52
28 36 38 15
39 39 16 15
65 81 69 96
53 13 43 44
80 22 85 77
69 25 70 52
85 27 69 19
26624 21456 16426 9259
60 69 41 84
57 61 80 71
41 16 48 17
58 29 56 31
41 64 48 99
41 79 29 42
59 67 41 28
83 35 73 53
33 52 74 96
48 79 75 16
55 90 17 24
85 10 25 49
62 16 73 11
80 16 71 35
57 98 77 24
58 79 67 29
98 41 85 72
39 14 80 67
91 36 82 79
26 51 60 56
100 89 92 40
21 15 70 67
31 58 65 99
93 29 54 70
29 46 82 27
70 56 25 24
22 85 40 39
84 96 16 53
50 19 17 41
82 97 57 62
26 53 37 90
96 85 11 27
41 64 52 72
72 39 40 65
14 31 83 84
10 55 91 75
87 82 71 38
29 35 66 27
57 66 93 89
28 89 30 63
40 94 26 88
22 45 45 44
98 60 65 63
27 31 98 85
69 24 63 53
52 42 44 39
73 34 59 43
88 29 47 78
53 68 12 82
41 20 20 45
97 36 88 99
62 57 87 38
97 71 74 86
100 37 47 60
50 62 73 19
94 26 45 58
94 62 32 66
92 38 17 73
42 34 89 11
90 33 37 85
68 58 14 85
54 90 73 90
59 10 17 89
30 18 12 30
10 87 78 40
78 22 93 70
83 97 47 82
18 95 92 17
34 31 34 47
64 37 16 48
48 65 38 39
79 76 40 46
89 40 85 60
83 62 23 40
68 13 58 90
26 49 56 15
28 21 47 22
32 69 70 45
15 30 98 82
45 46 46 75
75 21 40 57
92 77 70 90
17 89 59 27
27 89 12 19
71 22 38 16
79 93 19 44
58 46 23 15
70 17 16 56
73 100 36 87
37 81 32 35
35 89 57 76
83 99 98 81
91 72 83 13
63 16 25 52
72 56 12 61
84 42 96 91
74 93 40 20
80 100 99 55
16 95 31 96
10 35 76 13
13 24 26 83
75 74 51 99
35 27 20 74
23 64 58 100
64 62 33 51
39 90 95 21
81 58 74 13
45 17 100 87
61 90 53 53
73 99 13 43
50 15 32 22
88 15 74 11
58 82 45 62
73 82 64 47
29 71 36 45
10 72 21 50
19 88 39 79
40 90 82 16
16 74 37 64
84 99 11 18
93 92 27 38
10 56 52 85
29 48 53 69
95 26 30 83
73 56 53 59
77 59 31 24
90 93 42 96
47 34 86 12
41 85 47 38
77 37 27 35
35 30 61 95
57 65 18 38
28 28 30 62
98 99 34 60
49 35 62 30
20 34 59 20
14 17 53 82
86 45 55 60
40 11 42 21
88 86 63 56
50 100 14 68
26 19 96 83
61 76 28 87
65 22 81 77
57 45 86 51
28 20 32 10
61 84 15 51
63 78 81 67
51 77 32 78
39 72 60 34
54 76 90 58
70 66 80 86
91 10 46 47
55 94 97 53
10 64 23 86
24 87 67 65
95 86 47 21
34 87 94 32
81 78 19 56
85 35 32 66
17 19 85 77
20 46 69 30
77 54 69 50
66 16 98 78
100 82 85 74
50 42 32 77
83 69 52 23
79 82 73 53
34 43 59 10
46 80 33 80
56 22 39 50
99 45 46 62
62 79 28 86
31 82 45 82
44 48 20 26
34 22 11 63
25 26 73 54
10 91 70 26
13 98 77 34
11 13 38 35
37 81 13 90
89 74 91 56
59 87 43 10
60 44 97 71
30 82 13 72
38 15 42 64
95 77 60 87
39 57 52 36
13 58 39 32
91 71 18 25
97 56 95 49
92 83 28 23
17 70 24 26
10 51 15 64
89 30 51 24
49 32 44 74
59 87 70 50
70 37 75 25
28 67 89 58
78 31 94 15
89 88 24 61
93 83 37 19
43 37 31 86
69 87 60 63
41 94 44 82
28 43 48 92
98 35 53 68
97 86 93 100
24 28 68 63
99 38 87 87
71 31 45 18
36 48 39 64
55 100 77 24
10 92 81 74
94 48 24 53
32 16 28 63
45 17 66 92
16 65 41 80
95 100 70 50
75 18 43 72
86 91 86 86
84 88 49 40
76 62 67 43
46 54 47 85
16 45 91 24
50 100 19 71
54 83 85 24
14 94 59 23
18 34 88 31
95 59 70 60
26 94 45 74
66 22 71 16
38 13 90 36
67 67 95 68
58 88 78 71
73 26 74 59
29 16 75 89
95 46 21 24
10 34 40 100
54 47 97 19
63 50 25 24
42 57 27 18
80 78 13 21
65 88 64 88
53 84 37 65
23 95 95 49
41 70 93 55
22 69 61 95
47 30 15 82
55 32 81 25
26623 21348 15767 9930
41 16 93 62
64 61 94 95
68 66 39 65
24 23 56 75
64 58 100 88
85 91 94 26
97 68 92 21
57 14 10 37
71 65 84 68
22 40 19 89
70 65 84 69
88 67 49 98
27 72 26 61
86 63 34 78
93 61 36 50
51 97 68 75
25 43 26 85
49 68 63 100
68 98 57 84
61 50 85 28
48 77 41 70
84 77 81 83
42 49 72 34
69 87 44 71
51 20 66 37
23 90 98 50
26 78 51 75
81 73 41 96
99 69 45 56
53 50 31 54
61 32 23 18
79 15 37 55
80 41 64 62
60 97 27 31
43 83 82 31
87 31 80 67
33 65 65 54
18 22 52 48
81 75 72 96
93 14 19 61
74 31 50 68
42 66 91 93
66 80 78 22
81 99 27 60
24 47 98 47
89 23 72 54
15 49 66 38
44 40 61 17
65 89 35 68
14 77 52 10
53 49 63 48
55 98 96 23
41 38 75 45
75 99 52 35
23 89 59 53
28 15 99 28
54 41 36 76
34 97 64 28
77 59 85 90
87 46 52 54
18 38 54 39
22 38 73 86
26 49 85 31
37 59 26 98
43 58 23 14
28 38 49 60
39 20 86 87
31 82 28 57
68 28 93 24
66 13 84 66
72 99 39 36
48 61 15 65
35 49 76 80
56 70 18 85
16 61 43 91
24 42 85 73
30 100 75 67
53 17 25 13
70 10 78 29
32 58 15 85
19 71 70 58
76 60 58 10
28 72 85 12
53 34 25 36
41 61 44 58
46 95 67 70
95 42 28 55
57 52 11 57
13 12 78 60
94 32 32 19
69 100 81 96
99 56 36 55
76 66 44 25
57 71 52 32
93 27 69 12
65 18 39 71
87 22 33 90
20 56 77 44
16 28 39 31
56 97 75 21
98 44 47 60
73 29 94 70
40 19 77 69
98 66 26 62
71 18 34 52
10 18 54 94
86 10 33 90
31 96 72 32
23 38 45 13
32 24 85 33
83 20 44 72
15 79 94 100
50 20 46 52
19 35 27 11
63 85 61 17
89 49 19 61
54 50 94 22
66 82 11 73
46 33 27 11
88 38 10 79
47 64 27 93
54 16 42 11
12 45 22 91
11 87 86 36
94 74 42 55
65 94 58 85
70 94 75 53
93 44 34 17
27 15 38 29
74 94 66 13
59 21 68 72
26 42 45 66
17 94 15 96
69 84 53 15
32 87 39 84
28 73 69 50
60 90 82 42
60 33 64 61
19 87 49 44
51 30 16 83
46 86 42 41
57 89 99 25
15 96 23 39
63 15 52 56
31 80 44 45
37 71 43 62
49 68 96 25
38 82 50 55
100 91 62 37
22 62 29 34
26 18 10 60
24 19 79 21
10 61 98 90
54 18 74 66
94 24 87 76
87 85 90 97
94 39 60 82
84 39 72 56
47 81 94 48
38 49 23 33
39 60 26 38
86 23 45 16
28 24 81 77
85 13 23 48
17 12 34 36
61 44 91 53
43 60 41 31
83 95 37 55
51 83 47 86
98 77 18 28
57 66 18 34
42 98 58 81
75 80 99 11
39 30 86 59
79 84 86 15
55 20 22 65
47 46 24 66
43 57 31 13
10 65 91 43
59 23 43 93
65 97 41 65
39 57 80 47
39 69 74 65
18 55 68 47
80 43 46 80
45 54 35 78
89 82 76 16
45 48 40 11
17 87 61 27
59 64 69 31
66 97 57 16
29 95 22 61
74 82 74 13
79 33 14 77
87 11 94 11
98 63 67 72
67 76 44 40
41 48 67 88
18 43 26 10
50 70 70 48
13 32 53 14
70 51 27 46
32 96 47 17
34 91 74 77
62 43 45 20
46 32 73 54
54 13 84 80
28 65 68 99
63 49 29 79
44 53 48 61
20 77 74 83
74 36 15 64
84 81 66 81
17 91 23 30
54 34 88 52
55 45 74 67
25 85 56 55
77 77 85 60
48 23 92 57
52 93 96 84
23 99 79 67
69 32 18 59
27 63 29 35
44 81 18 83
38 87 29 87
93 87 55 29
53 71 44 50
89 96 54 87
95 35 24 50
46 13 15 32
97 36 100 21
50 49 85 82
98 36 75 64
65 73 70 22
90 88 94 29
14 49 71 15
98 72 100 91
39 46 38 25
56 99 25 32
62 92 88 99
82 84 46 61
73 71 42 73
15 48 24 34
66 73 26 61
91 60 12 82
92 84 72 47
56 44 73 51
36 30 38 96
86 63 98 43
38 55 25 74
25162 20047 15587 9829
83 79 60 38
45 51 13 55
46 21 99 98
97 23 42 36
48 17 12 49
77 66 57 13
42 12 61 41
19 62 83 38
97 74 66 48
63 19 49 71
57 50 51 91
78 65 55 46
59 51 15 61
74 65 69 77
33 35 69 37
56 24 64 79
22 88 27 32
17 78 75 37
99 95 41 74
44 79 65 12
76 20 47 53
64 52 78 60
14 71 92 66
88 50 21 62
60 93 27 91
74 36 28 52
24 45 38 48
17 24 49 10
45 79 78 82
85 58 82 45
51 50 65 62
68 38 85 69
30 98 52 91
19 91 39 40
93 11 78 54
59 71 90 79
11 80 99 32
41 96 16 26
27 97 53 59
65 96 14 24
56 28 61 44
83 61 59 52
41 26 49 80
60 47 12 23
95 87 35 28
46 87 32 79
50 86 73 40
43 55 70 50
83 35 28 57
100 88 16 96
41 33 74 94
18 77 35 67
51 27 58 30
82 53 40 50
94 38 37 27
52 50 90 48
85 15 89 82
18 21 57 70
49 48 33 19
28 88 86 31
61 24 71 56
16 76 11 80
45 34 88 49
43 13 88 81
23 46 72 25
44 18 38 18
51 74 69 74
30 82 47 10
69 51 80 100
70 99 99 94
58 11 97 88
18 95 26 75
66 58 49 45
74 18 94 21
23 47 32 28
34 92 84 84
77 92 44 66
34 34 34 10
46 51 35 30
78 20 58 47
13 100 60 89
97 68 21 83
67 64 70 48
68 100 14 68
10 56 54 69
91 32 83 44
76 46 89 46
48 90 52 51
51 81 24 31
97 50 51 86
27 39 44 71
83 25 84 41
96 30 68 18
29 29 21 62
37 49 77 79
76 47 93 49
85 97 98 10
61 29 12 56
64 26 84 56
91 89 91 20
80 59 84 27
43 62 36 96
22 18 28 80
28 59 11 65
56 36 16 70
22 23 33 83
44 70 49 77
44 17 70 17
71 74 70 55
88 66 56 18
24 94 80 49
26 73 14 28
74 76 23 55
22 57 42 54
92 22 76 15
62 40 20 96
89 48 22 83
98 59 64 87
43 19 67 67
92 22 27 77
24 88 100 38
54 71 77 37
40 23 54 98
56 78 13 70
62 51 18 68
83 57 65 36
14 23 24 70
34 19 93 86
58 61 20 79
24 40 62 82
88 40 45 48
32 26 30 52
32 92 97 68
43 90 99 71
88 73 96 80
38 36 18 72
84 22 60 69
63 31 32 84
37 67 100 13
36 55 70 74
43 75 95 39
16 91 67 18
32 87 12 27
39 99 29 22
43 34 49 28
57 84 84 69
50 97 40 18
87 23 44 24
47 84 71 30
81 81 54 95
49 44 45 85
38 13 65 49
52 54 58 95
64 12 18 72
39 48 55 38
68 11 73 60
71 43 47 34
51 14 37 25
77 52 31 78
65 17 85 86
75 29 28 36
94 52 64 24
60 37 27 82
58 14 42 23
31 100 32 88
34 45 90 13
28 34 20 26
57 15 26 12
68 32 56 24
23 16 79 12
86 75 82 18
30 95 67 73
50 21 92 27
45 97 14 89
95 10 94 70
10 79 68 34
77 57 80 62
71 50 27 70
35 68 37 11
67 52 63 89
47 22 86 38
49 52 65 40
24 27 26 96
53 18 60 94
26 68 23 55
73 18 19 99
83 90 90 78
52 52 84 28
50 24 88 70
91 19 35 75
93 12 81 10
60 71 89 78
11 29 35 76
78 92 64 78
96 46 29 100
27 11 82 76
20 35 48 33
50 28 26 64
55 67 44 67
80 64 41 82
19 86 49 83
79 36 40 65
87 14 63 94
75 17 58 82
72 60 65 83
27 56 58 65
70 36 67 48
89 75 93 86
44 38 52 27
85 46 56 93
88 42 28 52
54 67 44 23
97 86 86 59
30 69 29 50
12 21 33 95
78 15 69 45
66 95 35 47
57 79 53 35
95 93 51 68
77 56 99 63
14 17 92 16
98 20 86 59
100 85 27 45
61 46 51 56
18 63 17 31
48 62 33 29
47 61 87 64
98 31 62 88
56 88 23 33
36 55 21 80
77 69 56 51
36 43 12 49
31 79 95 51
28 35 63 94
33 22 30 20
100 57 73 69
45 40 52 22
33 75 78 31
37 91 11 46
48 13 46 11
16 51 28 19
84 88 54 76
66 98 27 60
73 36 29 82
14 24 42 42
58 20 28 19
26 10 55 75
64 10 45 57
12 27 37 66
42 41 34 94
26538 21555 16295 10332
57 76 78 69
11 46 38 12
31 58 41 14
57 33 21 17
96 10 65 80
54 62 51 77
70 63 44 95
49 32 61 100
96 88 26 72
38 64 68 61
19 96 48 95
41 17 94 23
73 90 73 76
48 32 73 46
26 77 47 31
17 55 16 58
54 64 15 20
11 80 78 64
62 63 17 70
35 98 35 80
48 24 27 27
42 80 58 56
61 86 27 28
56 88 82 98
19 90 96 29
22 47 85 53
89 19 74 66
67 69 83 22
30 55 93 15
29 100 24 10
52 36 64 91
32 74 22 79
37 72 87 76
10 14 58 82
12 71 31 85
80 61 63 61
61 73 63 58
45 32 85 100
70 48 46 29
65 82 40 68
80 28 79 21
39 59 13 76
32 25 57 53
59 64 38 69
29 76 94 14
76 100 20 24
52 97 61 79
16 96 69 81
42 36 22 35
56 33 91 78
33 22 25 48
69 81 19 62
90 28 74 88
87 57 76 53
59 37 85 12
73 22 20 88
51 52 58 56
74 14 76 60
82 46 52 25
16 29 10 31
64 73 39 47
13 69 35 83
39 20 19 69
77 64 75 98
25 81 68 18
90 15 40 20
73 100 84 73
48 10 40 94
48 73 35 44
69 69 81 31
76 73 20 64
63 31 99 87
93 98 52 69
55 91 22 95
93 17 28 67
52 84 81 33
21 69 36 81
85 51 18 40
40 50 69 13
58 42 11 30
57 15 88 56
67 48 12 41
23 84 75 74
32 77 26 95
12 27 50 12
48 56 26 25
21 11 14 97
81 48 18 34
35 80 45 33
44 25 63 74
78 74 17 54
46 43 13 61
28 83 25 38
90 40 33 72
89 42 74 87
61 56 79 82
56 90 14 96
94 71 20 71
37 72 76 72
33 10 89 40
71 35 81 68
67 37 32 80
100 50 99 72
79 100 28 57
93 88 46 77
41 45 32 41
74 86 47 98
45 21 66 45
16 14 74 84
31 99 11 23
93 25 75 27
83 76 29 53
32 90 80 43
40 99 72 22
93 47 16 50
92 75 36 93
33 28 21 72
78 99 53 64
71 67 51 74
91 69 56 80
78 72 89 95
40 47 86 70
16 18 66 20
67 55 87 67
89 86 24 14
35 26 65 96
22 65 61 41
14 76 28 93
71 38 41 66
82 89 21 65
64 42 87 36
18 13 66 88
11 73 21 24
59 58 21 23
61 18 97 65
52 12 29 47
96 48 87 19
65 43 10 50
68 65 80 30
43 28 18 81
45 35 24 80
71 65 86 16
63 28 16 62
74 15 82 84
17 58 23 15
14 18 24 13
61 53 38 89
34 92 88 33
64 41 94 67
97 61 57 80
33 19 28 22
61 76 14 27
25 10 76 54
96 52 42 20
55 55 98 31
80 45 31 57
90 19 18 89
10 34 20 66
53 36 75 10
71 31 22 87
73 63 37 31
100 54 97 12
82 72 68 70
43 27 50 10
17 67 31 77
70 76 11 58
81 32 30 27
59 29 15 18
66 19 75 44
41 87 38 98
57 38 50 42
79 12 76 28
62 40 23 50
16 49 94 34
11 17 26 76
37 61 88 60
61 40 30 50
23 48 98 49
19 80 87 77
94 33 17 34
78 34 24 33
88 14 77 15
83 13 72 48
88 96 61 81
36 76 46 73
58 46 11 83
67 10 37 10
12 60 54 56
54 22 55 64
15 20 17 72
90 44 30 61
13 65 22 16
36 83 66 93
96 49 80 11
96 94 43 59
85 24 82 34
18 22 37 91
78 22 30 50
64 76 17 11
28 64 76 14
20 27 87 94
40 77 92 90
74 66 69 24
25 51 99 70
97 92 46 11
29 99 89 81
53 44 61 67
41 46 37 40
47 14 30 93
88 48 92 98
100 13 93 35
90 94 39 44
21 84 57 42
55 98 50 38
28 13 22 53
49 74 35 90
52 38 55 50
74 34 73 94
21 62 99 71
81 88 91 74
43 21 78 41
70 67 31 70
92 92 73 72
30 41 33 54
98 11 72 91
63 68 74 64
59 14 46 19
18 47 51 98
71 65 49 55
28 94 18 64
33 57 58 45
57 55 54 43
21 92 89 95
89 98 23 19
59 49 54 88
72 17 80 20
43 51 100 67
82 33 38 67
28 91 93 47
66 44 21 80
16 29 18 71
46 26 95 88
21 20 52 78
62 26 54 54
13 21 72 90
70 72 47 96
94 12 37 83
85 57 48 93
61 93 92 92
79 82 70 35
26199 20765 16042 10520
53 73 28 17
22 30 99 88
95 74 23 33
33 61 16 10
62 62 17 22
92 67 98 52
43 34 23 79
57 67 56 84
49 70 17 61
34 17 38 10
82 39 39 29
15 81 95 85
17 100 61 99
96 37 29 84
37 88 46 48
47 73 85 99
66 30 96 52
54 75 18 91
37 87 91 55
45 13 85 30
19 85 56 35
56 46 49 64
57 93 81 14
65 34 60 58
16 25 12 74
81 81 82 84
17 77 73 54
82 90 42 58
72 43 35 97
36 52 41 82
99 72 21 47
87 85 56 87
91 13 100 90
76 47 94 16
13 49 89 47
66 63 81 19
44 61 45 64
57 85 76 29
62 53 65 72
70 87 98 38
65 38 18 45
38 14 29 45
37 45 89 24
42 82 11 67
49 52 71 70
87 30 93 13
72 62 66 56
42 49 32 29
14 60 76 70
62 28 56 18
23 97 70 85
73 64 26 17
28 25 69 78
15 44 83 69
62 21 51 51
71 85 78 39
97 93 92 59
56 93 25 18
17 67 33 24
60 100 58 85
35 17 23 64
33 12 85 20
31 20 13 11
59 54 37 33
67 68 69 64
88 85 55 94
42 68 31 43
79 32 35 73
41 28 43 80
78 34 76 92
47 73 89 33
47 10 76 18
92 43 71 26
42 77 85 38
23 54 34 67
19 83 44 38
62 84 42 83
46 39 53 48
92 29 83 47
38 42 55 24
32 94 46 89
83 95 30 75
80 61 66 52
42 38 27 75
56 83 76 48
79 38 90 59
84 47 56 33
98 20 39 54
36 83 85 30
84 94 16 96
23 94 50 52
33 66 60 12
10 92 19 16
59 48 97 62
49 43 49 70
99 50 13 50
54 74 46 84
96 30 54 71
83 74 69 53
89 39 100 93
76 67 99 17
84 24 15 78
68 62 19 40
52 83 42 53
49 56 67 100
10 76 28 41
86 96 34 78
17 51 85 12
43 89 67 55
37 19 20 16
13 63 96 36
63 67 40 78
36 51 15 92
93 79 98 64
29 78 72 75
55 23 26 98
40 10 37 23
32 97 78 66
92 94 98 22
70 92 61 52
85 68 51 54
27 81 49 17
75 66 83 42
18 65 28 66
87 89 32 84
59 28 24 48
41 77 94 75
11 96 22 80
71 44 34 43
19 98 59 27
56 34 14 55
95 99 44 13
90 19 39 22
86 32 15 23
41 57 22 24
35 21 27 58
52 61 25 86
76 47 74 35
65 16 96 20
40 18 30 87
19 73 32 94
94 94 24 86
81 46 55 57
11 87 43 57
92 29 32 21
23 17 29 97
68 55 33 98
82 29 69 12
40 73 54 14
65 22 13 79
19 51 88 86
60 20 35 87
16 32 29 47
12 20 10 84
51 100 50 15
92 45 44 72
33 59 26 77
47 34 81 74
75 74 44 36
32 48 81 95
29 63 27 39
36 66 83 72
50 91 13 31
73 20 47 84
24 43 32 39
99 69 37 89
82 49 64 17
58 51 100 46
51 57 65 86
100 61 38 32
13 56 68 65
63 51 27 21
95 84 100 54
27 23 55 74
59 31 45 98
61 93 62 14
96 43 41 44
25 27 86 81
18 36 63 78
15 19 78 64
10 69 40 36
27 92 60 81
97 51 59 29
45 58 93 21
29 23 74 75
49 47 99 21
41 75 91 62
29 54 21 88
23 31 86 11
84 54 69 90
47 20 45 100
23 79 11 28
18 85 15 89
84 62 52 94
87 36 35 22
63 98 85 31
91 21 80 22
69 97 31 70
22 82 84 55
76 87 75 92
99 34 97 89
11 55 88 37
21 14 66 82
79 35 93 17
40 38 100 42
19 30 93 40
48 37 15 63
12 43 22 60
39 22 99 58
11 61 94 54
72 47 25 19
75 65 92 82
54 94 88 64
93 76 88 57
16 79 58 87
99 42 79 47
81 23 17 91
45 97 40 12
66 60 71 48
15 89 73 43
76 78 12 97
23 91 44 65
30 85 43 39
89 10 17 57
82 15 68 73
21 59 23 88
97 25 59 79
73 34 80 51
39 99 43 27
68 87 15 95
16 12 33 36
49 71 78 28
30 51 86 59
60 25 69 59
84 92 71 27
55 41 96 11
35 13 14 28
61 28 25 72
47 85 68 47
71 23 10 67
65 96 82 48
52 47 99 90
19 30 54 42
89 90 17 62
23 25 38 28
43 90 49 80
55 91 45 72
13 98 57 43
36 58 67 14
53 13 28 13
26391 20118 14767 9455
18 96 15 83
80 14 79 19
71 81 38 45
66 21 55 30
79 100 17 48
17 25 60 50
75 22 35 26
48 69 72 50
85 34 73 74
57 11 29 75
17 69 55 12
39 27 75 94
18 84 78 50
25 81 27 18
82 96 52 94
97 39 86 16
90 26 80 45
20 77 32 80
37 52 54 42
47 82 48 11
51 30 28 92
19 16 10 21
39 93 53 92
95 60 25 94
16 43 45 43
75 15 73 65
15 56 69 47
43 49 76 44
71 26 79 94
53 92 92 99
69 64 55 25
34 38 17 70
79 35 86 20
20 21 92 89
97 74 84 39
78 57 88 64
66 46 72 29
70 66 91 27
46 100 65 51
69 63 22 22
29 59 37 10
27 64 79 39
37 25 97 52
83 86 84 50
48 91 24 47
54 45 33 86
16 20 13 63
16 78 31 27
91 85 87 98
30 56 15 71
27 22 100 88
66 12 85 79
64 37 88 32
85 30 50 81
88 30 12 56
92 71 46 42
99 66 11 14
37 27 57 48
48 86 24 67
45 65 61 55
59 15 28 25
45 79 41 72
77 48 16 90
83 61 13 33
89 26 14 70
93 100 38 100
18 64 48 25
39 22 75 71
52 62 66 68
19 45 80 19
88 58 50 46
25 89 98 42
68 23 93 32
47 32 74 16
18 43 21 96
44 17 24 78
79 13 96 60
67 62 89 86
19 61 43 97
54 60 83 86
53 32 85 54
74 35 60 13
81 32 29 53
59 24 85 21
66 53 86 57
37 65 61 84
34 80 58 73
83 53 93 33
58 88 29 39
41 11 99 54
42 16 27 83
50 30 72 41
41 49 26 93
83 24 51 35
46 86 98 57
77 99 86 81
70 43 79 50
23 65 68 99
34 71 38 11
25 34 70 57
42 44 14 21
79 23 100 98
52 92 30 98
44 58 59 10
95 48 29 72
61 20 86 49
11 38 31 44
33 78 50 68
15 65 77 45
76 21 97 23
95 55 10 64
14 91 15 16
52 78 59 27
77 66 56 48
40 13 37 47
95 17 90 13
49 39 64 89
67 55 82 72
86 54 28 88
12 17 81 80
44 39 95 73
85 22 44 42
84 94 27 64
38 50 60 75
44 77 22 36
68 31 87 85
77 85 39 40
72 70 73 97
86 39 32 43
93 14 44 53
57 76 36 83
100 69 29 18
78 99 57 34
28 49 77 94
64 67 89 94
35 60 96 35
41 16 16 50
36 15 64 32
81 81 29 50
58 73 61 36
40 67 27 27
85 62 32 57
84 93 70 24
81 98 29 83
63 100 36 10
88 43 86 23
90 76 65 90
46 54 74 86
34 11 36 14
52 63 73 30
83 83 13 89
17 27 51 91
21 51 39 41
13 36 64 21
31 31 38 79
54 87 49 67
39 30 63 24
54 49 17 87
59 38 68 33
87 74 38 80
71 18 17 99
63 77 73 22
53 99 25 84
87 55 73 98
53 82 61 19
51 81 68 78
13 65 100 49
93 62 55 41
62 80 58 86
61 80 54 60
67 48 64 77
52 40 65 71
42 32 15 55
73 28 73 77
18 50 27 53
36 92 80 52
80 42 72 54
49 40 40 90
35 74 69 63
84 11 15 84
64 30 79 70
20 72 52 60
46 94 88 98
82 57 93 19
39 54 58 16
43 14 21 19
46 52 94 62
77 72 99 85
96 31 11 54
13 66 40 11
50 63 91 89
65 34 25 75
98 51 39 82
82 31 72 41
72 31 61 68
51 59 78 83
60 84 15 55
93 86 28 87
73 25 59 44
61 95 24 90
14 32 14 97
72 44 38 40
27 86 92 77
30 56 13 82
90 71 49 89
53 65 55 92
89 88 69 91
16 100 90 35
75 97 49 32
70 63 36 87
91 35 46 78
93 56 97 14
39 79 74 10
20 41 58 39
17 41 14 32
27 16 68 98
84 41 30 22
35 78 22 82
82 75 28 51
47 98 60 82
69 17 77 83
96 78 37 53
81 38 75 72
68 92 28 23
22 98 20 26
77 93 73 29
59 40 91 13
30 49 84 29
17 71 30 64
28 30 23 75
20 18 43 70
20 75 92 80
66 47 10 74
25 73 51 38
56 71 35 21
52 23 51 87
60 21 79 73
76 90 76 44
26 46 45 32
77 72 74 81
78 67 66 11
25 40 21 82
78 11 56 92
63 91 90 70
68 67 18 93
83 60 99 12
33 62 49 70
83 39 97 59
31 89 56 71
18 30 42 91
26424 22152 16215 9823
14 75 23 39
51 43 51 33
18 12 64 19
46 15 81 73
40 52 93 45
32 55 13 95
39 14 20 56
55 65 71 32
89 74 16 39
33 55 60 78
44 84 54 100
21 35 33 18
38 70 78 70
27 63 53 68
61 78 76 67
85 100 24 69
14 65 99 89
47 38 37 92
52 34 78 77
41 87 41 14
97 59 12 24
35 43 18 11
50 94 70 20
53 86 61 75
27 39 99 51
12 14 51 83
66 45 59 56
88 95 76 32
37 32 83 80
98 26 98 51
71 73 64 58
91 32 100 70
29 43 13 88
66 90 35 66
95 85 32 72
21 22 33 56
57 88 11 29
52 20 16 59
44 35 55 68
57 98 66 22
29 90 31 64
50 61 64 32
42 72 30 61
14 92 66 69
33 41 48 86
68 32 77 54
61 13 19 63
48 94 54 74
23 64 85 82
30 98 94 79
43 39 71 56
26 43 18 15
76 70 51 67
49 40 81 12
58 60 48 53
64 61 91 89
98 23 80 69
29 71 64 37
87 29 45 75
87 40 67 60
73 83 80 85
52 86 55 71
15 39 89 31
62 59 15 50
64 47 67 78
62 91 97 92
94 72 23 73
85 78 28 64
16 83 61 83
83 93 74 68
92 52 21 44
95 47 52 52
67 46 87 84
40 32 58 39
79 25 74 66
10 30 77 65
79 61 85 55
78 57 32 32
25 52 94 92
71 50 98 47
24 23 38 13
15 78 30 30
21 55 59 54
15 60 92 15
77 90 56 87
91 77 88 10
62 36 43 57
69 74 80 15
63 97 10 19
24 90 83 67
78 67 85 48
17 25 25 57
32 28 79 26
75 33 92 10
69 45 69 13
71 47 85 97
82 44 60 46
91 69 89 13
38 22 29 35
17 35 58 19
10 70 35 19
94 29 93 15
73 45 76 19
73 91 22 41
57 28 60 90
51 19 63 23
32 81 49 100
69 46 90 80
96 95 63 66
13 18 62 70
70 69 27 91
13 40 99 89
93 49 44 86
89 90 54 80
35 61 60 84
34 18 77 36
34 63 80 21
21 87 56 82
17 23 43 53
63 92 55 18
34 41 29 40
22 49 70 65
74 89 81 30
71 25 22 10
75 38 94 76
86 30 85 22
33 72 33 97
55 73 94 52
56 89 32 57
100 52 62 95
81 77 36 29
91 80 79 36
21 97 38 15
64 45 65 56
42 42 67 17
98 33 86 94
12 43 24 27
100 83 49 28
64 17 52 80
38 12 48 81
69 23 23 74
54 27 75 23
62 69 75 95
87 83 38 65
46 82 47 99
23 89 79 29
25 69 69 95
57 52 58 30
78 93 98 72
78 68 60 25
67 41 61 87
85 90 20 57
80 68 84 16
37 74 50 33
72 74 63 86
25 12 44 16
40 87 25 26
51 95 21 17
73 38 40 29
28 34 40 66
12 82 15 45
56 77 42 33
70 78 81 28
49 52 86 85
84 71 20 84
79 77 42 86
32 86 38 69
54 74 37 53
67 28 50 63
53 80 68 22
50 18 67 51
96 12 80 32
56 97 32 79
22 60 80 45
88 65 67 75
41 58 25 84
45 23 39 58
20 77 76 52
75 11 71 33
31 45 45 72
83 48 65 70
20 63 79 36
33 72 25 21
76 92 90 100
97 32 47 49
14 54 80 59
93 29 78 54
86 46 71 26
13 88 25 59
87 74 73 44
19 38 55 93
10 71 78 45
14 73 38 72
71 78 97 15
69 33 73 93
97 22 72 98
38 29 94 56
57 24 40 93
47 58 35 28
53 61 33 48
96 97 56 42
29 45 26 63
90 53 85 44
66 18 59 94
23 89 65 53
82 55 45 86
26 69 77 40
94 71 90 76
98 77 13 53
36 84 96 25
31 59 45 43
31 70 71 71
48 97 15 89
93 46 72 94
42 92 78 26
38 98 25 79
67 37 95 15
93 86 29 64
78 61 52 30
56 96 89 28
50 31 20 59
20 56 52 66
43 56 73 82
62 34 100 82
53 29 59 29
13 50 71 56
90 49 10 24
48 64 90 27
67 59 79 71
19 22 69 32
79 81 100 74
68 93 65 99
61 83 51 76
54 10 25 91
33 69 99 51
31 61 64 11
94 65 77 55
64 89 79 34
20 100 82 24
12 59 70 40
36 25 30 61
80 46 33 84
94 72 51 96
12 87 44 59
99 73 24 76
50 38 92 99
38 83 78 53
92 100 25 18
35 33 32 74
96 25 52 72
26010 21901 15339 9650
51 80 18 80
95 99 36 51
98 74 13 27
75 99 47 35
25 86 47 46
64 17 33 31
51 82 56 27
38 41 14 59
83 81 11 47
91 71 67 58
35 71 37 17
26 36 76 69
63 68 16 67
22 99 43 13
33 71 89 85
83 40 28 82
82 18 88 95
32 77 22 55
51 69 17 46
59 34 84 51
71 34 23 85
87 95 65 86
13 59 47 19
43 40 92 39
90 32 65 59
56 32 59 93
79 49 24 97
75 55 43 41
26 45 99 72
51 30 29 95
26 46 16 89
90 98 27 73
57 49 100 46
73 18 37 65
92 49 40 76
80 57 21 12
95 20 31 14
17 50 35 56
43 68 71 99
83 19 80 68
60 24 42 21
91 91 65 55
87 70 51 13
18 77 57 84
88 85 32 75
72 81 42 47
56 88 89 36
13 77 77 21
58 77 88 99
73 90 24 62
21 29 31 83
58 39 30 26
47 57 56 40
69 50 15 34
20 36 37 16
49 65 51 59
31 40 90 87
18 61 26 97
73 17 21 59
11 28 48 55
91 92 89 59
95 43 19 71
51 47 72 73
74 69 66 52
72 66 41 10
94 35 22 56
23 57 80 82
39 41 92 45
47 53 49 49
61 21 13 15
55 42 27 91
13 79 31 27
76 57 71 71
15 95 19 40
90 14 72 14
73 87 26 53
11 99 35 40
54 41 60 16
52 92 46 32
13 12 67 18
26 98 10 97
41 93 22 61
41 33 52 28
33 19 94 15
82 86 91 84
53 34 33 46
40 67 74 74
47 27 83 99
28 25 100 78
26 39 75 56
95 10 84 35
89 13 31 31
63 16 95 74
40 84 88 97
32 47 66 81
98 61 97 96
59 61 30 28
58 23 27 95
93 28 33 49
93 34 49 47
41 12 31 49
95 60 30 14
46 78 78 98
65 32 17 77
87 72 44 85
50 81 31 89
58 82 77 65
85 36 86 74
100 87 29 40
22 47 19 70
43 48 40 70
69 57 30 65
37 65 13 85
63 80 71 27
25 81 56 50
61 53 86 26
25 59 32 76
12 14 25 27
91 23 43 50
29 46 18 91
48 55 58 35
61 93 23 85
34 66 30 36
81 75 22 27
51 78 38 88
67 16 46 37
15 38 78 21
25 28 51 30
47 92 24 75
36 42 26 17
69 77 13 51
57 36 12 91
32 61 47 65
67 53 95 29
37 19 19 31
26 42 48 30
68 70 56 28
92 89 36 75
56 76 79 24
96 97 41 32
97 39 31 95
34 55 98 30
14 31 38 59
83 49 69 93
78 10 47 72
65 98 55 99
44 13 73 26
39 80 11 86
50 34 20 22
16 72 54 36
93 94 65 30
11 27 74 46
75 90 65 84
51 10 78 47
60 25 44 30
71 48 59 58
91 60 46 60
60 66 12 90
59 55 55 25
41 88 13 35
20 42 42 48
66 98 64 69
73 64 32 63
32 93 17 70
62 56 51 25
17 10 15 32
79 26 59 12
78 75 46 90
71 37 87 55
93 77 15 42
73 31 17 78
78 12 91 49
15 52 11 82
82 14 56 99
14 59 96 97
59 16 58 41
26 27 17 27
68 13 61 86
55 21 60 30
85 22 15 41
38 37 39 63
77 69 85 15
46 83 29 17
61 38 38 40
24 71 53 98
69 27 97 70
94 74 55 28
38 76 72 96
76 91 14 86
66 96 78 76
42 65 38 74
36 58 98 19
43 72 36 87
51 85 35 28
92 23 79 72
61 63 66 39
14 18 71 68
89 12 12 27
32 51 65 49
18 58 51 73
38 11 72 13
53 82 46 57
79 26 80 49
26 19 84 17
37 19 41 58
80 36 78 50
80 86 68 32
51 59 22 99
17 27 80 69
22 75 71 72
62 77 40 53
75 21 78 31
32 45 41 15
82 92 15 54
18 36 58 93
20 96 69 65
75 33 89 43
52 61 22 22
36 24 23 94
40 55 51 14
81 86 46 45
66 93 50 71
98 19 36 15
42 75 62 16
56 95 72 20
45 23 77 77
39 43 94 79
12 75 91 55
38 47 53 40
36 26 95 66
18 20 65 55
72 100 42 97
55 23 32 63
86 41 72 17
94 15 76 79
95 15 63 92
58 70 23 87
38 84 100 35
74 61 11 33
97 53 59 10
65 33 49 21
26 31 13 67
13 64 98 99
60 38 74 17
38 25 100 98
24 33 63 12
11 26 90 53
60 44 29 23
95 87 98 49
46 93 51 14
25595 20971 15054 9703
30 85 12 37
64 53 10 54
61 47 96 45
14 20 36 58
12 64 66 57
29 66 97 63
62 20 80 45
84 91 54 83
16 83 43 18
34 32 65 62
20 91 16 90
54 62 22 80
27 94 20 14
58 32 83 80
17 24 91 45
55 45 56 86
85 89 19 88
96 18 78 76
19 57 49 46
19 21 29 39
17 49 66 40
71 43 26 78
62 23 61 99
28 89 10 53
59 17 59 29
66 41 81 78
95 12 74 39
93 59 17 92
31 77 15 68
87 34 60 15
50 72 27 74
77 32 16 79
99 44 65 15
47 48 64 81
28 20 75 29
72 93 75 23
89 25 82 16
41 87 93 16
89 56 63 24
41 37 76 51
46 54 17 61
37 78 96 72
61 80 60 78
52 80 19 10
21 92 48 28
72 20 32 92
34 10 55 62
79 16 55 90
35 72 87 11
31 71 73 79
78 30 60 58
73 47 74 72
78 100 13 29
43 66 64 16
64 24 41 63
100 63 71 44
27 90 23 71
24 76 99 65
49 95 27 85
14 97 64 85
77 17 83 88
58 90 56 85
20 40 95 17
49 92 30 50
85 52 28 51
21 77 82 93
41 78 51 76
73 24 14 96
27 62 45 43
20 96 76 53
67 76 37 66
39 86 96 81
12 63 81 72
39 20 46 17
81 38 75 14
21 20 90 49
80 26 48 88
83 22 25 31
43 31 61 87
65 24 44 18
86 99 48 50
19 28 62 63
52 83 70 79
63 23 68 19
63 85 16 80
12 54 52 64
97 24 16 49
25 26 99 29
72 83 79 69
21 87 59 49
93 48 44 16
93 27 19 37
59 29 71 31
31 58 19 70
41 76 42 67
28 67 29 100
32 19 22 94
48 86 18 89
70 42 98 17
40 23 83 36
14 48 92 64
65 25 97 57
58 97 88 59
65 21 25 77
16 41 70 92
84 54 93 26
63 14 48 16
66 52 96 41
27 54 23 65
73 34 22 83
93 31 90 65
63 86 82 41
70 19 54 28
71 55 68 33
35 22 40 17
52 49 81 31
12 75 71 55
87 46 80 29
92 57 59 48
77 26 80 78
71 92 34 85
40 27 100 20
25 30 72 95
32 45 21 57
72 87 60 91
79 81 92 94
43 39 34 94
28 71 15 36
38 61 27 45
39 100 89 84
69 71 67 52
73 63 38 96
26 95 10 61
52 84 27 79
58 45 32 76
83 28 79 53
82 98 80 66
36 44 23 17
67 30 56 50
64 29 43 20
27 28 91 88
88 24 54 89
17 11 81 47
60 48 39 42
47 65 86 49
20 42 92 23
63 92 13 34
68 83 67 70
31 57 69 45
34 75 74 63
20 84 43 43
77 56 90 48
76 88 88 89
70 68 68 34
92 22 76 73
53 23 11 81
83 71 67 52
64 76 42 55
71 79 35 21
27 47 20 25
53 80 41 66
50 99 86 19
92 33 47 60
82 46 51 93
30 38 81 65
86 43 90 65
94 45 61 50
55 24 56 48
77 53 47 68
81 96 45 66
26 94 22 44
31 25 16 86
93 28 37 74
79 43 50 66
84 98 30 25
60 46 43 97
25 48 86 45
30 68 99 17
55 25 21 58
80 21 54 75
65 44 22 58
81 84 91 76
13 45 12 73
94 76 97 77
55 94 97 50
91 41 100 52
22 54 32 44
11 45 16 51
39 52 13 64
48 63 56 56
73 67 46 69
17 72 88 34
51 28 20 94
96 12 31 12
66 90 85 53
55 40 75 72
40 18 94 75
52 16 73 13
97 54 35 71
32 93 100 23
88 74 18 40
64 59 63 44
73 73 19 21
88 91 54 100
94 23 15 60
33 100 83 93
90 44 63 21
79 94 70 36
73 100 99 18
57 31 48 57
15 95 71 89
44 56 53 31
34 82 90 60
15 69 100 85
60 39 81 55
58 15 34 56
32 25 37 46
81 33 60 67
25 55 93 86
77 31 13 75
98 91 46 99
48 53 21 92
44 93 72 21
67 87 61 12
54 31 64 49
72 93 15 96
85 42 19 74
53 66 62 96
94 61 71 77
46 72 67 95
86 22 18 79
47 38 29 72
55 14 86 40
53 96 76 68
78 81 11 11
100 57 69 33
74 83 17 57
43 15 27 97
89 10 34 11
28 92 46 36
82 67 31 82
25 97 27 40
34 17 17 69
55 92 59 61
11 34 74 29
77 72 51 100
37 94 95 65
90 69 52 62
57 42 44 64
26 100 38 52
