20 250 4
5 1 2 5
70 150 191 250
26545 21694 15810 10185
17 99 49 50
51 74 89 19
16 44 26 41
48 10 13 46
11 41 34 60
29 90 91 69
35 99 29 53
99 51 52 45
54 65 18 93
21 27 44 32
73 40 97 58
42 61 53 45
87 58 76 68
17 85 84 18
77 24 13 24
21 44 100 43
67 44 92 38
82 32 63 37
39 22 35 74
99 61 44 87
91 20 88 79
24 99 35 68
98 45 60 80
87 11 85 55
60 27 100 26
45 37 47 79
30 21 15 36
25 39 24 48
65 97 93 57
48 94 23 73
11 87 100 78
44 10 92 51
16 91 14 25
52 10 17 37
25 65 75 86
22 51 100 39
82 39 33 91
63 85 51 29
63 12 93 18
54 70 94 87
55 83 30 56
93 50 43 64
16 80 96 20
44 43 42 92
12 57 50 13
20 55 51 69
11 92 77 67
77 81 58 52
93 18 11 19
99 99 33 40
94 57 90 74
23 33 92 13
99 31 54 73
92 58 88 38
85 27 62 15
27 94 86 50
54 72 71 36
79 69 54 36
54 59 76 40
93 71 70 40
59 57 26 59
79 43 73 25
29 99 86 19
58 98 92 17
60 95 12 92
92 53 95 15
28 74 38 94
53 34 55 68
64 72 29 43
88 15 72 46
75 43 35 81
13 48 36 38
90 21 52 86
25 76 39 100
40 22 36 75
24 95 13 82
30 59 11 49
77 40 55 91
25 90 53 66
97 46 48 36
56 80 72 44
63 87 15 23
80 36 59 28
32 88 71 97
62 93 78 80
73 75 40 11
14 11 60 91
31 58 58 13
74 54 15 91
16 29 29 12
21 16 85 83
74 53 29 48
27 100 75 93
32 27 75 85
16 98 97 43
61 85 60 21
15 93 78 16
61 26 84 17
79 25 95 21
62 37 49 57
31 19 80 51
71 62 57 67
88 92 60 12
37 24 65 31
96 23 78 31
34 48 21 20
92 40 27 20
18 43 67 92
48 55 97 98
51 48 22 99
27 70 72 95
71 87 74 20
99 31 23 40
67 55 64 93
52 45 62 57
57 44 52 21
47 79 20 59
72 97 96 77
67 22 64 50
94 67 99 71
18 41 11 57
89 59 79 86
10 67 100 66
42 16 96 89
96 63 98 46
100 68 81 72
15 13 86 35
43 17 44 38
64 89 100 79
85 46 29 79
28 48 33 74
55 82 75 60
22 16 56 53
45 53 20 12
38 26 39 18
47 76 52 73
38 45 32 19
92 17 98 58
81 63 69 56
68 23 79 84
91 51 85 47
22 81 94 29
26 81 79 37
21 11 61 18
91 47 20 21
18 75 79 59
17 23 33 94
71 47 43 74
59 84 48 61
41 69 62 46
13 14 76 93
80 98 27 86
88 66 95 86
57 87 17 28
23 44 42 47
41 54 94 36
52 10 68 80
65 21 45 39
95 46 96 62
67 39 45 65
33 33 60 36
46 96 97 56
78 16 86 30
65 78 93 77
46 15 78 35
51 26 59 41
85 14 88 14
20 25 55 68
47 36 15 24
70 95 94 84
63 100 68 41
34 18 96 12
81 95 80 67
73 53 23 17
71 34 64 97
82 12 16 97
58 42 81 19
63 59 34 75
64 31 28 40
64 63 74 53
24 81 53 89
56 77 68 26
45 66 81 48
83 84 88 37
79 97 80 41
31 10 26 56
63 87 63 50
95 66 23 60
44 80 27 42
42 14 71 99
34 93 86 73
61 72 38 33
73 91 43 45
24 86 92 77
99 15 76 99
72 59 55 87
38 62 72 61
86 14 53 67
83 79 30 49
36 16 41 98
71 15 100 75
55 13 67 94
43 59 49 92
72 31 44 82
37 69 10 83
51 36 91 24
76 68 81 49
72 75 17 55
38 23 35 57
67 87 69 61
13 90 70 60
44 99 94 75
72 59 56 42
64 24 87 27
43 61 51 69
91 29 64 96
87 20 90 96
67 92 21 38
76 10 91 62
29 66 10 46
19 83 84 81
99 75 84 46
97 16 41 40
59 94 50 35
11 63 30 50
11 17 81 46
59 16 50 86
41 26 96 90
25 100 12 39
51 96 50 82
79 86 15 39
96 73 86 18
34 26 73 97
84 55 54 100
76 25 69 24
60 41 61 66
87 11 91 80
68 53 87 69
62 77 74 66
15 22 32 78
75 84 90 15
94 29 92 55
57 35 72 43
54 40 12 70
73 93 30 43
15 95 85 82
25 36 84 26
94 24 68 82
87 51 73 18
97 18 17 30
28919 22698 16505 10984
87 92 57 44
20 75 65 23
59 65 65 11
21 23 23 91
41 96 65 17
59 78 89 58
66 74 60 77
68 58 40 78
48 31 29 14
49 91 30 15
34 79 30 84
83 86 33 89
83 74 15 59
17 18 17 84
69 80 34 26
77 56 52 15
37 36 28 33
37 75 61 65
60 17 12 48
58 22 14 58
87 82 38 79
29 57 17 61
41 82 62 79
22 28 50 93
25 10 20 66
91 44 54 70
49 69 88 68
22 75 59 34
98 12 84 84
26 84 97 79
16 85 97 97
66 22 68 18
51 65 51 96
16 82 31 94
18 92 41 44
13 79 98 23
75 96 48 16
88 98 52 46
15 18 30 11
56 40 11 17
97 36 44 67
60 27 32 52
50 89 47 80
55 62 40 30
57 31 63 34
83 50 36 70
99 87 28 19
21 87 100 70
31 63 65 94
83 35 77 32
74 47 76 70
63 93 15 15
47 80 84 96
53 41 90 87
10 63 10 72
78 81 26 12
100 40 39 77
88 20 64 20
92 64 84 19
14 19 75 88
95 92 38 28
81 26 72 74
62 28 46 10
32 96 28 88
91 67 24 74
43 49 54 45
88 23 95 100
33 65 79 74
58 95 68 90
94 57 15 32
72 71 11 93
99 55 11 90
59 75 47 50
45 26 21 86
29 68 42 99
39 19 48 35
67 64 84 64
98 42 75 14
75 37 63 65
58 10 62 27
26 82 75 14
15 15 57 58
27 42 94 49
53 100 42 22
71 22 16 37
35 89 98 50
11 97 25 67
67 30 19 27
93 29 99 15
83 77 60 16
41 72 34 28
23 41 11 10
24 25 72 36
14 68 79 78
39 37 55 73
31 56 99 58
36 96 13 37
72 59 10 36
39 86 98 76
49 26 30 32
45 38 55 62
22 85 63 62
16 44 64 10
40 69 11 54
85 62 87 68
13 21 43 87
20 89 75 26
92 24 96 28
13 51 45 98
80 97 37 26
62 31 34 50
69 45 40 86
70 85 58 90
33 23 89 80
30 96 28 93
48 47 62 13
86 75 40 71
76 49 13 88
72 88 27 80
83 53 66 38
45 94 44 91
13 30 74 44
26 30 56 42
100 77 17 50
93 61 33 12
48 44 29 31
97 98 76 34
50 12 81 92
100 80 33 94
10 40 49 18
40 64 36 58
88 62 41 87
73 88 23 29
53 66 37 55
25 80 52 26
80 10 22 57
62 11 22 16
53 98 76 20
79 29 27 78
67 30 92 47
32 93 22 91
32 42 66 30
21 36 38 41
93 91 31 97
58 49 30 60
37 55 99 23
65 74 25 92
77 19 100 39
41 36 45 52
27 36 31 93
23 59 65 49
51 52 97 37
63 57 82 37
69 97 32 18
59 32 33 67
90 52 14 37
70 10 43 35
66 83 79 56
72 97 39 73
99 45 25 58
56 64 89 97
70 25 80 29
100 84 32 22
81 85 74 92
59 83 90 21
87 67 76 92
27 82 74 15
60 78 100 67
55 31 20 52
24 82 85 91
23 48 49 76
24 12 75 22
97 98 59 36
50 29 30 17
77 74 51 78
36 87 66 43
93 17 21 11
45 82 33 79
62 28 64 14
83 80 45 64
30 42 14 10
46 69 21 42
31 73 78 49
81 63 94 77
36 44 67 34
77 16 41 63
81 84 78 69
31 54 61 41
16 16 57 25
32 46 28 26
30 14 65 45
72 83 95 23
40 16 28 24
65 40 46 92
100 55 76 62
18 13 30 53
16 35 74 45
28 55 56 36
71 45 41 79
40 71 82 84
53 97 46 78
81 38 61 82
43 34 81 23
36 78 36 26
95 42 22 86
33 85 40 25
33 86 23 14
91 56 31 37
86 39 88 67
47 53 44 28
51 26 90 97
10 39 94 31
46 55 58 79
29 76 77 30
53 63 46 89
99 87 81 16
40 78 98 85
37 38 69 66
59 88 53 75
65 92 85 78
14 85 64 89
57 28 75 52
84 48 100 93
66 42 74 78
33 62 64 56
40 58 76 30
65 28 88 66
70 67 34 38
65 19 81 44
19 41 16 94
54 63 99 17
16 41 15 34
28 37 34 25
80 30 11 39
28 21 38 40
64 88 13 17
86 21 76 48
21 82 12 86
90 35 10 55
74 13 58 49
98 82 50 50
72 17 13 65
35 43 15 49
98 98 81 60
96 88 12 55
54 44 49 88
76 66 94 69
39 86 21 80
50 68 86 65
76 26 19 10
25415 21006 14757 9313
44 36 29 27
71 69 44 19
95 74 52 10
65 27 87 26
100 82 17 84
36 97 13 39
87 49 92 71
62 59 85 26
47 74 59 28
96 75 11 13
22 79 46 90
70 45 89 21
58 45 76 45
33 22 10 60
81 42 58 17
56 67 74 34
59 74 52 86
87 71 24 28
82 62 89 26
21 12 72 69
83 97 25 62
55 69 48 22
10 29 61 52
87 25 26 83
25 39 22 40
96 75 90 87
13 77 93 79
61 28 31 77
49 61 67 76
35 56 31 53
77 20 92 87
86 94 70 29
25 13 52 40
67 11 32 74
25 28 71 36
37 46 89 13
21 85 56 20
67 69 87 66
46 71 82 17
93 69 37 53
46 56 26 89
69 45 41 57
19 97 82 43
64 18 48 52
19 84 67 92
77 46 58 36
59 69 16 60
31 25 68 17
40 28 22 10
38 69 64 32
26 28 69 20
88 22 81 99
35 61 60 41
54 92 37 79
94 98 40 83
93 83 49 100
77 40 32 99
42 19 66 57
48 56 93 59
81 79 47 95
31 95 51 12
28 99 58 37
51 48 11 52
97 57 48 11
95 44 78 89
69 61 52 60
49 30 68 77
64 98 41 77
41 98 21 68
33 78 68 77
86 36 12 10
98 60 15 30
45 26 68 26
40 65 87 98
98 29 38 80
81 73 22 41
63 99 30 66
38 61 40 15
89 32 42 65
18 26 97 12
91 26 14 52
21 19 82 22
91 79 65 77
17 46 18 93
11 25 37 65
61 11 53 64
15 46 82 64
91 28 54 68
14 13 59 39
60 48 57 89
28 92 98 13
67 85 84 77
36 20 85 64
11 58 30 13
84 62 60 63
54 19 79 17
16 53 18 60
27 80 80 52
32 15 45 77
18 11 80 90
32 82 100 45
87 81 17 85
52 100 68 16
14 21 72 51
69 92 73 31
80 20 28 35
39 66 20 47
29 91 64 90
53 20 97 79
28 74 20 17
45 43 36 66
63 31 12 47
37 52 88 30
89 17 76 49
95 21 62 52
43 62 85 59
44 69 53 56
30 30 25 92
44 51 81 48
27 49 24 16
73 49 48 80
66 31 72 18
48 80 45 66
85 18 74 58
33 43 43 32
70 86 15 21
57 14 27 30
100 70 47 77
95 58 99 30
100 71 40 39
75 54 64 58
47 20 95 14
93 95 26 25
91 40 83 40
77 85 85 90
95 97 61 84
57 52 87 72
95 70 35 36
90 79 26 59
41 99 69 15
34 50 80 61
45 49 94 90
85 45 15 47
53 22 58 53
56 47 58 84
35 30 48 92
47 56 45 98
75 38 25 73
80 49 94 69
64 44 79 72
45 49 94 48
26 12 36 43
56 44 43 14
56 25 35 54
75 75 36 74
38 47 22 71
62 14 84 68
84 52 27 20
19 46 11 68
12 94 88 75
97 80 38 47
61 86 66 19
38 52 17 77
61 53 92 33
20 97 70 52
19 36 70 40
64 20 20 69
26 11 80 91
69 45 66 41
16 75 87 40
88 21 98 52
19 28 15 27
71 93 93 84
69 76 46 94
21 80 82 46
41 45 95 31
99 54 79 85
50 19 81 98
78 75 86 95
50 49 68 60
71 65 35 64
13 57 26 73
70 76 55 27
36 50 84 77
87 12 72 50
66 94 43 59
79 84 80 19
82 78 54 23
34 91 27 50
41 98 25 46
73 54 84 98
61 99 45 34
60 61 60 35
27 51 44 39
17 96 72 47
82 10 44 85
22 96 54 46
71 20 56 100
64 27 76 61
96 90 50 26
80 74 23 52
10 48 76 18
30 70 100 24
44 86 12 22
50 90 56 17
54 64 62 88
42 54 27 14
10 85 90 90
52 63 95 60
16 71 46 39
72 43 48 14
32 58 91 55
32 39 57 37
74 25 76 17
49 58 33 62
98 49 28 77
65 12 68 37
58 65 95 83
68 46 30 48
66 88 68 87
29 50 98 97
56 54 18 14
67 68 57 100
66 84 12 83
81 16 57 45
78 58 28 65
86 89 41 50
38 53 48 19
35 11 59 56
100 100 32 16
86 74 12 71
16 76 76 16
31 72 53 86
41 77 20 89
51 25 32 18
28 25 39 79
51 10 51 68
20 97 27 95
91 38 23 27
82 70 63 82
87 46 91 98
53 61 51 97
85 65 93 88
93 50 89 76
92 43 22 97
94 29 64 51
86 28 75 35
74 64 95 29
29 81 30 72
27 89 56 41
27139 21120 16086 8910
66 67 25 74
67 75 51 22
74 70 20 54
19 34 88 46
81 79 78 95
41 59 12 39
77 63 91 85
13 40 13 99
29 10 55 17
31 84 40 44
84 43 23 53
70 86 31 44
40 36 12 30
53 22 26 40
62 63 65 61
91 28 15 60
40 30 30 27
54 66 35 73
85 44 47 29
89 58 10 90
57 54 78 52
39 71 67 26
24 25 40 81
88 93 55 51
40 64 49 95
50 78 41 54
84 30 27 28
30 86 44 64
47 30 50 14
82 32 63 81
67 18 65 27
15 82 60 34
43 76 74 19
94 40 56 26
63 38 41 47
27 69 80 62
75 17 87 52
73 21 68 99
83 29 85 30
82 67 66 17
68 96 99 72
23 20 96 10
69 52 84 53
50 26 47 93
29 51 80 17
17 51 17 87
86 46 59 31
59 48 72 29
16 86 28 24
87 29 13 73
35 22 95 28
92 53 22 15
30 31 76 19
42 52 29 77
85 95 52 77
76 93 54 17
12 62 39 76
54 32 58 14
53 92 49 51
46 80 46 44
97 94 11 84
90 38 75 59
73 70 46 85
44 15 93 97
85 81 64 28
87 46 55 68
68 99 82 31
26 63 45 19
97 48 37 17
29 80 77 21
87 85 26 55
21 46 64 82
13 12 68 40
84 42 60 35
49 14 23 87
99 100 71 46
71 44 57 62
10 85 45 95
12 34 22 31
99 89 94 74
61 60 91 38
74 21 36 16
86 64 81 77
86 78 22 58
19 79 75 82
27 90 68 26
60 73 71 37
71 78 40 92
75 70 48 49
47 17 38 32
22 22 61 16
52 63 90 60
61 81 42 95
30 24 90 90
84 39 97 38
58 63 84 94
38 67 53 64
16 69 18 95
46 17 86 25
28 100 70 82
34 65 81 53
44 75 91 76
59 37 20 43
82 54 31 78
51 58 64 12
71 55 93 100
73 55 17 56
96 72 87 87
81 30 17 19
36 50 54 94
70 71 11 93
62 93 43 33
34 59 90 88
97 92 11 88
14 94 77 97
72 88 72 38
76 11 67 14
24 96 67 83
37 82 27 49
82 46 80 37
29 32 28 41
11 59 86 50
59 95 73 21
17 71 85 86
15 25 54 44
53 93 65 38
82 44 96 21
95 44 89 25
34 83 41 35
33 28 78 76
55 37 87 12
16 38 89 58
46 24 35 56
23 31 36 56
60 51 62 82
47 46 10 49
25 58 13 62
87 26 30 48
92 96 58 94
54 63 48 82
65 79 65 71
61 36 60 40
91 19 33 64
88 70 45 42
89 38 67 35
97 70 78 55
50 27 62 62
67 50 58 79
74 41 86 31
32 85 73 65
80 41 23 78
85 45 56 86
41 88 31 79
23 71 15 81
84 56 91 14
90 48 83 88
53 85 99 85
24 88 34 48
10 79 66 58
98 95 24 19
27 38 69 51
60 60 91 68
52 98 83 55
49 31 28 23
14 25 57 28
55 95 65 97
39 18 86 15
94 83 77 63
84 87 14 42
71 55 50 53
42 79 40 67
36 37 79 83
23 91 91 95
54 85 62 26
25 45 32 55
30 95 92 85
81 27 28 50
92 61 20 73
24 86 35 64
70 14 42 62
15 48 17 85
44 90 59 28
62 97 73 56
44 92 52 76
35 23 73 65
48 84 67 56
17 19 88 48
29 96 34 61
48 19 32 52
94 84 51 70
25 46 19 65
86 28 55 13
10 59 65 34
77 14 17 55
57 99 25 100
20 59 24 51
22 82 54 78
21 44 62 59
53 88 87 82
22 35 27 69
64 18 33 39
38 32 37 33
10 58 81 20
17 94 96 82
17 97 60 96
10 57 82 89
76 16 98 70
80 24 33 20
17 40 97 16
93 15 37 42
68 30 52 33
85 47 66 70
62 76 63 70
39 68 58 55
53 24 25 79
83 62 56 77
78 45 23 98
20 16 24 52
47 65 43 56
91 59 60 80
57 59 44 51
47 39 17 89
47 86 76 77
85 54 80 89
47 38 86 88
79 40 79 94
54 84 94 12
93 17 44 70
93 66 38 85
64 63 60 30
92 20 83 56
16 46 10 80
27 90 84 48
67 37 42 89
87 61 32 40
45 80 91 14
78 51 79 75
12 41 14 62
53 26 29 35
99 84 52 76
23 50 23 45
47 90 84 73
59 58 35 62
11 85 43 43
65 54 16 98
66 94 89 94
11 82 25 44
95 25 12 77
51 26 98 92
30 74 77 100
25674 20564 15241 9860
61 98 11 54
53 72 81 63
90 95 46 80
27 87 66 90
94 21 21 42
65 58 84 66
33 56 62 94
31 19 42 70
63 20 88 81
77 55 56 82
21 55 21 11
27 37 71 58
69 77 40 17
15 51 58 46
97 42 93 31
98 95 57 26
55 92 20 66
89 88 12 45
82 26 71 95
95 83 96 17
66 66 77 98
73 84 65 46
56 59 58 17
25 51 87 86
36 22 31 64
96 98 48 69
75 90 49 97
13 59 81 83
11 28 72 29
23 75 17 37
79 35 16 31
100 18 16 60
17 72 66 81
54 71 79 32
19 67 94 82
26 94 70 77
54 40 80 55
26 67 33 76
38 67 92 37
70 43 16 36
20 69 48 26
95 30 100 10
75 14 35 96
25 40 88 66
70 39 40 48
50 17 55 89
81 63 79 32
64 17 79 67
67 23 14 25
31 59 43 80
37 60 52 96
29 39 10 40
64 77 60 55
83 36 48 12
89 67 61 93
60 27 23 71
23 96 25 60
18 89 95 21
31 86 25 11
52 95 90 55
75 68 60 21
11 88 96 37
27 40 100 10
13 14 20 73
28 98 45 61
42 51 12 15
75 39 91 91
30 47 70 90
70 83 25 91
37 65 20 51
96 32 42 23
42 55 52 37
67 49 31 23
62 12 60 31
41 47 97 28
19 85 43 23
59 30 42 13
17 80 64 32
97 27 11 81
78 94 82 80
83 37 46 31
59 94 69 66
60 48 66 99
96 42 51 45
50 91 37 27
85 94 19 76
83 86 99 23
42 83 28 33
75 73 45 32
79 48 74 84
10 76 87 23
73 67 84 78
14 20 81 82
84 99 61 26
29 50 28 41
55 71 70 63
71 98 51 36
54 49 67 79
17 57 55 85
34 81 23 51
64 10 87 95
38 29 42 51
33 88 33 52
92 49 18 77
25 17 81 99
69 63 21 32
76 37 17 96
84 40 31 44
95 32 71 53
55 58 81 61
77 92 35 95
73 71 41 45
98 50 83 79
15 62 80 58
89 78 48 71
36 72 62 81
41 12 84 54
71 94 70 45
36 11 59 50
69 23 30 73
39 100 80 14
84 67 11 18
95 83 57 91
59 26 47 18
46 93 26 47
43 59 65 32
35 76 22 15
15 88 10 22
98 18 19 22
69 18 97 92
28 13 29 27
94 25 32 42
13 33 90 62
13 11 14 83
68 22 95 58
72 95 99 92
73 24 93 25
99 47 91 54
63 11 69 61
54 21 47 98
68 68 49 72
65 100 23 53
13 98 28 75
59 49 17 100
17 57 14 51
34 79 54 15
99 82 16 23
83 11 56 94
83 92 69 14
43 42 15 56
63 56 32 89
100 91 74 74
35 89 46 88
64 59 80 19
78 30 78 39
15 76 38 64
33 25 63 97
52 17 97 26
77 90 19 49
21 23 32 89
89 89 55 59
71 53 37 56
57 10 28 67
34 12 77 27
36 57 43 50
74 90 29 42
84 85 92 12
70 59 95 92
77 92 14 44
63 39 13 83
94 62 38 99
60 76 66 15
40 32 22 20
46 12 33 66
10 97 74 73
46 14 31 94
28 26 31 13
14 90 19 72
61 93 70 42
69 25 97 52
70 63 57 23
79 21 71 27
98 36 51 25
56 60 65 26
68 11 51 64
53 84 77 57
72 99 26 80
39 84 98 89
56 43 94 64
47 64 41 62
71 46 17 90
97 85 41 12
11 28 12 60
24 27 42 84
94 52 26 29
47 76 73 31
42 18 38 73
28 59 88 100
12 70 73 70
46 51 84 87
88 62 60 33
86 26 96 69
63 29 87 88
51 61 21 28
37 94 56 94
36 49 93 14
78 40 24 71
70 79 22 93
67 99 87 13
97 39 100 89
46 43 51 77
89 94 63 89
80 64 14 32
33 27 20 34
99 11 13 20
36 61 64 86
68 25 37 60
73 12 73 78
47 79 93 27
85 78 28 11
31 21 58 87
22 83 80 24
64 51 70 57
74 27 70 16
68 84 88 28
63 100 88 55
66 31 90 86
15 28 67 66
61 23 92 23
50 81 78 36
33 30 70 33
20 38 53 84
41 53 89 61
54 76 85 42
62 16 39 23
71 10 14 27
32 51 82 98
98 55 13 24
12 99 75 85
93 52 83 78
91 55 74 21
30 91 74 80
43 25 65 88
28 37 44 25
10 48 17 92
37 47 58 49
40 14 99 83
38 71 94 70
32 81 94 36
44 46 21 17
26387 21694 15161 9673
77 19 21 88
23 16 82 35
59 75 53 36
24 27 26 72
11 46 81 40
52 85 44 82
47 11 72 70
89 61 94 29
26 24 22 81
36 67 87 10
52 11 67 21
38 75 45 41
30 42 22 48
82 71 67 98
96 89 75 97
71 79 33 81
25 55 48 74
69 63 66 39
48 50 74 56
67 70 52 12
100 32 22 28
92 50 11 92
53 47 62 41
60 23 73 56
61 92 64 25
59 93 50 86
72 76 91 60
92 62 17 69
16 51 38 91
55 57 56 51
17 46 11 34
47 49 99 28
66 36 93 37
74 38 97 16
74 78 68 47
17 56 81 64
39 37 66 66
90 76 45 60
50 85 25 52
34 94 63 54
79 45 36 51
80 17 67 59
45 69 92 100
20 93 84 96
79 38 69 66
54 86 47 90
24 51 64 12
100 64 69 79
86 59 79 11
97 60 36 87
92 91 46 79
10 24 34 81
25 43 75 74
81 47 93 97
23 54 90 76
84 85 98 36
98 72 82 19
10 19 15 89
38 58 13 72
45 21 69 13
33 70 15 73
100 98 51 18
43 14 16 19
39 83 44 24
87 91 65 71
99 96 14 49
55 83 46 73
99 25 30 14
100 75 79 84
82 32 98 11
70 24 43 20
22 81 86 41
75 22 10 43
47 91 24 47
28 78 44 27
44 14 37 53
57 23 18 47
48 80 62 27
93 83 33 84
95 61 40 87
47 82 25 21
72 21 13 24
38 82 59 80
76 82 51 18
22 29 24 80
11 30 25 30
43 88 42 36
100 82 20 22
62 94 32 22
41 24 50 60
98 24 82 64
16 47 80 42
79 34 50 76
54 54 76 47
35 37 43 88
77 16 29 29
54 25 72 82
48 71 32 48
95 55 78 71
77 89 73 16
44 98 31 63
61 80 17 42
30 49 53 96
41 21 67 39
90 58 28 14
52 99 74 66
74 27 27 30
62 37 64 56
24 36 10 96
85 52 14 48
20 92 90 12
95 39 88 39
55 90 28 20
49 57 94 98
41 16 60 88
28 90 27 58
94 96 22 96
77 63 77 35
68 30 39 88
74 12 21 62
54 30 76 88
35 43 76 25
77 98 86 29
75 29 92 80
100 14 90 46
18 82 78 76
41 50 73 95
63 44 25 50
87 63 65 83
38 55 99 10
59 41 13 31
27 13 78 32
87 19 16 52
81 21 46 74
54 29 63 36
41 66 19 81
13 85 57 38
79 89 60 97
25 44 75 15
38 91 27 36
45 41 33 97
89 36 53 28
52 65 44 60
61 30 75 100
19 27 65 94
48 99 38 54
82 93 69 30
76 76 52 73
68 71 81 16
50 49 61 12
17 80 35 94
43 19 13 19
93 83 83 87
28 28 62 13
58 22 77 22
47 89 31 59
69 71 36 25
71 21 77 60
84 55 99 15
65 96 31 60
99 40 24 83
37 41 42 12
45 87 17 95
25 15 54 82
44 60 16 80
79 55 44 100
74 82 93 27
31 29 76 26
90 11 93 23
59 76 83 51
94 32 64 23
98 69 35 18
59 60 56 94
64 33 100 97
27 61 77 60
46 28 42 43
95 85 46 70
81 30 26 75
41 81 99 14
100 27 72 34
68 89 93 38
62 27 23 63
74 60 28 92
46 93 98 99
100 73 86 63
99 31 100 40
70 25 38 94
92 56 97 35
20 45 44 71
78 34 75 18
95 93 74 21
59 40 92 90
69 15 94 73
69 91 68 33
44 71 23 76
17 21 34 70
98 38 71 21
30 71 13 35
76 36 23 17
46 38 39 66
45 36 15 84
39 52 37 52
69 15 73 57
32 51 73 48
71 90 70 42
24 43 58 18
84 51 55 41
13 63 48 40
52 49 84 19
89 37 70 90
89 46 23 23
66 35 11 57
52 60 64 52
11 40 76 83
88 14 28 23
28 60 92 23
91 48 80 74
38 55 79 80
43 38 84 74
93 77 71 38
73 20 70 65
15 17 96 26
70 31 62 100
26 67 64 46
21 28 46 97
98 54 21 60
41 74 60 95
57 90 92 37
74 60 100 73
17 83 26 50
94 13 59 57
70 100 28 59
59 88 94 11
98 28 10 89
76 31 20 23
65 24 92 55
98 19 60 29
13 46 58 52
19 38 76 47
94 85 53 25
77 30 74 95
79 88 94 29
62 94 73 98
13 80 26 43
80 36 92 12
89 72 58 11
44 80 95 17
82 81 54 79
89 84 12 59
55 42 32 70
24667 19333 14564 10623
77 64 97 64
82 41 25 84
50 55 62 67
16 93 99 39
95 65 18 43
74 41 47 21
75 91 33 67
69 65 89 81
23 64 89 89
14 46 71 90
21 80 52 93
86 31 93 37
48 67 22 18
98 43 98 55
26 92 92 36
59 71 89 85
66 40 86 30
39 12 31 38
87 42 26 91
59 10 40 63
31 11 51 77
84 93 41 10
75 67 89 73
37 95 69 48
84 71 70 85
61 96 90 69
50 29 36 14
44 65 20 51
92 56 96 94
33 38 16 59
60 34 97 70
89 37 31 71
82 10 22 22
57 77 25 85
10 86 48 20
99 80 32 25
79 89 88 13
71 43 41 59
48 38 95 53
81 64 21 91
96 26 49 97
94 60 38 88
95 65 17 83
83 25 17 20
64 57 79 60
20 10 44 87
36 10 78 53
39 15 100 83
49 33 11 75
76 56 53 34
19 69 26 80
45 43 70 25
36 74 52 64
58 96 22 32
10 88 70 43
92 69 30 79
97 25 34 34
70 91 26 71
40 34 68 32
68 35 14 81
34 91 32 25
56 32 93 96
36 14 35 15
42 90 36 54
41 63 69 72
24 69 90 96
71 55 83 25
86 74 61 30
39 75 32 20
83 81 59 90
21 41 93 75
93 27 25 59
81 96 52 23
75 87 28 48
98 25 50 13
79 26 29 43
85 78 20 85
98 31 49 30
35 36 10 47
44 94 12 42
21 10 78 17
11 63 52 61
36 58 58 45
69 25 52 81
12 97 83 98
34 21 49 14
82 49 59 49
76 80 17 54
12 87 67 94
94 17 31 96
72 35 72 62
21 68 25 81
73 77 92 48
72 35 98 91
79 46 77 52
57 29 19 71
29 27 89 36
21 59 51 38
22 54 62 57
48 65 97 98
66 92 17 31
46 22 44 100
10 33 50 80
92 25 45 74
85 23 40 58
13 53 82 74
37 72 76 83
40 95 60 34
64 76 24 63
41 84 15 21
49 53 10 21
37 67 99 52
62 57 96 25
99 12 12 44
62 59 18 67
29 95 88 33
97 83 31 35
80 78 25 70
85 81 99 13
87 10 52 53
29 62 11 88
99 72 28 37
50 30 51 66
58 24 63 55
87 99 58 34
77 75 65 54
53 74 45 11
15 93 36 70
35 66 89 57
18 32 100 80
24 23 32 50
92 76 83 97
64 49 24 20
17 46 77 55
96 17 95 87
69 79 44 23
73 20 33 44
69 60 63 88
62 32 80 46
87 49 33 100
98 58 94 13
73 19 75 14
70 90 64 66
38 24 45 86
99 78 46 35
67 76 12 87
32 10 97 25
62 93 81 59
16 35 73 68
21 25 80 76
58 58 100 20
41 15 87 51
24 72 32 23
81 11 85 50
97 16 40 47
19 84 51 72
66 64 94 27
100 94 90 25
58 62 29 70
20 90 86 33
19 99 52 52
18 10 76 73
44 27 63 84
33 36 72 83
45 13 15 53
79 66 50 55
26 99 82 14
88 66 97 22
71 98 38 66
36 99 80 12
88 50 52 93
12 35 44 88
59 79 51 18
60 77 70 22
35 13 95 84
74 77 66 15
75 85 71 92
87 81 62 81
90 65 27 32
84 69 79 15
22 29 13 40
78 44 82 50
70 13 82 64
68 59 77 58
86 53 49 41
76 29 44 98
12 98 21 89
41 19 15 81
59 98 99 52
18 52 87 30
73 36 19 25
45 26 74 22
70 56 25 28
60 60 45 47
86 69 80 14
12 70 44 78
73 91 92 99
66 96 77 12
88 32 85 61
63 99 98 78
75 100 42 86
94 69 100 51
69 34 18 23
32 53 15 95
88 61 29 83
94 59 11 45
53 22 63 87
53 93 42 17
38 54 84 52
94 40 89 72
94 35 85 33
95 35 43 60
65 15 30 100
65 77 90 21
62 85 38 85
36 36 73 62
32 89 48 11
14 90 32 51
94 57 100 62
42 11 89 41
84 68 93 43
90 38 86 17
61 52 90 65
94 20 12 54
19 42 49 19
80 36 83 77
66 42 67 75
43 75 76 55
56 11 16 80
88 76 81 41
99 30 10 71
62 22 61 95
25 82 58 24
38 74 35 62
29 47 60 94
100 35 28 76
59 49 59 10
10 16 11 94
46 92 98 35
60 43 29 95
54 20 21 49
59 37 65 94
42 84 51 66
33 17 79 50
21 53 55 93
75 70 33 77
56 92 57 82
47 15 72 83
57 92 83 80
12 36 51 21
26912 20049 14528 9163
82 88 83 67
29 41 24 69
86 10 68 44
15 77 83 51
34 49 12 12
46 10 51 93
49 95 24 14
66 95 29 54
49 87 25 99
47 21 89 78
44 44 38 71
61 28 94 81
48 100 24 56
91 87 36 87
55 35 91 59
94 100 52 48
86 11 24 86
96 84 28 74
45 51 71 98
10 43 67 83
90 47 35 30
38 18 76 48
74 73 80 93
91 43 54 64
12 47 23 45
72 71 31 52
60 50 26 20
20 54 97 50
71 12 40 58
89 92 28 18
75 65 46 49
62 66 66 71
41 30 64 98
10 97 10 97
51 22 67 28
85 65 33 63
13 66 30 40
99 22 94 48
67 28 92 51
87 73 60 68
31 86 84 85
61 27 30 66
12 55 53 83
71 64 51 43
42 11 96 46
53 38 99 14
24 30 25 59
19 72 36 49
55 58 30 31
54 21 30 38
72 24 100 53
17 52 80 74
36 80 80 16
92 87 72 48
93 57 52 27
95 39 82 26
50 99 11 61
64 69 55 31
28 44 13 27
97 33 46 38
18 75 36 97
77 83 92 77
12 32 39 73
56 58 42 32
73 47 57 66
82 14 40 50
11 15 71 64
21 94 65 27
42 67 11 92
66 32 95 43
39 52 17 90
25 91 47 69
59 35 46 93
80 96 58 79
11 62 96 85
68 98 74 12
85 23 60 24
16 35 20 29
36 68 74 34
65 62 63 92
70 63 74 97
88 81 10 63
81 36 82 35
84 64 61 52
94 16 28 37
86 50 17 18
52 66 45 37
30 93 63 81
84 61 39 84
98 11 36 12
98 27 96 94
15 33 17 22
11 19 11 99
52 50 11 57
79 64 26 69
55 47 45 44
15 53 55 56
32 90 91 76
19 36 32 27
61 40 12 16
69 27 90 58
43 21 91 93
66 60 94 66
44 17 22 42
30 77 43 29
15 88 97 57
86 28 26 71
41 16 93 93
83 50 29 99
37 49 38 74
58 88 70 48
24 88 55 71
13 88 99 42
59 69 34 82
46 90 82 71
49 27 78 16
94 50 74 52
41 61 43 98
96 94 37 60
52 34 29 28
59 13 56 93
51 34 12 51
18 33 100 36
95 99 35 91
14 87 69 77
19 11 67 46
96 61 19 23
80 68 17 98
97 52 43 24
27 43 85 90
97 89 99 43
62 21 95 79
95 57 64 64
24 43 87 15
77 79 40 58
21 71 22 75
70 66 76 23
38 57 57 76
62 29 63 95
96 30 87 61
58 99 50 51
65 88 52 18
26 50 50 53
38 39 50 100
30 17 72 48
90 60 38 90
72 49 60 14
71 56 93 12
35 90 95 16
59 93 63 49
94 98 12 46
41 80 80 83
81 39 89 14
40 92 49 82
64 50 33 87
93 43 66 82
21 25 65 84
14 83 60 12
75 77 18 63
16 79 36 35
39 43 38 32
12 52 56 83
41 35 92 50
87 15 64 32
96 52 21 49
86 97 45 59
23 92 62 80
87 90 47 83
38 67 97 92
50 99 27 60
86 31 26 81
54 33 27 41
76 75 23 42
22 11 25 63
97 25 32 71
54 97 18 82
80 47 31 85
49 27 41 94
43 39 73 15
40 82 43 34
76 59 82 12
13 100 23 73
97 100 94 40
89 31 18 94
27 15 39 53
67 100 69 79
55 22 42 92
28 72 98 59
80 95 28 19
76 22 43 41
40 90 25 88
67 54 35 35
76 68 91 27
23 25 85 49
29 41 73 55
95 51 67 95
78 69 58 30
32 40 82 10
34 15 90 83
55 29 29 22
40 62 61 25
98 43 38 82
91 11 56 63
32 94 71 11
76 34 77 15
18 92 93 17
18 58 40 50
56 71 96 22
91 11 22 96
48 18 18 34
55 36 100 46
99 30 44 35
33 33 30 91
71 24 33 12
28 93 36 26
23 11 43 83
88 97 75 30
36 92 84 18
31 33 69 31
41 15 77 79
64 11 96 66
38 43 93 81
69 20 46 97
58 74 64 67
61 65 85 61
11 52 84 87
69 61 37 58
33 74 38 41
51 35 32 64
83 50 92 72
21 18 38 52
25 95 32 74
56 11 40 31
71 17 49 51
54 13 18 50
76 51 97 98
60 78 95 76
23 63 42 64
63 15 47 56
83 21 43 57
87 76 29 86
84 69 91 95
97 95 28 10
20 19 54 83
93 89 14 32
49 73 72 94
93 21 42 37
66 64 41 66
35 75 75 74
96 64 33 66
27102 21266 14886 9375
21 87 78 28
90 84 97 93
12 40 47 87
67 32 40 67
35 67 90 56
26 42 29 28
76 83 98 20
30 11 53 69
80 70 12 14
93 55 29 34
92 25 97 93
95 71 73 31
43 48 44 85
36 89 57 42
100 71 100 25
36 82 69 82
58 67 48 16
42 95 64 32
53 72 58 84
32 65 17 57
41 84 20 24
32 99 19 54
34 96 79 40
35 96 90 49
22 19 12 46
68 64 89 62
63 35 83 90
94 64 79 88
77 62 76 59
46 100 12 49
61 72 72 94
62 63 60 59
85 42 61 42
64 46 94 86
53 13 60 95
57 10 91 61
38 11 35 85
96 65 89 80
42 10 53 73
84 12 30 95
42 99 30 75
50 24 50 42
30 68 62 36
94 13 43 76
16 42 84 97
27 92 45 56
61 16 45 22
67 10 76 61
92 77 15 89
62 76 11 21
31 55 96 95
81 12 58 54
19 19 52 24
92 86 78 44
62 76 12 80
58 55 71 90
56 16 85 85
65 92 44 96
42 24 68 54
47 87 76 25
54 18 68 75
72 93 85 95
71 56 38 43
85 22 63 20
46 45 32 20
60 79 26 63
38 71 72 40
74 35 48 95
39 18 76 14
78 85 12 77
80 16 45 84
49 57 90 64
84 14 15 72
20 90 58 44
60 28 68 37
96 11 86 34
31 90 24 73
48 17 85 62
34 92 86 71
71 62 78 31
48 84 31 96
54 31 70 64
55 29 63 89
18 87 23 62
20 42 91 12
18 13 37 83
39 70 45 19
93 21 86 53
34 70 71 43
79 89 22 93
81 12 99 30
60 48 71 45
28 89 63 74
58 86 51 49
29 77 10 38
99 89 48 79
71 72 41 11
79 81 42 90
51 92 52 98
43 76 58 59
24 10 97 48
73 94 54 17
26 57 63 93
34 76 96 47
18 84 99 98
22 15 13 29
80 50 63 27
88 89 42 71
61 10 70 34
87 12 26 21
82 15 74 45
25 33 65 45
10 42 89 27
93 19 69 70
86 96 27 49
81 74 76 84
36 99 58 41
64 96 77 69
70 26 81 73
32 91 95 25
46 18 75 78
42 29 77 93
31 60 45 39
99 46 50 92
25 71 83 39
42 91 26 97
76 58 98 77
24 55 82 37
17 76 12 57
71 41 27 74
23 30 70 33
40 69 42 72
31 39 89 49
65 51 47 55
50 32 46 88
63 48 59 26
90 13 11 86
23 38 25 34
89 93 76 64
36 62 34 100
61 76 24 14
90 58 50 30
71 85 41 58
89 78 11 12
87 28 64 34
88 58 74 59
63 97 91 28
76 10 14 10
99 85 51 69
19 69 10 26
96 34 34 87
37 75 83 80
89 42 53 73
90 24 12 49
25 78 35 85
81 65 43 49
76 57 93 94
70 90 26 85
22 22 26 25
75 58 78 76
26 12 21 100
16 33 29 53
98 58 73 88
32 70 34 41
43 99 46 74
79 73 58 73
56 16 61 78
52 14 69 72
81 61 14 59
24 60 100 40
80 10 92 100
87 23 76 54
93 14 25 77
82 45 15 99
98 10 78 80
26 23 47 80
29 88 16 34
50 38 47 94
58 46 89 41
59 31 25 68
90 15 92 92
98 57 44 50
51 11 64 39
49 90 30 52
92 72 43 45
45 96 21 11
59 36 16 33
84 60 18 22
66 26 69 45
15 78 74 29
26 93 56 86
85 61 17 13
75 73 11 31
91 39 35 25
72 22 11 57
14 40 88 62
51 65 24 67
42 19 17 92
89 15 75 46
23 81 33 18
57 70 81 37
68 15 79 58
71 94 74 16
35 84 44 74
59 64 28 71
11 35 45 94
38 59 71 77
13 90 52 96
37 31 52 27
78 39 10 94
99 100 31 95
82 32 40 99
22 64 37 73
17 95 34 15
66 19 100 29
90 93 74 35
82 94 37 38
15 26 96 56
31 54 36 59
14 22 50 91
72 88 87 34
52 74 47 30
35 23 22 80
79 33 37 54
18 97 41 96
14 97 43 40
64 67 44 18
36 22 55 85
31 57 83 88
71 38 61 31
26 53 18 35
86 56 28 61
10 38 75 46
30 70 81 97
67 58 12 90
29 96 37 41
63 26 93 13
16 53 50 27
31 95 62 73
29 99 25 81
39 57 38 21
81 23 92 41
13 63 26 21
98 65 79 83
97 68 68 52
46 19 10 45
59 96 42 50
10 75 41 59
17 25 39 41
96 50 54 15
25528 20835 14543 9382
15 59 26 57
34 88 39 58
90 16 92 25
96 92 33 38
41 77 97 68
64 74 69 42
26 55 61 51
33 18 82 86
33 21 64 24
45 29 76 81
93 24 28 33
14 77 94 15
61 71 12 87
53 87 71 68
62 46 78 78
72 22 99 75
99 51 51 63
83 26 73 94
96 30 44 39
64 82 79 62
92 82 88 71
98 42 74 50
22 85 72 30
54 54 57 79
50 73 49 45
91 40 85 50
74 84 68 27
61 58 55 80
85 20 47 45
49 97 82 66
59 80 17 10
87 60 25 41
71 89 76 87
80 76 89 12
32 59 94 64
40 41 14 76
48 96 88 88
43 47 76 71
86 50 91 55
49 75 75 83
36 42 32 42
27 93 14 53
60 68 95 74
84 15 65 47
14 20 85 92
63 14 61 26
89 59 29 83
45 31 32 80
55 54 97 71
40 57 31 83
12 57 91 11
95 96 65 54
72 30 91 91
29 90 70 63
53 17 44 40
94 66 75 18
58 98 61 66
78 36 90 37
64 20 97 36
45 31 56 24
13 57 93 59
42 66 14 23
95 38 59 51
33 24 94 93
54 33 33 61
98 67 53 83
20 27 15 17
95 36 43 54
45 26 35 76
98 28 82 56
10 87 82 86
35 86 60 53
64 85 63 31
75 93 75 99
51 77 77 99
32 59 71 44
56 45 61 97
70 71 46 32
19 82 100 36
80 62 94 39
52 53 67 86
64 69 48 96
49 10 19 47
87 87 69 96
32 70 60 15
67 62 20 19
10 74 75 64
91 21 55 41
74 89 15 73
84 60 74 25
91 54 48 37
16 48 68 40
47 34 47 71
92 16 47 67
88 51 93 81
33 97 78 61
64 28 52 91
72 34 95 80
34 57 72 64
60 15 49 62
87 72 54 29
32 75 35 42
41 29 65 96
96 36 61 43
19 80 36 57
64 77 49 19
70 69 47 36
15 95 29 29
92 88 89 78
14 88 94 34
14 66 36 20
67 94 73 84
20 91 56 80
95 57 74 75
67 31 97 58
17 90 67 38
12 93 21 36
44 36 30 99
38 50 99 53
78 34 80 65
29 65 17 27
23 25 29 81
99 54 32 69
90 95 49 21
27 23 80 37
82 37 31 31
42 95 25 40
65 95 75 13
95 55 18 67
22 83 89 49
69 90 40 35
38 11 17 39
66 74 35 21
26 21 86 97
92 46 61 23
75 57 56 22
25 80 70 40
27 87 92 67
14 30 71 37
64 98 57 50
84 79 64 21
37 39 22 35
44 98 51 87
31 97 44 95
63 66 89 40
50 94 40 91
27 61 38 52
41 23 51 29
49 90 40 50
25 55 78 27
89 27 20 77
22 76 100 85
89 19 65 88
89 57 46 57
40 16 53 18
39 47 87 73
34 44 34 31
92 19 62 53
64 37 12 12
55 18 60 48
62 46 68 32
30 34 76 77
78 70 19 10
58 74 58 87
50 54 82 59
18 56 47 59
14 43 24 93
82 77 27 29
100 86 18 12
54 26 56 27
55 20 69 19
36 66 73 39
73 50 33 75
60 38 61 97
48 64 46 41
81 32 40 81
97 83 27 77
46 90 28 47
10 70 42 52
48 75 43 86
90 48 14 74
26 28 43 32
89 63 96 89
86 100 47 50
12 13 25 82
83 32 70 22
84 31 13 68
87 47 79 62
41 18 10 64
59 40 84 91
61 79 78 75
34 42 15 49
90 75 28 17
71 94 72 31
47 97 64 23
60 29 77 91
29 28 40 12
74 79 80 97
72 74 21 90
38 28 58 25
60 76 54 80
50 75 41 44
67 98 61 35
49 17 50 31
49 53 17 33
59 73 57 89
67 34 35 100
47 69 52 88
94 90 78 59
17 39 76 75
67 29 58 99
65 35 53 72
95 43 36 44
18 85 74 10
96 64 86 15
69 99 56 51
31 54 62 96
44 31 40 47
48 41 73 93
15 84 99 72
62 41 88 91
54 17 65 11
34 11 30 59
80 93 91 67
12 84 82 74
90 74 97 57
85 27 67 18
95 65 16 36
86 45 17 97
51 21 77 23
93 35 78 16
93 64 25 27
43 10 41 58
98 96 33 34
94 21 34 23
75 32 68 99
24 81 93 78
99 84 86 39
32 10 51 27
34 100 34 12
51 50 58 55
35 32 92 40
90 78 98 35
100 36 61 32
89 83 93 13
27 88 63 88
39 19 57 27
32 20 78 26
75 30 98 31
87 68 10 94
24371 19364 14100 8845
91 15 55 49
41 15 24 47
44 33 96 80
70 50 20 47
62 66 54 68
39 70 23 52
51 25 79 76
76 34 22 41
42 23 79 12
34 39 93 49
99 69 26 50
19 11 50 44
78 46 40 60
53 37 80 82
21 89 85 62
67 20 25 95
11 25 82 30
77 53 41 28
67 56 59 29
47 33 22 32
63 40 62 30
86 50 39 79
69 32 82 14
71 29 66 21
42 52 79 47
86 93 48 95
81 83 27 89
79 66 80 46
50 91 38 35
72 90 91 90
55 34 68 37
83 72 91 98
63 16 47 43
74 59 62 65
67 90 57 33
55 75 74 26
46 19 51 55
35 68 85 62
65 19 29 55
29 61 11 66
94 14 79 66
21 83 15 97
43 43 49 33
72 84 70 28
26 86 19 51
93 45 83 45
71 51 54 44
74 83 17 40
11 17 22 30
18 54 71 78
69 12 98 69
65 79 32 74
65 38 15 54
39 16 36 14
14 21 31 49
15 19 63 31
35 29 84 68
32 15 83 15
28 33 59 29
30 19 74 66
68 22 32 59
68 16 25 55
57 65 27 16
39 81 84 71
38 58 65 11
54 29 43 61
57 49 29 66
47 13 27 84
72 14 32 58
37 81 43 51
39 17 81 92
47 66 82 49
96 34 97 86
67 15 41 55
41 74 100 86
100 12 68 82
60 41 47 54
71 96 51 38
47 25 37 38
61 72 28 62
80 35 67 58
18 84 77 87
26 85 38 75
56 60 87 82
70 26 52 96
84 64 86 21
13 98 19 20
31 91 68 38
68 31 66 73
12 60 55 55
15 57 54 59
39 93 13 71
45 86 93 30
11 74 23 24
38 31 72 36
19 92 25 45
22 40 22 50
73 67 59 44
87 57 88 85
48 94 76 35
72 47 38 20
85 89 95 52
51 23 50 93
70 47 57 14
94 25 27 72
29 17 31 15
57 72 95 92
32 80 50 71
30 99 56 45
18 18 17 49
45 39 66 57
15 55 38 97
41 33 52 22
33 14 37 69
34 11 87 35
50 89 43 91
48 59 94 36
87 73 48 81
73 51 45 22
96 45 29 55
52 51 19 14
99 47 96 30
71 37 50 95
88 28 85 21
23 81 23 72
87 35 90 24
94 28 50 46
56 96 31 55
42 12 21 75
10 81 50 35
71 21 88 81
81 57 32 48
14 63 19 84
11 73 50 82
91 11 94 70
41 79 87 54
13 74 47 15
49 32 11 53
82 29 90 22
40 34 63 100
30 48 84 83
100 41 88 61
89 82 36 51
89 55 70 87
63 49 69 78
85 72 64 11
58 64 24 39
43 56 46 89
66 67 18 91
87 48 74 14
74 15 51 21
71 81 10 87
51 33 60 13
90 89 40 31
86 37 68 82
83 92 83 36
54 82 19 61
76 65 15 50
37 19 83 55
95 25 54 67
69 81 94 77
95 11 60 98
10 38 81 85
85 35 50 15
64 99 40 63
36 70 94 24
74 26 26 51
22 74 31 67
21 72 54 53
96 68 72 56
85 28 96 96
34 89 71 64
36 46 60 59
99 53 90 58
87 62 46 48
88 74 14 54
94 14 54 80
75 70 60 43
27 62 77 100
46 59 35 16
25 98 35 94
19 29 96 10
31 65 65 96
45 42 93 67
87 52 38 21
32 12 57 28
15 39 97 68
51 59 69 27
66 78 94 62
39 40 86 41
19 80 58 66
41 61 69 54
75 100 84 88
76 59 70 84
32 43 63 30
65 36 16 39
71 85 92 83
12 98 27 78
75 59 45 90
62 80 53 75
28 52 44 100
86 19 31 75
79 51 61 68
36 39 42 78
15 14 37 60
17 89 94 55
12 99 78 98
42 61 61 79
70 94 74 77
58 43 26 47
80 77 29 33
81 33 75 30
71 97 75 99
32 54 19 46
89 86 48 26
100 27 77 75
65 29 39 82
48 100 47 25
88 98 84 27
34 63 36 49
27 66 32 84
37 31 37 83
97 24 31 100
21 63 78 30
76 31 49 41
71 91 24 12
45 14 46 96
11 80 43 36
40 57 21 99
64 24 93 57
81 59 33 56
89 20 90 13
30 14 22 15
58 81 98 71
79 35 35 28
38 72 28 41
63 46 42 58
89 71 61 76
33 92 89 90
50 88 74 17
56 81 70 61
84 14 29 100
19 49 57 30
40 82 93 78
88 22 93 37
100 84 94 68
75 45 81 93
100 85 85 93
91 92 70 73
40 54 81 91
26013 19827 16057 10923
28 66 51 79
91 67 63 84
92 96 60 53
79 84 31 34
18 28 87 55
100 22 92 52
44 49 37 67
43 80 36 14
58 15 98 78
83 48 27 22
38 80 96 17
46 31 44 10
87 64 83 86
67 91 83 100
39 88 35 35
95 87 19 12
48 19 36 90
89 17 54 45
90 81 86 45
44 45 77 19
78 81 41 85
94 16 14 30
25 86 63 23
73 26 66 38
66 38 39 62
68 55 99 14
55 39 25 75
33 97 84 51
71 39 65 24
25 76 10 35
75 88 57 29
24 19 81 69
88 28 65 26
78 41 19 65
91 17 15 23
50 72 38 41
29 61 34 14
15 24 75 25
48 38 16 34
81 54 28 35
44 87 61 83
81 94 21 75
61 53 25 51
56 57 49 12
43 23 87 71
19 13 65 54
41 38 38 55
77 91 53 31
59 51 34 10
16 88 58 35
80 80 74 44
74 21 18 52
90 55 30 21
65 32 96 18
46 58 67 10
39 71 90 43
50 62 51 30
99 39 36 51
39 13 17 49
65 61 27 27
81 79 15 29
19 56 37 48
59 38 32 75
16 59 49 12
63 14 69 21
18 64 21 87
87 28 60 49
68 88 26 16
65 35 52 91
92 24 10 78
86 82 73 60
79 40 61 45
75 69 64 84
32 69 13 58
41 26 50 98
37 95 92 55
45 25 27 61
40 22 36 79
10 86 48 53
36 24 29 78
60 66 54 77
88 71 57 94
32 65 98 28
48 36 79 65
60 10 35 96
90 91 26 26
18 73 22 22
22 33 50 60
62 85 73 20
93 49 82 26
66 23 63 82
20 30 49 82
80 34 80 41
27 27 60 28
80 25 97 89
65 39 62 23
48 88 16 81
18 28 83 30
87 15 22 18
64 26 72 55
76 64 68 49
23 75 17 37
84 47 47 10
76 33 42 84
76 60 44 93
46 43 28 33
57 93 60 82
14 29 36 24
47 44 34 97
27 73 71 67
97 84 95 61
98 82 63 74
28 90 32 63
76 28 74 31
63 30 17 35
73 97 100 12
58 63 60 36
10 44 78 72
56 65 96 73
99 30 82 18
47 19 97 18
54 66 70 68
82 52 15 82
66 34 40 60
10 72 19 48
83 13 76 33
52 50 64 95
99 41 79 42
35 23 62 78
26 91 30 87
93 17 57 61
55 17 46 49
95 39 62 96
17 37 12 16
24 25 78 96
13 29 46 96
19 90 52 54
62 37 25 61
35 40 81 92
52 24 40 47
43 36 11 78
13 95 50 13
21 30 27 68
93 96 43 83
65 75 22 54
17 67 31 47
34 62 10 33
98 71 66 39
15 98 27 52
92 29 32 86
37 88 58 99
26 50 58 63
20 31 56 59
11 86 73 10
39 71 41 65
73 69 74 39
33 31 15 15
37 96 68 50
69 84 68 16
66 21 42 90
25 26 34 43
58 90 30 65
33 72 70 85
45 71 90 54
79 83 21 85
85 15 79 11
47 47 10 45
36 79 76 63
38 54 34 32
31 60 72 75
43 56 82 86
83 75 37 83
49 76 73 65
63 11 73 21
56 68 48 80
60 94 70 66
72 25 48 57
80 36 72 57
78 27 18 61
27 94 64 22
61 98 90 68
45 11 87 12
33 31 82 69
62 21 91 74
28 53 76 28
57 36 51 37
34 10 51 56
44 88 37 57
82 23 42 70
65 93 18 82
57 83 59 11
84 76 79 21
73 39 25 62
82 36 22 31
80 54 38 38
12 31 38 53
91 50 82 62
49 94 71 69
78 89 97 32
78 38 88 96
98 61 65 43
31 39 54 63
16 81 33 63
36 70 69 67
25 97 14 17
61 75 39 74
94 87 87 39
82 18 50 36
29 85 12 65
11 63 49 43
73 14 17 89
93 27 40 67
61 10 74 20
79 47 33 99
96 40 29 70
45 44 81 89
43 92 69 18
91 79 75 61
50 36 57 49
36 97 43 68
57 47 87 22
39 57 82 95
41 14 74 17
55 71 42 52
88 22 27 59
19 30 90 61
63 76 41 26
28 21 72 58
77 30 54 54
40 67 62 79
52 72 37 40
14 51 52 86
13 95 99 65
82 13 57 42
44 64 43 48
49 32 82 51
34 26 29 95
71 49 74 81
13 73 88 12
18 24 60 68
98 58 98 88
57 85 81 51
50 91 14 71
67 84 19 10
20 20 97 69
82 85 71 86
77 44 45 36
72 77 75 12
55 17 45 98
29 64 90 41
25720 20190 15586 10178
44 22 88 99
74 54 10 68
53 57 60 34
29 22 21 22
89 52 92 16
58 85 77 99
33 59 32 97
36 20 92 63
57 56 34 21
83 47 44 80
88 88 42 30
19 48 19 21
80 75 49 20
100 34 14 69
89 72 53 77
13 55 93 97
85 16 24 87
78 16 26 38
68 91 88 22
61 91 48 36
36 46 25 45
22 80 26 23
19 63 50 90
90 21 43 38
15 65 66 49
44 100 64 63
93 64 95 28
26 39 61 98
47 13 16 10
23 74 12 67
17 94 62 14
11 89 81 69
86 68 63 53
71 41 87 64
23 23 61 100
94 30 13 97
39 23 72 21
59 73 93 72
37 69 34 67
35 86 75 16
14 54 31 50
38 29 27 67
45 60 61 98
76 24 55 38
33 17 64 69
38 81 53 20
96 70 86 52
94 16 35 93
15 66 92 38
74 43 67 20
41 14 99 40
23 73 64 87
30 58 37 41
86 25 16 84
36 34 47 19
67 51 39 12
78 30 21 86
98 32 26 54
33 100 69 60
89 22 93 92
68 47 89 93
20 15 66 50
34 30 16 67
33 60 68 96
58 49 26 72
43 10 80 16
80 86 58 74
62 21 23 56
39 76 38 68
27 33 96 59
98 73 18 71
32 84 93 28
56 16 32 19
56 27 83 90
79 16 67 98
93 76 58 85
64 84 69 12
72 43 85 95
84 45 98 13
91 41 58 21
24 77 62 69
67 14 37 23
72 59 45 90
13 70 44 46
12 92 68 83
46 41 85 70
81 50 54 37
100 52 19 55
39 80 44 63
56 24 60 99
96 43 82 34
85 30 56 23
52 22 70 97
34 49 74 57
37 96 53 99
33 26 68 28
52 75 24 45
53 45 67 61
99 58 36 95
68 50 91 58
100 92 69 66
66 12 51 63
54 74 11 49
37 45 12 43
61 39 86 43
10 89 44 84
29 55 17 38
57 99 41 59
26 30 100 44
61 43 19 48
86 25 45 94
47 12 100 60
18 76 21 14
60 65 61 94
97 48 54 51
72 59 38 50
43 73 38 89
13 33 71 97
69 78 82 83
94 49 19 84
28 87 51 79
84 66 20 71
17 49 22 13
96 56 41 42
18 61 16 78
85 65 84 39
29 19 96 56
19 36 85 95
64 83 24 84
11 54 78 34
89 76 19 55
38 72 43 31
85 80 60 55
48 67 36 36
55 20 86 85
22 87 74 14
20 24 84 48
92 52 46 91
29 53 25 17
81 17 90 54
95 64 68 94
82 83 56 48
25 87 60 70
15 82 63 51
75 86 49 24
67 67 70 56
26 94 38 13
63 35 92 25
86 89 26 78
31 19 71 68
27 51 16 56
64 93 39 81
94 77 79 62
91 95 55 89
100 55 54 64
20 72 12 16
57 53 80 68
38 54 48 83
19 57 76 55
100 39 26 31
64 67 89 62
41 45 39 70
56 28 66 63
74 17 50 41
58 86 69 22
52 51 60 26
27 38 67 64
99 34 49 64
76 44 47 85
51 95 88 87
87 24 14 51
46 93 69 98
64 48 77 34
40 73 47 92
79 96 26 19
77 89 95 40
72 70 11 88
67 44 22 57
38 48 48 23
65 80 52 63
55 36 54 51
28 75 77 73
58 61 60 50
58 83 74 24
58 66 86 17
58 63 12 64
65 78 70 24
62 20 100 19
23 44 18 24
69 83 31 59
37 39 58 64
11 43 33 57
20 79 92 37
65 83 11 49
76 82 36 12
31 47 75 43
21 13 55 64
88 18 88 74
78 65 57 21
20 77 54 34
99 47 32 51
65 55 81 62
46 35 71 19
49 86 60 31
100 76 80 18
84 45 95 37
12 72 34 94
63 96 27 74
98 59 33 11
14 56 38 63
52 61 63 44
52 72 75 89
60 75 10 21
40 71 50 98
95 42 24 59
79 44 48 35
85 56 86 41
88 16 40 26
10 43 33 71
71 75 17 71
12 67 40 28
93 92 20 91
85 34 58 86
28 24 44 82
63 48 44 77
82 13 94 54
66 98 53 100
90 78 18 44
24 88 36 51
87 51 34 33
95 97 85 63
74 30 45 40
77 34 66 47
88 11 56 59
28 27 55 40
10 42 12 12
16 81 67 40
37 60 55 99
72 36 23 70
46 85 77 23
64 79 50 80
29 75 78 24
36 49 83 41
85 38 61 69
25 88 77 53
44 53 12 60
48 57 26 88
44 85 13 54
81 48 17 36
61 40 42 59
27364 21963 16568 9827
80 72 62 65
24 87 20 77
53 17 70 57
40 91 60 52
58 40 87 71
57 24 47 25
23 22 57 95
39 67 16 78
84 77 95 54
36 58 72 87
22 18 56 36
94 70 15 13
85 94 33 85
12 64 91 72
57 35 87 12
36 36 21 94
18 34 79 32
17 16 73 25
78 51 67 61
23 86 79 68
15 60 45 21
23 70 11 60
60 94 37 26
62 83 86 16
16 72 96 46
83 38 33 30
66 44 40 28
64 60 31 88
20 74 26 77
69 32 73 64
96 66 45 82
94 66 24 91
77 30 80 74
17 32 73 27
29 81 85 40
68 68 14 50
35 93 30 16
16 71 73 26
75 90 31 16
97 79 79 99
70 27 72 14
53 69 86 39
92 31 12 64
97 53 20 95
80 80 86 78
21 28 65 55
50 59 16 78
26 81 56 37
34 47 40 41
45 78 42 93
95 100 75 41
41 97 45 45
71 71 33 50
35 81 30 82
67 61 98 29
70 74 100 16
30 93 46 14
20 84 11 22
40 80 65 24
52 16 43 18
91 87 38 28
83 26 24 81
54 25 58 90
55 41 91 97
87 87 75 41
16 36 54 94
98 61 32 18
83 27 66 42
49 72 80 93
34 28 56 77
79 73 78 83
22 58 76 36
84 28 93 74
37 80 90 12
91 14 85 49
22 47 14 33
90 79 73 27
50 55 64 93
81 19 90 97
77 44 61 17
46 39 35 62
31 84 57 84
31 84 90 94
39 74 11 70
18 13 85 11
23 92 35 66
99 39 39 58
20 44 58 95
41 60 56 39
81 35 35 55
91 27 95 24
83 12 35 75
81 33 58 31
10 64 27 97
37 77 20 17
94 39 23 34
97 37 44 15
10 46 94 74
90 90 99 74
65 54 32 33
90 65 72 95
10 25 10 89
89 57 59 36
37 38 88 63
15 81 41 58
21 18 53 50
88 51 15 19
39 30 65 22
11 24 59 47
53 11 21 84
16 39 30 89
43 27 45 69
23 55 12 62
36 29 33 66
44 65 26 70
71 95 41 80
75 65 87 48
96 82 88 87
100 46 53 31
85 97 56 16
17 60 100 49
66 53 92 35
85 17 11 57
23 66 47 67
58 75 26 81
53 63 27 13
98 13 97 37
88 52 61 26
59 39 12 49
64 42 10 52
64 51 16 21
51 10 78 85
68 99 97 91
14 32 97 87
83 89 11 34
60 50 32 61
45 89 97 96
48 19 65 77
25 98 100 91
82 59 97 82
25 88 46 94
19 55 44 42
40 65 25 10
98 88 87 54
42 45 55 88
99 43 32 72
89 15 13 85
36 61 70 33
97 89 13 86
83 21 16 57
70 34 56 32
10 42 71 85
89 97 34 86
79 56 48 28
98 44 20 22
25 56 29 16
27 68 90 34
86 40 87 22
29 78 68 47
69 27 14 19
71 78 13 41
45 99 28 76
92 79 94 44
40 21 13 38
75 39 21 51
16 39 86 63
35 40 15 34
32 23 41 49
59 41 54 64
45 19 80 75
92 59 63 55
39 31 76 95
18 33 78 33
90 22 27 44
25 45 51 24
49 32 16 38
64 22 74 29
56 20 97 70
64 79 22 64
51 69 38 54
74 46 72 21
44 61 20 87
99 41 60 61
11 58 100 21
59 85 51 76
92 69 95 78
17 18 50 13
29 33 43 55
67 15 93 48
67 61 62 100
90 35 100 49
18 71 78 83
37 91 15 13
95 41 70 79
21 20 31 82
81 10 10 38
29 66 23 71
23 100 65 74
35 23 19 92
11 44 76 89
50 10 57 98
15 76 94 96
78 57 28 93
91 29 78 10
70 52 38 64
75 29 64 46
97 87 15 68
34 29 88 90
96 96 38 33
70 18 96 100
19 93 98 53
34 45 69 56
38 35 34 61
92 62 14 28
77 22 100 34
69 78 89 20
12 89 40 38
79 76 44 90
60 14 28 46
56 96 58 65
78 72 31 86
40 45 65 47
47 32 86 67
94 46 30 56
93 55 22 68
71 38 56 100
43 40 71 10
14 59 98 94
72 91 31 80
31 31 54 18
64 66 73 76
42 90 68 35
57 66 89 20
94 69 10 80
25 64 86 72
23 97 95 11
87 75 77 35
14 71 98 37
37 34 80 94
82 89 33 92
83 80 18 73
25 37 59 83
17 70 40 67
96 11 37 23
52 16 23 33
13 36 53 25
47 46 70 96
17 100 58 15
53 85 79 36
20 73 38 86
25819 20895 14821 10878
63 91 70 24
92 76 65 45
91 69 57 98
86 54 88 44
84 75 81 42
36 99 45 76
94 96 78 14
27 65 24 68
25 37 68 65
91 55 74 87
72 71 12 24
31 39 61 99
72 100 28 10
69 71 62 93
80 26 26 85
65 43 21 34
44 51 13 55
94 29 20 58
86 48 48 32
55 30 83 96
52 42 89 97
65 99 81 17
65 37 88 56
24 69 29 97
64 10 50 13
28 94 18 40
25 85 25 52
90 12 91 10
74 80 27 18
23 24 50 100
92 55 56 41
61 81 21 57
90 14 33 47
96 98 89 82
33 89 85 25
40 27 21 24
70 41 81 59
85 82 87 43
85 32 85 56
72 28 15 20
34 47 22 61
54 15 34 51
56 16 35 10
31 80 78 31
18 56 53 85
51 60 57 27
77 27 32 42
57 52 98 19
81 14 70 88
23 58 78 57
15 50 37 68
76 91 59 95
34 59 60 70
73 42 68 70
80 52 51 90
95 79 52 25
17 54 93 76
44 76 72 62
28 62 55 16
92 28 83 55
35 52 97 32
37 46 65 75
64 15 97 35
42 95 65 33
21 53 23 73
60 24 13 34
52 28 88 71
23 32 60 67
74 83 38 51
78 90 24 36
70 70 50 75
63 46 94 16
59 100 37 57
89 72 32 85
31 32 94 51
42 65 62 39
43 27 59 10
87 24 26 69
100 84 99 30
28 62 58 47
90 31 43 65
34 73 16 75
42 28 69 57
29 11 22 35
64 74 49 72
77 38 71 88
97 47 25 30
97 60 70 92
48 97 62 11
99 49 63 35
72 51 53 78
13 20 37 68
25 66 97 34
76 72 87 76
79 58 20 72
37 87 76 98
81 22 100 86
44 53 69 27
89 79 36 44
97 34 53 22
73 50 82 78
21 36 54 66
58 36 13 52
30 63 37 71
80 92 73 59
98 70 64 90
34 48 13 18
81 56 28 24
51 12 40 56
27 94 14 82
83 28 76 80
85 96 79 40
29 79 71 55
29 30 29 81
91 65 78 77
99 41 54 92
23 61 42 10
79 45 46 67
15 33 56 13
78 74 85 14
15 15 69 55
63 13 79 31
22 92 85 59
21 92 14 84
60 77 55 32
49 77 25 71
96 41 60 18
81 54 39 49
47 73 22 100
61 96 99 29
58 70 40 31
10 35 83 52
43 87 32 12
24 58 68 66
11 18 71 46
33 24 57 44
98 98 66 95
30 45 54 33
49 93 21 46
71 91 50 71
87 30 69 13
82 95 23 34
29 77 81 38
53 84 43 12
63 47 45 25
27 46 72 99
48 40 66 40
29 61 60 43
82 68 32 85
50 47 15 73
80 68 26 58
21 38 53 65
38 12 21 85
81 23 42 37
48 49 18 36
52 85 71 91
50 65 95 90
34 14 86 30
74 58 72 90
91 64 89 49
61 30 41 61
58 48 13 61
44 72 93 19
27 78 81 26
50 81 85 18
87 44 43 96
51 83 60 45
91 32 62 100
69 83 96 100
71 78 78 46
52 53 80 63
48 98 83 44
13 82 42 37
46 86 81 91
12 28 18 42
22 84 100 82
12 27 20 60
78 27 54 78
12 51 75 69
44 60 38 91
45 24 59 10
56 34 87 41
26 17 49 83
41 10 100 14
98 64 45 91
57 34 83 37
58 25 34 65
80 39 72 62
62 93 49 22
50 41 50 41
76 77 92 56
20 12 50 30
28 49 86 36
49 42 97 86
96 24 90 56
34 72 26 79
43 22 46 83
29 28 78 94
56 82 13 37
100 20 32 18
45 69 84 94
23 29 60 62
48 65 37 56
33 80 56 70
91 71 28 32
91 50 62 51
66 94 40 71
85 81 85 40
16 47 89 66
20 98 70 68
34 49 68 32
28 57 57 95
27 67 75 67
97 58 38 42
50 29 92 20
22 32 48 27
45 32 95 69
34 57 59 74
45 26 51 36
41 79 64 19
80 16 42 22
96 46 39 47
34 38 47 58
63 44 68 16
52 72 18 25
90 12 57 58
77 83 60 48
10 27 60 39
41 41 43 63
86 42 80 51
94 39 53 24
50 24 62 36
72 56 57 27
29 69 87 67
47 81 54 37
97 75 76 55
66 39 19 36
59 64 43 54
100 74 75 80
59 31 37 28
86 24 18 62
59 76 40 21
64 71 74 72
39 97 64 48
91 84 77 34
57 65 96 66
33 17 91 86
71 15 53 77
40 26 39 61
97 18 21 16
27179 20583 16917 10731
77 85 63 86
10 70 90 54
57 37 95 28
78 36 77 89
30 54 100 80
42 30 55 31
68 20 48 19
76 37 68 57
13 92 86 61
33 16 20 42
28 78 74 34
63 33 63 90
33 19 72 36
58 54 18 13
18 47 38 20
94 93 66 24
62 35 13 91
49 68 37 50
19 19 80 45
88 28 56 28
16 39 97 55
17 56 37 53
19 90 64 92
59 18 79 45
89 92 82 89
30 70 28 66
88 76 34 45
76 10 89 15
40 80 100 73
11 66 33 46
56 71 94 11
100 77 62 86
73 70 18 42
100 62 96 80
74 22 76 45
36 23 58 70
11 100 31 95
33 16 51 30
36 29 93 44
43 48 33 61
13 69 50 28
35 14 75 31
73 11 65 13
84 61 32 61
80 73 62 40
11 11 49 78
98 18 22 25
40 92 98 39
23 41 40 84
89 21 23 34
99 74 13 18
48 89 18 43
18 96 92 72
15 11 11 50
57 20 76 45
69 40 86 89
49 47 52 98
74 21 51 42
55 32 93 87
19 15 49 62
12 18 94 19
36 42 82 42
44 14 30 17
61 55 76 20
63 67 72 42
13 25 99 65
43 73 41 82
93 41 61 31
73 82 19 49
36 63 11 77
32 20 39 76
20 67 59 87
44 11 58 48
14 70 79 93
71 60 61 14
98 58 53 77
59 59 83 91
37 67 46 60
31 15 20 42
33 64 28 90
58 23 88 72
63 50 98 83
21 66 24 79
74 50 64 55
71 85 58 82
75 69 21 40
67 98 56 29
51 67 20 45
62 92 97 57
59 80 80 39
92 36 80 35
65 55 82 31
11 33 19 100
80 39 46 85
100 35 87 42
78 34 39 37
13 94 71 54
100 53 99 70
27 70 42 90
53 43 33 95
67 12 79 63
59 60 18 32
91 13 48 47
32 56 64 72
71 62 21 72
44 13 97 97
10 48 23 60
96 75 92 88
50 41 39 68
54 90 15 38
31 84 64 77
34 16 15 40
100 51 93 68
78 33 48 28
51 94 84 68
29 20 10 92
55 96 91 41
45 37 15 27
67 90 98 24
31 56 49 50
32 47 66 96
84 29 27 95
75 76 99 32
39 89 31 43
44 67 15 58
40 72 66 90
48 41 12 52
70 52 79 58
69 65 35 35
89 81 31 94
56 91 22 87
72 50 57 73
35 40 15 97
25 98 14 12
89 85 93 26
14 20 74 86
63 35 82 78
71 50 87 80
24 17 14 74
92 34 83 92
17 57 82 26
100 91 65 14
94 10 14 11
30 27 97 50
22 56 24 87
18 59 48 47
12 68 63 60
38 73 73 92
30 35 24 15
86 64 33 98
31 36 92 91
39 49 65 55
69 77 33 82
99 51 47 50
90 83 62 50
22 50 98 72
16 16 78 34
30 58 52 33
29 56 71 78
30 63 41 24
44 37 48 46
64 99 17 25
72 78 33 18
99 25 12 37
23 23 99 56
43 95 35 10
81 72 98 99
76 24 22 33
40 56 72 52
81 94 74 42
61 67 93 30
91 10 11 55
36 36 77 14
97 56 55 15
71 30 39 76
34 82 44 86
78 97 59 96
70 85 46 45
91 97 53 26
54 35 78 61
37 50 15 49
49 56 41 17
26 41 46 51
63 97 92 88
64 33 63 83
54 30 19 46
35 55 20 60
18 80 12 71
26 46 81 53
61 95 72 55
62 27 18 42
91 95 100 42
39 24 84 47
82 96 91 50
68 16 63 67
73 21 51 94
13 20 59 65
44 57 86 23
41 66 92 22
42 62 50 47
75 52 85 31
49 64 44 48
57 34 57 95
54 53 21 50
71 99 75 92
94 58 74 97
53 19 14 24
25 16 82 72
98 31 74 30
59 79 50 57
79 84 87 39
100 32 45 92
90 75 10 31
34 68 22 54
63 77 65 90
67 57 53 42
54 84 19 73
50 32 56 33
31 54 100 83
75 82 10 70
88 45 85 75
71 30 15 67
70 14 31 15
13 76 62 21
17 33 59 94
17 37 96 99
25 31 24 30
29 92 33 41
48 63 70 23
97 24 44 75
90 100 24 87
56 22 27 24
63 99 62 48
76 96 33 69
40 34 40 32
49 19 74 40
99 24 28 43
64 80 65 22
26 85 39 73
83 39 98 27
58 85 27 31
11 69 65 43
79 60 91 26
64 36 81 22
46 70 90 84
20 80 96 92
21 58 40 54
79 59 76 86
59 30 13 10
96 30 92 21
25273 20680 14587 10279
79 66 44 12
81 61 29 95
21 18 58 90
13 41 74 100
72 54 17 10
32 69 26 74
68 19 67 16
74 96 90 31
75 81 12 80
47 64 58 20
42 17 11 35
58 11 64 83
25 86 18 64
11 25 83 72
94 21 20 49
11 85 100 24
11 29 68 39
14 77 86 83
23 34 28 40
18 66 14 42
54 48 81 57
14 98 55 88
52 57 23 44
51 89 69 68
64 53 35 62
40 26 24 17
55 57 10 80
58 32 72 24
75 92 65 70
99 65 25 31
70 50 66 27
100 85 28 100
55 100 19 96
86 25 27 82
30 69 16 85
22 81 43 18
94 97 60 94
17 13 40 18
91 53 71 43
42 92 59 25
39 51 33 21
43 87 91 40
31 52 34 19
61 20 22 41
52 80 79 94
97 61 57 12
80 55 44 96
20 42 75 33
66 76 29 18
50 34 34 75
55 89 65 32
46 64 52 84
68 75 69 72
11 16 99 46
86 53 99 21
27 46 45 21
47 63 24 66
71 88 50 25
77 31 81 13
89 18 95 21
12 84 45 26
74 23 77 23
44 23 82 47
89 17 29 34
76 98 96 69
57 78 33 13
16 35 21 75
77 17 85 94
48 78 34 50
47 14 57 38
45 53 71 86
73 26 47 86
42 41 89 98
99 23 63 62
97 78 73 39
87 74 28 44
68 30 60 20
80 35 100 14
44 82 66 30
26 74 20 38
45 93 56 60
45 90 91 34
50 54 91 96
52 21 78 37
48 14 26 53
66 63 84 54
99 71 40 45
71 20 54 34
55 97 77 50
76 25 55 49
56 10 86 43
69 79 75 67
75 40 96 99
85 54 94 60
54 70 75 94
62 69 25 33
21 34 99 63
21 83 60 99
30 34 21 58
49 77 47 46
100 15 55 53
18 60 54 33
71 63 87 36
41 76 92 14
17 89 73 43
33 96 85 15
52 31 90 28
11 28 31 75
29 13 43 15
32 79 46 82
85 13 43 82
23 48 36 45
27 56 75 79
91 65 25 98
73 64 36 80
12 65 21 37
92 11 85 39
32 26 81 67
80 77 35 45
23 77 72 27
96 56 74 13
95 48 51 57
39 24 34 92
61 43 45 10
34 95 52 39
86 31 96 54
47 68 48 32
25 66 34 78
66 36 79 61
36 92 32 37
28 45 43 50
22 90 89 85
15 24 73 48
68 29 70 11
72 17 44 21
59 63 21 10
23 29 96 43
71 53 14 35
95 60 34 27
10 28 34 37
62 27 66 70
74 93 81 50
81 45 41 70
59 74 96 57
23 45 42 32
34 84 69 93
57 88 45 33
90 15 55 37
20 69 22 39
13 61 13 88
64 23 36 47
70 96 13 15
77 42 21 84
29 14 92 65
52 67 48 75
51 97 95 58
75 61 96 26
68 13 54 98
17 86 89 90
12 67 90 68
26 100 79 13
62 14 70 87
66 24 84 22
67 45 97 21
28 25 36 55
48 33 16 32
45 41 32 67
79 97 92 45
35 100 20 58
41 21 73 98
21 87 35 43
13 74 16 69
12 51 23 68
12 17 45 59
19 33 27 64
91 62 76 21
23 91 20 49
96 76 19 59
57 26 58 19
86 97 52 78
89 10 17 41
22 52 27 98
62 20 65 31
76 73 65 83
43 16 83 47
75 17 23 12
29 43 65 76
33 91 49 44
96 90 81 60
73 84 52 95
85 37 11 61
67 100 48 75
99 15 98 34
30 97 100 69
27 68 64 68
14 42 86 73
62 11 39 21
39 69 69 55
49 81 92 64
10 85 95 90
23 63 18 32
25 16 20 34
48 20 22 36
30 30 90 35
77 32 46 53
24 47 50 65
10 68 77 13
88 84 23 25
43 71 92 88
78 69 56 24
42 99 51 46
18 77 28 80
58 30 75 89
60 91 35 48
50 69 65 53
89 55 85 61
15 47 40 75
100 29 92 75
33 58 54 74
33 56 47 79
88 31 43 66
45 82 23 59
11 92 76 61
31 27 67 13
15 41 49 60
77 58 15 17
33 98 69 80
44 23 25 25
79 48 54 50
82 59 16 59
65 55 95 60
53 53 97 30
16 79 81 98
36 22 27 87
88 90 96 46
87 13 19 82
35 76 97 29
61 71 62 29
30 90 96 34
37 94 34 69
73 46 95 27
94 72 91 26
58 39 85 83
31 57 52 73
89 100 58 80
70 94 25 35
45 21 86 42
40 76 93 65
95 14 20 30
60 28 44 67
27716 21993 15658 9130
24 83 22 49
74 99 27 87
27 21 97 39
40 52 28 91
49 73 90 23
32 24 60 14
53 92 33 60
40 90 57 12
75 85 69 95
85 76 30 55
56 46 12 26
73 89 22 28
86 50 85 39
66 39 90 28
80 42 83 23
17 60 61 23
43 67 94 36
82 15 96 49
39 72 88 86
27 27 99 77
13 27 98 73
23 79 20 41
72 42 47 38
15 44 70 96
43 64 69 48
44 54 13 80
23 47 46 18
76 62 62 80
21 59 37 35
65 87 80 12
48 42 56 74
96 45 53 55
55 11 14 98
28 21 32 57
84 25 57 90
33 10 36 35
91 33 36 66
51 87 57 75
14 95 33 46
16 93 38 32
61 93 56 25
75 62 94 45
71 26 12 53
26 24 18 40
26 40 41 87
84 34 73 28
91 71 73 94
16 98 58 37
34 64 57 49
25 85 37 93
51 73 52 70
87 76 27 50
19 88 80 10
49 30 24 30
99 27 49 58
20 12 30 22
80 49 98 17
58 67 53 49
24 23 30 88
78 79 37 79
70 74 20 42
53 14 97 45
27 88 95 74
47 40 26 76
54 42 14 87
62 77 33 52
32 70 64 30
16 52 87 51
25 41 97 81
12 68 69 42
59 82 89 40
93 55 72 63
62 45 37 51
97 32 43 64
48 97 90 94
69 52 69 73
25 16 27 26
41 42 34 91
16 88 18 72
55 39 47 69
53 41 93 82
78 75 91 92
35 83 72 58
75 64 37 69
26 10 29 100
25 18 26 47
18 25 65 22
72 29 79 15
49 30 47 72
95 33 50 24
44 32 13 44
16 83 51 19
89 49 94 73
92 65 74 80
61 91 97 74
100 90 64 31
81 60 75 16
17 10 12 66
95 30 65 62
10 90 67 93
33 93 41 32
33 94 73 73
76 66 40 16
89 88 81 97
72 62 25 47
58 94 36 66
50 80 95 79
35 100 11 44
44 33 96 96
16 25 37 34
62 11 99 86
40 19 83 91
79 33 24 80
53 63 66 30
16 90 10 85
28 52 77 47
67 100 51 16
64 30 76 10
83 10 43 79
86 76 78 22
22 42 96 12
90 16 51 88
19 56 37 10
18 45 83 47
52 67 29 85
32 76 60 31
68 78 42 69
47 76 28 97
99 78 54 49
28 16 53 26
88 24 72 50
85 90 19 37
38 37 41 45
17 29 63 94
45 85 80 90
63 22 48 76
81 25 60 74
52 19 41 52
45 43 34 73
72 62 81 75
92 73 23 33
56 19 78 99
70 86 82 53
10 35 14 100
28 88 82 71
29 70 93 62
84 15 82 90
11 15 36 40
60 17 75 98
78 62 83 64
13 58 97 37
55 81 54 80
72 59 22 94
88 18 67 32
84 36 13 93
70 31 92 47
46 15 77 77
55 15 45 62
58 39 28 75
93 14 100 68
52 40 26 68
44 64 59 26
74 59 17 26
26 82 13 28
57 68 99 95
73 95 73 14
72 65 47 14
13 75 21 82
31 78 13 88
86 82 59 30
31 29 31 99
45 42 13 64
92 91 93 44
78 73 66 83
51 51 86 51
43 65 39 21
91 55 92 81
18 32 55 95
95 66 84 61
98 11 95 99
55 96 81 51
33 92 34 54
97 25 73 33
96 71 88 22
78 73 40 83
96 24 19 94
16 41 12 60
76 55 28 87
57 20 17 19
13 72 52 79
69 26 24 98
47 56 77 53
85 33 31 19
41 62 35 24
18 85 50 91
87 62 69 41
38 23 47 50
91 45 15 91
63 37 43 84
38 20 92 74
88 10 57 83
99 60 56 15
41 77 59 71
100 50 89 72
31 21 83 94
34 44 59 62
90 97 89 26
49 32 17 62
41 92 46 80
58 24 93 13
32 52 62 64
36 42 94 59
47 48 18 73
61 44 91 50
16 96 86 61
31 54 73 81
24 51 89 81
23 30 83 38
88 65 82 46
45 50 47 53
70 97 80 92
93 97 11 34
57 13 84 43
54 55 25 72
86 89 63 81
32 13 38 20
77 38 49 74
41 67 68 99
36 47 13 25
52 28 22 41
27 95 79 64
43 18 100 57
85 37 51 34
12 21 20 58
63 64 20 38
32 16 31 38
37 45 32 17
55 68 36 14
52 31 35 18
47 56 57 22
46 44 87 95
46 70 42 93
27 34 39 95
80 33 17 28
93 55 44 95
11 70 78 34
18 71 25 29
34 68 40 80
68 36 72 10
72 44 100 63
25615 19560 15413 10191
26 72 10 29
16 80 62 27
45 50 97 35
72 55 49 27
35 18 10 80
72 59 46 23
40 60 46 77
37 17 15 87
66 34 83 15
81 12 14 66
97 86 70 55
71 47 15 62
10 58 95 43
82 86 99 26
79 88 44 62
51 79 79 13
53 76 90 34
12 51 67 76
74 98 73 27
37 82 47 94
76 48 80 96
66 47 77 68
95 24 91 28
15 77 77 74
100 63 16 68
95 73 35 62
13 68 64 63
61 95 95 83
96 21 61 41
67 11 61 76
87 18 48 44
89 63 82 29
24 57 40 26
24 70 62 77
28 24 45 36
52 13 46 87
51 52 83 20
30 59 15 23
38 86 98 78
44 11 52 25
11 18 78 74
11 18 36 58
57 16 80 85
40 19 81 85
44 33 91 88
57 35 61 74
56 51 55 28
45 69 14 17
76 41 15 25
99 21 37 23
19 90 23 54
59 13 72 24
64 20 64 15
38 10 97 49
51 19 93 47
79 13 13 66
86 95 88 24
76 68 66 70
35 55 22 73
21 15 86 67
15 28 59 50
62 40 84 72
29 64 14 21
73 16 49 76
57 51 51 97
87 80 64 75
33 53 43 39
40 51 13 45
89 61 31 35
96 25 78 53
83 22 59 77
65 69 79 50
71 71 52 90
100 69 12 34
54 67 69 65
73 38 10 91
78 55 74 25
21 24 24 100
82 57 58 69
81 55 38 98
40 81 45 57
38 52 29 94
68 15 63 11
90 99 90 62
21 34 66 25
82 66 77 15
20 18 34 72
96 58 10 84
70 46 40 32
17 90 38 55
48 61 16 32
63 62 72 100
43 93 79 13
76 11 65 50
88 44 14 10
34 19 33 47
64 77 73 100
87 98 92 86
50 93 92 17
55 25 46 33
23 51 69 22
77 15 11 15
86 95 98 53
80 40 21 83
45 60 25 81
50 15 92 10
19 71 83 91
22 18 56 56
81 13 84 66
97 48 16 80
92 16 25 63
73 80 84 41
80 11 73 52
33 20 29 94
41 67 20 43
24 49 37 74
30 39 23 91
13 96 58 64
60 81 83 72
57 16 94 79
40 41 70 92
96 62 81 20
52 75 14 36
88 94 46 37
66 31 21 38
56 54 25 69
96 48 23 63
94 12 91 97
88 70 84 61
11 49 54 93
96 80 66 60
36 50 31 34
21 54 29 25
17 87 42 87
41 95 73 14
28 40 21 66
28 49 26 42
60 65 39 50
30 88 28 60
24 87 63 99
84 78 54 18
96 60 53 91
32 63 38 24
20 47 100 87
32 84 97 81
95 56 18 28
59 49 43 40
93 37 74 62
60 39 49 99
31 48 92 85
70 46 39 22
88 32 14 88
76 16 17 84
100 41 30 72
30 33 57 90
31 58 47 57
67 58 21 39
75 43 99 55
55 53 73 14
58 84 81 27
13 80 80 23
16 50 32 15
35 12 21 93
74 11 86 85
31 40 79 59
53 74 14 84
71 93 99 64
35 14 82 82
57 98 28 84
44 93 36 61
73 97 49 98
69 54 45 36
58 14 98 36
69 50 52 92
80 47 65 36
31 37 62 14
79 99 11 71
40 30 78 76
32 65 82 20
66 52 53 14
28 16 22 40
84 99 78 24
15 22 56 21
83 97 81 11
80 20 68 81
64 67 48 25
14 94 43 85
79 43 51 40
15 18 87 20
58 74 50 72
95 53 42 75
70 23 16 19
30 62 56 85
71 45 61 43
10 42 71 25
53 38 58 74
68 86 93 67
23 12 88 28
16 61 79 20
100 37 92 97
54 27 68 24
91 24 46 65
42 92 86 66
17 96 51 10
75 36 76 52
80 86 54 77
68 49 41 28
85 61 21 25
59 84 77 81
80 88 62 67
83 87 70 24
12 96 14 45
64 95 46 40
55 88 82 53
84 18 36 74
67 51 17 15
48 87 63 86
25 49 76 51
43 42 71 66
13 19 42 59
11 77 41 60
92 60 23 77
54 100 37 75
33 47 31 11
57 20 50 58
37 62 23 20
38 27 100 37
75 70 68 21
33 89 29 59
52 53 92 35
45 73 55 93
57 75 90 30
16 41 26 24
96 84 41 95
67 64 19 55
63 23 89 56
96 23 49 90
23 48 33 99
97 22 47 38
58 68 52 76
66 55 80 59
33 33 19 77
19 48 47 51
71 76 52 12
62 14 42 59
56 93 14 60
23 12 73 14
48 70 19 57
56 67 78 50
39 26 67 53
25897 20627 16458 10003
33 56 17 88
35 89 60 62
47 64 59 18
16 84 39 30
75 35 83 86
27 37 12 31
80 77 53 46
28 70 79 61
100 22 83 80
75 25 96 58
56 90 13 14
57 10 67 24
49 11 18 56
54 34 86 85
83 71 71 47
52 69 22 66
98 57 51 30
52 11 66 58
88 57 49 33
32 26 98 17
82 41 77 65
25 27 94 18
14 45 22 12
27 99 50 20
70 53 71 27
84 60 11 38
56 53 27 68
61 20 31 61
69 37 64 87
89 48 99 14
61 35 76 42
90 39 93 82
63 40 74 38
88 67 21 49
65 90 67 60
91 44 19 28
11 80 21 73
27 26 81 86
43 89 57 59
28 47 26 59
35 50 52 61
72 92 87 49
52 44 33 77
30 30 22 54
16 16 80 89
48 21 33 90
85 36 16 63
74 62 46 78
49 83 75 45
21 24 47 36
38 47 71 29
72 63 80 95
35 39 31 92
69 29 42 88
13 56 65 75
71 79 100 97
32 36 51 60
92 55 93 70
12 34 88 69
87 23 90 14
35 25 82 97
82 56 26 67
77 56 16 73
40 46 89 64
29 53 58 41
75 82 68 46
11 19 66 88
36 12 68 65
72 39 97 45
48 56 35 97
93 62 10 83
32 60 36 63
54 59 70 72
69 100 86 33
45 36 84 56
52 63 88 99
75 76 27 79
63 74 95 24
44 80 75 95
93 83 26 52
85 32 27 18
97 63 11 75
62 71 50 13
75 23 17 38
50 10 26 35
67 56 13 57
22 63 12 35
22 20 88 71
12 13 31 10
68 41 52 23
61 19 13 79
71 96 74 100
41 24 13 73
30 29 54 88
80 68 77 58
33 13 18 28
38 13 90 38
61 99 12 24
88 37 18 65
19 75 72 50
27 72 100 13
74 26 13 11
31 91 97 45
85 79 48 26
60 36 10 21
79 51 60 28
10 20 86 54
34 50 33 80
17 80 70 95
24 41 23 72
91 67 49 79
18 27 26 10
53 43 46 77
18 68 27 44
33 55 16 83
96 17 54 15
22 51 87 29
11 46 35 10
96 72 85 62
68 17 82 88
64 24 24 48
77 64 12 82
29 13 93 56
19 14 80 31
92 93 42 55
83 97 82 21
53 60 15 73
91 26 38 30
81 100 69 36
24 88 53 52
68 31 32 32
16 23 70 61
42 75 77 19
99 94 100 49
26 85 47 56
91 95 93 35
11 75 16 21
39 75 31 55
83 28 72 59
90 37 70 12
63 96 78 93
41 86 76 46
32 71 57 74
79 64 93 72
49 45 39 73
45 58 10 26
17 60 81 33
36 62 43 99
58 87 67 42
18 76 72 96
71 64 56 90
74 98 98 70
71 85 36 11
22 59 25 72
68 16 34 54
20 63 55 75
44 39 10 92
41 37 53 99
76 73 87 10
45 78 58 21
32 38 42 98
62 42 51 54
81 56 15 11
95 35 97 81
62 84 87 15
94 17 98 58
18 34 16 85
57 19 18 52
30 59 60 15
42 14 19 95
21 74 22 43
91 74 18 80
79 94 10 79
94 64 47 64
81 74 97 61
19 83 72 43
28 52 97 65
82 19 24 72
96 30 57 38
23 52 95 13
44 16 100 97
82 65 87 89
54 50 37 23
70 87 76 59
80 56 39 98
43 92 83 88
61 91 82 18
85 26 75 53
44 37 46 74
64 97 72 61
15 94 69 66
11 74 61 71
75 16 72 54
43 86 27 54
71 34 29 34
45 79 92 55
71 58 16 98
94 24 43 82
60 57 84 45
50 13 46 12
53 98 90 94
41 18 88 79
97 53 84 25
97 27 38 41
53 98 32 34
12 37 72 32
73 13 66 47
98 35 20 87
12 95 19 100
14 46 67 92
55 13 17 59
17 98 18 14
31 98 72 62
74 94 54 81
50 54 97 24
60 76 71 19
87 97 12 48
70 49 21 70
22 41 42 97
35 46 83 93
26 72 18 31
99 75 63 36
56 65 73 35
100 33 84 11
23 33 72 83
23 65 80 34
46 90 44 47
68 81 93 96
36 14 47 41
90 42 53 12
25 98 80 100
71 58 58 47
54 47 90 27
17 26 66 62
50 50 44 42
45 24 74 49
31 91 49 98
47 84 60 35
24 98 54 60
78 36 25 59
51 40 39 96
29 90 15 61
59 25 88 87
40 10 63 26
20 83 32 66
21 34 97 23
32 63 32 58
84 22 75 21
97 36 13 42
13 94 87 99
